"기준_년_코드","기준_분기_코드","상권_구분_코드","상권_구분_코드_명","상권_코드","상권_코드_명","총_직장_인구_수","남성_직장_인구_수","여성_직장_인구_수","연령대_10_직장_인구_수","연령대_20_직장_인구_수","연령대_30_직장_인구_수","연령대_40_직장_인구_수","연령대_50_직장_인구_수","연령대_60_이상_직장_인구_수","남성연령대_10_직장_인구_수","남성연령대_20_직장_인구_수","남성연령대_30_직장_인구_수","남성연령대_40_직장_인구_수","남성연령대_50_직장_인구_수","남성연령대_60_이상_직장_인구_수","여성연령대_10_직장_인구_수","여성연령대_20_직장_인구_수","여성연령대_30_직장_인구_수","여성연령대_40_직장_인구_수","여성연령대_50_직장_인구_수","여성연령대_60_이상_직장_인구_수"
"2021","2","A","골목상권","1000486","숭문8길","2735","1664","1071","0","255","423","605","849","603","0","76","246","380","560","402","0","179","177","225","289","201"
"2021","2","A","골목상권","1000386","한글비석로22길","1955","947","1008","7","220","393","505","492","338","2","81","195","259","208","202","5","139","198","246","284","136"
"2021","2","A","골목상권","1000601","초록마을로8길","1780","1021","759","8","205","404","487","444","232","6","98","257","294","223","143","2","107","147","193","221","89"
"2021","2","A","골목상권","1000858","방배천로4안길","6670","3345","3325","11","1175","1741","1631","1195","917","3","392","798","816","709","627","8","783","943","815","486","290"
"2021","2","A","골목상권","1000907","도산대로30길","21588","11934","9654","79","5733","6495","4898","2782","1601","22","2154","3473","3199","1902","1184","57","3579","3022","1699","880","417"
"2021","2","A","골목상권","1000259","용마산로94길","1479","1008","471","1","135","212","335","428","368","0","46","122","218","335","287","1","89","90","117","93","81"
"2021","2","A","골목상권","1000957","송이로36길","5749","3648","2101","10","864","1367","1427","1263","818","5","510","914","930","680","609","5","354","453","497","583","209"
"2021","2","A","골목상권","1000983","성내로5길","16714","12021","4693","34","1884","5324","4452","3456","1564","14","1096","3858","3287","2564","1202","20","788","1466","1165","892","362"
"2021","2","A","골목상권","1000982","상일로5길","919","604","315","0","106","183","229","254","147","0","47","119","155","173","110","0","59","64","74","81","37"
"2021","2","A","골목상권","1000041","장충단로8길","11253","6178","5075","32","1960","3119","3017","2360","765","5","686","1825","1809","1370","483","27","1274","1294","1208","990","282"
"2021","2","A","골목상권","1000058","백범로90길","5637","3729","1908","38","1004","1627","1387","992","589","23","564","1101","985","658","398","15","440","526","402","334","191"
"2021","2","A","골목상권","1000267","돌곶이로8길","1501","991","510","3","168","348","339","377","266","0","78","211","198","280","224","3","90","137","141","97","42"
"2021","2","A","골목상권","1000327","삼각산로28길","4686","2178","2508","9","400","813","913","1212","1339","8","129","336","409","677","619","1","271","477","504","535","720"
"2021","2","A","골목상권","1000806","대학길","2550","2069","481","3","369","588","728","612","250","1","250","467","625","522","204","2","119","121","103","90","46"
"2021","2","A","골목상권","1000503","월드컵로7길","4418","2232","2186","10","765","1063","1090","828","662","5","284","491","597","448","407","5","481","572","493","380","255"
"2021","2","A","골목상권","1000712","선유서로25길","5139","3803","1336","16","639","1291","1234","1015","944","8","380","982","931","738","764","8","259","309","303","277","180"
"2021","2","A","골목상권","1000796","남부순환로151길","4734","3287","1447","6","738","1345","1363","927","355","4","350","948","1065","664","256","2","388","397","298","263","99"
"2021","2","A","골목상권","1000925","선릉로132길","14797","8337","6460","62","2966","4134","3407","2601","1627","22","1265","2422","2118","1486","1024","40","1701","1712","1289","1115","603"
"2021","2","A","골목상권","1000974","동남로65길","862","441","421","1","73","196","209","284","99","1","32","75","97","157","79","0","41","121","112","127","20"
"2021","2","A","골목상권","1000671","시흥대로120길","2685","1613","1072","5","314","444","570","715","637","2","180","268","334","415","414","3","134","176","236","300","223"
"2021","2","A","골목상권","1000664","독산로70길","1667","951","716","1","164","263","322","430","487","0","89","139","159","241","323","1","75","124","163","189","164"
"2021","2","A","골목상권","1000214","한천로14길","4755","3015","1740","10","482","875","1053","1151","1184","8","265","564","729","724","725","2","217","311","324","427","459"
"2021","2","A","골목상권","1000176","답십리로68길","4296","2087","2209","10","547","830","982","1006","921","9","238","431","475","481","453","1","309","399","507","525","468"
"2021","2","A","골목상권","1000139","능동로34길","4493","2629","1864","9","675","1001","1143","949","716","4","373","577","667","509","499","5","302","424","476","440","217"
"2021","2","A","골목상권","1000727","영등포로27길","5132","3063","2069","16","646","1200","1379","1042","849","7","257","654","882","657","606","9","389","546","497","385","243"
"2021","2","A","골목상권","1000277","보문로32길","3795","2025","1770","12","402","961","1025","1093","302","5","150","395","543","737","195","7","252","566","482","356","107"
"2021","2","A","골목상권","1000270","동소문로26가길","2325","1062","1263","23","336","488","529","546","403","11","90","178","233","281","269","12","246","310","296","265","134"
"2021","2","A","골목상권","1000340","오패산로30길","1173","548","625","8","119","172","341","288","245","6","52","74","144","127","145","2","67","98","197","161","100"
"2021","2","A","골목상권","1000472","마포대로20길","6189","3402","2787","3","1075","2041","1828","915","327","2","565","1167","973","506","189","1","510","874","855","409","138"
"2021","2","A","골목상권","1000471","마포대로12길","16374","9997","6377","89","3461","4980","4450","2701","693","33","1440","2797","3042","2155","530","56","2021","2183","1408","546","163"
"2021","2","A","골목상권","1000562","강서로47라길","1942","898","1044","3","163","335","537","634","270","1","67","145","191","295","199","2","96","190","346","339","71"
"2021","2","A","골목상권","1000893","남부순환로365길","15923","10455","5468","81","2779","4396","4126","2593","1948","41","1329","3013","2997","1743","1332","40","1450","1383","1129","850","616"
"2021","2","A","골목상권","1000860","바우뫼로39길","39654","19271","20383","492","8808","9187","11046","6992","3129","236","4317","5422","4328","2604","2364","256","4491","3765","6718","4388","765"
"2021","2","A","골목상권","1000846","강남대로8길","28099","21600","6499","54","3219","6302","8273","8682","1569","26","1934","4597","6382","7416","1245","28","1285","1705","1891","1266","324"
"2021","2","A","골목상권","1000961","양재대로71길","7301","5438","1863","18","603","1437","1906","2042","1295","14","301","932","1471","1612","1108","4","302","505","435","430","187"
"2021","2","A","골목상권","1000040","삼일대로4길","30429","16439","13990","112","5902","9352","8151","4979","1933","33","2050","5138","4755","3182","1281","79","3852","4214","3396","1797","652"
"2021","2","A","골목상권","1000732","영신로9길","4324","2392","1932","35","628","983","987","1093","598","16","266","472","564","669","405","19","362","511","423","424","193"
"2021","2","A","골목상권","1000803","남현길","2714","1713","1001","0","391","639","718","504","462","0","171","393","485","315","349","0","220","246","233","189","113"
"2021","2","A","골목상권","1000392","갈현로41길","1687","960","727","7","251","413","396","381","239","4","139","253","226","189","149","3","112","160","170","192","90"
"2021","2","A","골목상권","1000425","증산로21길","2416","1375","1041","1","253","492","645","577","448","1","133","247","349","321","324","0","120","245","296","256","124"
"2021","2","A","골목상권","1000416","은평로8길","2497","1530","967","3","244","406","580","610","654","2","113","215","332","354","514","1","131","191","248","256","140"
"2021","2","A","골목상권","1000394","불광천길","1739","1013","726","2","175","341","436","474","311","2","94","177","240","274","226","0","81","164","196","200","85"
"2021","2","A","골목상권","1000414","은평로20길","3249","1745","1504","5","395","859","865","854","271","3","193","415","422","525","187","2","202","444","443","329","84"
"2021","2","A","골목상권","1000395","서오릉로21길","2587","1706","881","2","196","423","582","951","433","0","71","199","318","750","368","2","125","224","264","201","65"
"2021","2","A","골목상권","1000448","증가로20가길","2033","1107","926","1","239","515","577","488","213","0","83","293","306","266","159","1","156","222","271","222","54"
"2021","2","A","골목상권","1000514","남부순환로58길","1480","847","633","5","182","327","383","415","168","2","95","187","217","232","114","3","87","140","166","183","54"
"2021","2","A","골목상권","1000551","화곡로4길","2028","986","1042","0","243","472","465","510","338","0","79","193","198","269","247","0","164","279","267","241","91"
"2021","2","A","골목상권","1000599","월정로20길","1930","1221","709","16","185","388","520","593","228","14","101","241","326","364","175","2","84","147","194","229","53"
"2021","2","A","골목상권","1000536","오목로23길","3264","1648","1616","17","848","638","695","686","380","12","275","352","381","355","273","5","573","286","314","331","107"
"2021","2","A","골목상권","1000419","응암로14길","1013","417","596","1","128","206","284","266","128","0","35","71","108","122","81","1","93","135","176","144","47"
"2021","2","A","골목상권","1000602","초원로16길","3604","1800","1804","11","311","461","647","1096","1078","4","143","281","387","446","539","7","168","180","260","650","539"
"2021","2","A","골목상권","1000443","수색로8길","2218","1603","615","0","96","232","309","462","1119","0","38","113","136","297","1019","0","58","119","173","165","100"
"2021","2","A","골목상권","1000850","남부순환로339길","10187","6065","4122","25","2320","3177","2368","1586","711","7","912","1974","1634","1031","507","18","1408","1203","734","555","204"
"2021","2","A","골목상권","1000588","등촌로5길","2909","1351","1558","1","685","836","638","492","257","0","154","367","327","300","203","1","531","469","311","192","54"
"2021","2","A","골목상권","1000560","강서로45다길","5741","3586","2155","10","725","1321","1435","1418","832","8","394","860","870","833","621","2","331","461","565","585","211"
"2021","2","A","골목상권","1000544","중앙로36길","791","390","401","2","98","168","182","188","153","1","34","74","76","101","104","1","64","94","106","87","49"
"2021","2","A","골목상권","1000543","중앙로32길","8051","4620","3431","28","1512","2034","1907","1652","918","24","525","1230","1141","1015","685","4","987","804","766","637","233"
"2021","2","A","골목상권","1000542","중앙로25길","7155","4352","2803","28","946","1851","2058","1487","785","23","504","1161","1353","798","513","5","442","690","705","689","272"
"2021","2","A","골목상권","1000171","답십리로23길","621","354","267","0","53","109","142","155","162","0","36","69","95","81","73","0","17","40","47","74","89"
"2021","2","A","골목상권","1000189","서울시립대로4길","1374","920","454","5","205","281","370","322","191","3","135","171","236","225","150","2","70","110","134","97","41"
"2021","2","A","골목상권","1000928","선릉로18길","4438","2855","1583","57","877","1242","997","799","466","24","506","809","636","506","374","33","371","433","361","293","92"
"2021","2","A","골목상권","1000572","곰달래로53길","1091","644","447","6","124","230","256","292","183","3","64","138","139","170","130","3","60","92","117","122","53"
"2021","2","A","골목상권","1000571","곰달래로47길","2067","1097","970","8","272","603","564","430","190","5","138","324","274","230","126","3","134","279","290","200","64"
"2021","2","A","골목상권","1000570","곰달래로31길","2412","1359","1053","7","336","644","672","497","256","6","167","356","345","309","176","1","169","288","327","188","80"
"2021","2","A","골목상권","1000606","화곡로44나길","5789","3797","1992","7","665","1442","1348","1460","867","3","304","817","856","1079","738","4","361","625","492","381","129"
"2021","2","A","골목상권","1000591","양천로14길","3079","2104","975","7","260","550","863","863","536","5","152","337","608","574","428","2","108","213","255","289","108"
"2021","2","A","골목상권","1000707","디지털로37길","4034","2188","1846","14","496","685","822","869","1148","4","168","334","424","498","760","10","328","351","398","371","388"
"2021","2","A","골목상권","1000651","우마길","5342","3270","2072","25","833","1287","1361","1038","798","17","423","788","849","644","549","8","410","499","512","394","249"
"2021","2","A","골목상권","1000620","경인로47길","3644","2363","1281","2","400","761","863","902","716","2","204","446","507","589","615","0","196","315","356","313","101"
"2021","2","A","골목상권","1000637","구로중앙로7길","2087","1421","666","5","155","309","476","695","447","4","69","168","321","517","342","1","86","141","155","178","105"
"2021","2","A","골목상권","1000574","공항대로38길","3757","1683","2074","5","359","584","714","748","1347","3","140","299","351","300","590","2","219","285","363","448","757"
"2021","2","A","골목상권","1000854","동광로1길","18425","8873","9552","82","3241","4438","4954","3232","2478","67","997","1910","2270","1745","1884","15","2244","2528","2684","1487","594"
"2021","2","A","골목상권","1000668","범안로11길","24441","16601","7840","68","2868","5378","5207","4561","6359","51","1714","3778","3789","3075","4194","17","1154","1600","1418","1486","2165"
"2021","2","A","골목상권","1000675","시흥대로153길","2904","1507","1397","14","271","410","599","654","956","3","147","225","331","361","440","11","124","185","268","293","516"
"2021","2","A","골목상권","1000703","도신로15길","2731","1586","1145","13","351","604","689","593","481","9","113","303","382","417","362","4","238","301","307","176","119"
"2021","2","A","골목상권","1000658","금하로24길","1694","977","717","6","190","373","401","418","306","6","101","216","209","248","197","0","89","157","192","170","109"
"2021","2","A","골목상권","1000767","성대로29길","1658","762","896","2","224","316","366","429","321","1","97","153","150","202","159","1","127","163","216","227","162"
"2021","2","A","골목상권","1000364","도봉로156길","1281","929","352","1","66","160","250","386","418","0","22","92","148","293","374","1","44","68","102","93","44"
"2021","2","A","골목상권","1000779","흑석로9길","670","368","302","1","107","148","180","141","93","0","48","87","98","71","64","1","59","61","82","70","29"
"2021","2","A","골목상권","1000872","서초대로4길","10140","4542","5598","28","1886","2617","2462","1862","1285","11","653","1116","1089","905","768","17","1233","1501","1373","957","517"
"2021","2","A","골목상권","1000731","영등포로84길","3623","1678","1945","5","644","828","853","768","525","0","208","415","432","325","298","5","436","413","421","443","227"
"2021","2","A","골목상권","1000697","대림로7길","4645","2570","2075","23","889","1417","1171","731","414","10","390","839","617","439","275","13","499","578","554","292","139"
"2021","2","A","골목상권","1000890","개포로20길","12336","8232","4104","27","1910","3544","3270","2170","1415","11","988","2384","2354","1414","1081","16","922","1160","916","756","334"
"2021","2","A","골목상권","1000882","효령로34길","9543","6126","3417","101","1530","2821","2430","1576","1085","32","778","1644","1705","1140","827","69","752","1177","725","436","258"
"2021","2","A","골목상권","1000218","휘경로14길","1479","863","616","2","157","276","399","372","273","0","59","153","246","256","149","2","98","123","153","116","124"
"2021","2","A","골목상권","1000902","논현로63길","36667","24758","11909","142","7242","9908","9605","7399","2371","42","2992","6291","7467","6076","1890","100","4250","3617","2138","1323","481"
"2021","2","A","골목상권","1000963","오금로11길","24198","13753","10445","51","3788","6203","5486","5235","3435","31","2092","3996","3291","2449","1894","20","1696","2207","2195","2786","1541"
"2021","2","A","골목상권","1000173","답십리로60길","2814","1528","1286","10","218","367","546","730","943","8","104","213","339","376","488","2","114","154","207","354","455"
"2021","2","A","골목상권","1000138","능동로19길","1993","1264","729","2","200","302","497","650","342","0","76","165","320","437","266","2","124","137","177","213","76"
"2021","2","A","골목상권","1000272","동소문로6길","3075","1751","1324","11","285","567","1022","837","353","4","130","325","582","467","243","7","155","242","440","370","110"
"2021","2","A","골목상권","1000338","솔샘로65길","1680","791","889","8","123","270","394","410","475","7","33","99","167","220","265","1","90","171","227","190","210"
"2021","2","A","골목상권","1000491","양화로11길","10929","5400","5529","63","2297","3451","2604","1577","937","44","939","1550","1336","868","663","19","1358","1901","1268","709","274"
"2021","2","A","골목상권","1000351","한천로140길","3507","1801","1706","6","375","859","910","874","483","5","143","394","473","511","275","1","232","465","437","363","208"
"2021","2","A","골목상권","1000213","천호대로97길","2965","1783","1182","3","272","446","561","649","1034","1","124","255","305","374","724","2","148","191","256","275","310"
"2021","2","A","골목상권","1000282","성북로8길","4182","2354","1828","23","494","912","1411","968","374","12","211","482","771","591","287","11","283","430","640","377","87"
"2021","2","A","골목상권","1000986","양재대로101길","6685","3123","3562","24","1129","1353","1558","1517","1104","16","409","696","804","594","604","8","720","657","754","923","500"
"2021","2","A","골목상권","1001000","진황도로47길","4044","1908","2136","15","481","761","994","1016","777","9","197","423","509","354","416","6","284","338","485","662","361"
"2021","2","A","골목상권","1001005","천호대로187길","4336","2078","2258","11","515","786","1018","1163","843","6","222","426","507","425","492","5","293","360","511","738","351"
"2021","2","A","골목상권","1001006","천호대로197길","2122","1190","932","2","260","374","420","580","486","2","147","232","225","279","305","0","113","142","195","301","181"
"2021","2","A","골목상권","1000964","오금로36길","8762","6025","2737","22","1512","2571","2168","1644","845","13","867","1818","1582","1082","663","9","645","753","586","562","182"
"2021","2","A","골목상권","1000959","양재대로62길","14774","8253","6521","33","2326","3507","3049","2730","3129","12","943","1946","1867","1367","2118","21","1383","1561","1182","1363","1011"
"2021","2","A","골목상권","1000998","올림픽로98길","2188","1168","1020","1","236","349","409","380","813","1","88","201","227","228","423","0","148","148","182","152","390"
"2021","2","A","골목상권","1000462","도화길","17974","9976","7998","28","3098","4346","4235","3811","2456","16","1498","2609","2619","1790","1444","12","1600","1737","1616","2021","1012"
"2021","2","A","골목상권","1000079","한강대로43길","27127","10372","16755","153","7139","9391","7217","2423","804","71","2574","3620","2609","980","518","82","4565","5771","4608","1443","286"
"2021","2","A","골목상권","1000052","녹사평대로32길","2868","1497","1371","14","486","847","659","621","241","11","177","375","350","402","182","3","309","472","309","219","59"
"2021","2","A","골목상권","1000101","무학봉길","1081","535","546","1","139","248","287","259","147","1","52","115","138","124","105","0","87","133","149","135","42"
"2021","2","A","골목상권","1000135","긴고랑로8길","5420","2611","2809","79","1401","1029","1086","1266","559","25","598","551","538","502","397","54","803","478","548","764","162"
"2021","2","A","골목상권","1000226","공릉로2길","1693","846","847","0","190","354","448","430","271","0","59","167","211","219","190","0","131","187","237","211","81"
"2021","2","A","골목상권","1000227","답십리로75길","1647","1158","489","2","146","269","413","594","223","1","61","158","284","477","177","1","85","111","129","117","46"
"2021","2","A","골목상권","1000064","우사단로4길","2880","1830","1050","3","448","948","794","491","196","2","133","579","586","385","145","1","315","369","208","106","51"
"2021","2","A","골목상권","1000159","자양로15길","14033","10711","3322","15","963","2057","3878","5600","1520","11","438","1259","3031","4713","1259","4","525","798","847","887","261"
"2021","2","A","골목상권","1000228","동일로100길","3062","1918","1144","5","382","644","840","712","479","1","186","437","469","435","390","4","196","207","371","277","89"
"2021","2","A","골목상권","1000243","면목로45길","2478","1502","976","5","260","477","642","635","459","2","95","236","362","453","354","3","165","241","280","182","105"
"2021","2","A","골목상권","1000076","청파로73길","4721","2547","2174","10","913","1365","965","784","684","5","300","628","566","511","537","5","613","737","399","273","147"
"2021","2","A","골목상권","1000246","면목로55길","2381","1425","956","4","284","506","594","560","433","1","120","285","316","372","331","3","164","221","278","188","102"
"2021","2","A","골목상권","1000344","인수봉로72길","3985","2568","1417","0","249","550","888","1099","1199","0","80","281","601","772","834","0","169","269","287","327","365"
"2021","2","A","골목상권","1000319","덕릉로41길","4574","2478","2096","10","512","1051","1028","1202","771","8","199","522","530","774","445","2","313","529","498","428","326"
"2021","2","A","골목상권","1000078","한강대로15길","8277","4527","3750","11","827","1963","2797","1995","684","6","309","971","1448","1323","470","5","518","992","1349","672","214"
"2021","2","A","골목상권","1000699","도림로112길","2150","1459","691","15","234","495","588","503","315","12","114","332","403","351","247","3","120","163","185","152","68"
"2021","2","A","골목상권","1000435","가재울로6길","888","539","349","0","77","134","240","276","161","0","36","70","145","173","115","0","41","64","95","103","46"
"2021","2","A","골목상권","1000467","동교로19길","7995","4255","3740","21","1245","2157","2011","1503","1058","16","468","1122","1242","803","604","5","777","1035","769","700","454"
"2021","2","A","골목상권","1000488","신촌로12길","3946","1781","2165","10","815","883","900","792","546","3","354","427","403","298","296","7","461","456","497","494","250"
"2021","2","A","골목상권","1000705","도신로60길","1226","653","573","0","195","316","261","240","214","0","101","172","136","130","114","0","94","144","125","110","100"
"2021","2","A","골목상권","1000716","신길로42가길","2613","1392","1221","2","300","531","552","602","626","0","115","242","257","330","448","2","185","289","295","272","178"
"2021","2","A","골목상권","1000427","증산로9길","2163","1494","669","2","280","583","607","471","220","2","139","419","427","332","175","0","141","164","180","139","45"
"2021","2","A","골목상권","1000256","용마산로100길","1375","864","511","0","108","178","316","388","385","0","39","93","188","261","283","0","69","85","128","127","102"
"2021","2","A","골목상권","1001007","천호대로219길","966","662","304","0","107","187","231","268","173","0","53","131","167","183","128","0","54","56","64","85","45"
"2021","2","A","골목상권","1001002","천중로51길","3276","1938","1338","7","333","588","749","854","745","4","166","368","422","485","493","3","167","220","327","369","252"
"2021","2","A","골목상권","1000037","동호로20길","12817","6753","6064","45","2550","3524","3201","2598","899","8","851","1970","1848","1463","613","37","1699","1554","1353","1135","286"
"2021","2","A","골목상권","1000068","원효로89길","8896","6141","2755","41","1655","2966","2333","1332","569","16","888","1947","1799","1072","419","25","767","1019","534","260","150"
"2021","2","A","골목상권","1000067","원효로53길","5634","3975","1659","25","859","1695","1558","892","605","18","526","1240","1133","617","441","7","333","455","425","275","164"
"2021","2","A","골목상권","1000700","도림로147길","7404","4074","3330","18","1114","1583","1783","1996","910","8","551","993","1053","914","555","10","563","590","730","1082","355"
"2021","2","A","골목상권","1000813","서림7길","1807","1219","588","3","188","296","492","545","283","1","94","164","333","401","226","2","94","132","159","144","57"
"2021","2","A","골목상권","1000500","월드컵로19길","3830","2335","1495","6","552","727","826","640","1079","4","245","377","435","391","883","2","307","350","391","249","196"
"2021","2","A","골목상권","1000701","도림로63길","1116","737","379","1","109","196","295","301","214","1","67","121","196","185","167","0","42","75","99","116","47"
"2021","2","A","골목상권","1000696","대림로44길","3546","2539","1007","12","462","923","1058","707","384","4","238","679","832","498","288","8","224","244","226","209","96"
"2021","2","A","골목상권","1000797","남부순환로161길","4573","3124","1449","2","711","1290","1260","880","430","2","331","893","969","644","285","0","380","397","291","236","145"
"2021","2","A","골목상권","1000380","동일로192길","2933","1744","1189","7","250","389","576","757","954","3","125","174","285","514","643","4","125","215","291","243","311"
"2021","2","A","골목상권","1000515","남부순환로70길","3594","2662","932","4","319","506","739","1074","952","2","174","321","493","818","854","2","145","185","246","256","98"
"2021","2","A","골목상권","1000521","목동로19길","4271","2529","1742","5","433","753","802","903","1375","2","127","341","390","513","1156","3","306","412","412","390","219"
"2021","2","A","골목상권","1000133","긴고랑로20길","3283","1719","1564","57","615","678","815","706","412","10","280","394","410","366","259","47","335","284","405","340","153"
"2021","2","A","골목상권","1000728","영등포로35길","3743","2275","1468","13","481","839","982","801","627","3","199","498","671","501","403","10","282","341","311","300","224"
"2021","2","A","골목상권","1000121","용답29길","8662","5091","3571","27","1495","2040","2283","1941","876","22","1118","1520","1135","669","627","5","377","520","1148","1272","249"
"2021","2","A","골목상권","1000734","국사봉2길","16980","10887","6093","45","3354","3282","2656","4132","3511","24","2691","2728","1718","1933","1793","21","663","554","938","2199","1718"
"2021","2","A","골목상권","1000829","조원로10길","16779","9737","7042","39","3618","5716","4238","1962","1206","17","1555","3402","2671","1244","848","22","2063","2314","1567","718","358"
"2021","2","A","골목상권","1000624","고척로52길","5315","3889","1426","9","400","1118","1534","1736","518","8","220","818","1142","1346","355","1","180","300","392","390","163"
"2021","2","A","골목상권","1000901","논현로28길","44952","23368","21584","229","8367","10518","13581","9175","3082","127","4058","6280","6374","4528","2001","102","4309","4238","7207","4647","1081"
"2021","2","A","골목상권","1000851","논현로1길","10640","6745","3895","39","2086","3148","2518","1816","1033","23","1269","2062","1534","1102","755","16","817","1086","984","714","278"
"2021","2","A","골목상권","1000801","남현2길","3073","1912","1161","0","427","708","848","596","494","0","186","432","557","363","374","0","241","276","291","233","120"
"2021","2","A","골목상권","1000802","남현3길","5523","3108","2415","8","1036","1416","1438","974","651","4","446","769","810","589","490","4","590","647","628","385","161"
"2021","2","A","골목상권","1000411","연서로5길","3063","1436","1627","3","492","601","791","742","434","1","202","274","346","323","290","2","290","327","445","419","144"
"2021","2","A","골목상권","1000017","종로24길","6369","4113","2256","22","689","1588","1642","1347","1081","5","312","969","1103","899","825","17","377","619","539","448","256"
"2021","2","A","골목상권","1000356","도당로13바길","1045","467","578","0","92","205","263","215","270","0","37","93","114","102","121","0","55","112","149","113","149"
"2021","2","A","골목상권","1000398","역말로9길","2151","1132","1019","3","261","472","592","464","359","3","101","238","301","230","259","0","160","234","291","234","100"
"2021","2","A","골목상권","1000507","가로공원로58길","1014","585","429","0","101","169","214","309","221","0","36","63","107","199","180","0","65","106","107","110","41"
"2021","2","A","골목상권","1000408","연서로34길","2541","1241","1300","4","149","280","401","486","1221","2","53","139","160","202","685","2","96","141","241","284","536"
"2021","2","A","골목상권","1000407","연서로33길","2718","1375","1343","3","170","344","389","525","1287","1","57","190","184","226","717","2","113","154","205","299","570"
"2021","2","A","골목상권","1000623","고척로27다길","1272","690","582","2","130","300","292","316","232","0","67","141","129","171","182","2","63","159","163","145","50"
"2021","2","A","골목상권","1000396","서오릉로8길","2126","1123","1003","11","274","456","566","478","341","8","113","217","290","250","245","3","161","239","276","228","96"
"2021","2","A","골목상권","1000424","증산로17길","1533","971","562","1","158","267","349","407","351","1","105","154","187","236","288","0","53","113","162","171","63"
"2021","2","A","골목상권","1000598","우장산로6길","1666","914","752","0","263","279","400","447","277","0","121","145","190","247","211","0","142","134","210","200","66"
"2021","2","A","골목상권","1000217","한천로46길","2745","1664","1081","7","257","609","744","699","429","4","108","329","405","450","368","3","149","280","339","249","61"
"2021","2","A","골목상권","1000546","중앙로47길","3972","3000","972","4","365","821","893","526","1363","1","161","497","664","384","1293","3","204","324","229","142","70"
"2021","2","A","골목상권","1000528","목동중앙북로8길","5137","3009","2128","3","654","1082","1257","1263","878","1","306","610","760","777","555","2","348","472","497","486","323"
"2021","2","A","골목상권","1000650","오류로8길","3811","2518","1293","0","495","828","1007","944","537","0","343","518","637","630","390","0","152","310","370","314","147"
"2021","2","A","골목상권","1000573","곰달래로60길","3810","1592","2218","2","835","1029","833","744","367","1","201","419","386","358","227","1","634","610","447","386","140"
"2021","2","A","골목상권","1000533","신목로6길","12839","7152","5687","66","2407","4118","3253","2274","721","31","945","2195","1983","1461","537","35","1462","1923","1270","813","184"
"2021","2","A","골목상권","1000563","강서로5가길","2258","1213","1045","14","236","427","598","647","336","14","110","260","336","316","177","0","126","167","262","331","159"
"2021","2","A","골목상권","1000018","종로58가길","2197","954","1243","7","359","425","597","483","326","7","105","157","231","243","211","0","254","268","366","240","115"
"2021","2","A","골목상권","1000186","사가정로2길","5921","2739","3182","6","842","1281","1651","1543","598","1","558","846","593","346","395","5","284","435","1058","1197","203"
"2021","2","A","골목상권","1000520","목동동로8길","7239","4481","2758","17","1024","2056","1883","1549","710","7","587","1395","1220","855","417","10","437","661","663","694","293"
"2021","2","A","골목상권","1000621","고척로21나길","2229","1322","907","6","254","485","526","593","365","1","143","291","294","322","271","5","111","194","232","271","94"
"2021","2","A","골목상권","1000590","방화대로6라길","1476","921","555","1","151","323","422","380","199","0","75","205","270","236","135","1","76","118","152","144","64"
"2021","2","A","골목상권","1000559","강서로45길","5233","3255","1978","11","661","1237","1345","1320","659","7","374","831","801","751","491","4","287","406","544","569","168"
"2021","2","A","골목상권","1000039","명동길","71495","34548","36947","303","20557","24257","14903","9392","2083","97","6091","10970","9400","6561","1429","206","14466","13287","5503","2831","654"
"2021","2","A","골목상권","1000632","구로동로8길","1826","1008","818","8","227","363","411","392","425","5","109","206","208","203","277","3","118","157","203","189","148"
"2021","2","A","골목상권","1000642","디지털로27길","25237","17450","7787","110","5318","8414","6118","3275","2002","74","2853","5869","4654","2327","1673","36","2465","2545","1464","948","329"
"2021","2","A","골목상권","1000200","장한로27길","5011","2537","2474","51","1855","967","882","799","457","31","974","542","372","353","265","20","881","425","510","446","192"
"2021","2","A","골목상권","1000676","시흥대로22길","7401","4380","3021","13","527","1004","1703","1940","2214","4","281","663","978","1049","1405","9","246","341","725","891","809"
"2021","2","A","골목상권","1000659","남부순환로112길","3662","2186","1476","10","389","688","793","691","1091","6","223","423","513","447","574","4","166","265","280","244","517"
"2021","2","A","골목상권","1000694","대림로31길","10368","6914","3454","23","1094","2203","2562","2468","2018","10","623","1669","1934","1500","1178","13","471","534","628","968","840"
"2021","2","A","골목상권","1000669","범안로17길","8980","5829","3151","19","545","998","1226","1814","4378","17","335","683","803","1147","2844","2","210","315","423","667","1534"
"2021","2","A","골목상권","1000861","반포대로9길","15176","11618","3558","15","1629","4660","4470","2975","1427","6","940","3607","3698","2393","974","9","689","1053","772","582","453"
"2021","2","A","골목상권","1000646","부일로15길","1310","802","508","5","102","218","319","369","297","3","47","111","192","236","213","2","55","107","127","133","84"
"2021","2","A","골목상권","1000647","부일로1길","1888","1465","423","18","192","326","368","542","442","18","141","226","251","420","409","0","51","100","117","122","33"
"2021","2","A","골목상권","1000656","금하로14길","1288","607","681","2","125","205","348","360","248","1","49","93","161","171","132","1","76","112","187","189","116"
"2021","2","A","골목상권","1000807","미성5길","1372","661","711","16","179","256","305","348","268","13","76","132","150","137","153","3","103","124","155","211","115"
"2021","2","A","골목상권","1000824","양녕로6길","2361","1110","1251","7","291","416","526","587","534","4","107","202","242","297","258","3","184","214","284","290","276"
"2021","2","A","골목상권","1000473","마포대로4길","12997","8041","4956","19","1972","3107","3139","2694","2066","14","945","1877","2168","1723","1314","5","1027","1230","971","971","752"
"2021","2","A","골목상권","1000790","난곡로26길","1137","601","536","0","134","223","287","316","177","0","52","108","139","170","132","0","82","115","148","146","45"
"2021","2","A","골목상권","1000107","성덕정길","2631","1722","909","3","239","473","607","782","527","2","125","317","393","540","345","1","114","156","214","242","182"
"2021","2","A","골목상권","1000126","한림말길","13906","9816","4090","21","1965","4373","4011","2983","553","15","733","2938","3234","2518","378","6","1232","1435","777","465","175"
"2021","2","A","골목상권","1000378","공릉로58길","3479","2325","1154","5","354","680","894","1015","531","2","168","397","576","768","414","3","186","283","318","247","117"
"2021","2","A","골목상권","1000247","면목로56길","2604","1612","992","5","254","532","633","676","504","0","94","286","378","479","375","5","160","246","255","197","129"
"2021","2","A","골목상권","1000036","동호로15길","7812","4287","3525","16","1500","2148","1861","1562","725","7","567","1144","1111","952","506","9","933","1004","750","610","219"
"2021","2","A","골목상권","1000128","광나루로24길","1255","912","343","2","99","164","339","443","208","0","47","108","239","342","176","2","52","56","100","101","32"
"2021","2","A","골목상권","1000300","종암로16길","1435","562","873","3","196","255","347","385","249","1","61","104","137","147","112","2","135","151","210","238","137"
"2021","2","A","골목상권","1000331","삼양로41길","1030","584","446","5","119","193","245","241","227","3","52","86","124","148","171","2","67","107","121","93","56"
"2021","2","A","골목상권","1000441","세무서2길","1768","917","851","4","192","268","468","568","268","2","55","142","231","312","175","2","137","126","237","256","93"
"2021","2","A","골목상권","1000320","도봉로13길","931","573","358","1","93","187","219","267","164","1","37","98","126","181","130","0","56","89","93","86","34"
"2021","2","A","골목상권","1000484","성산로4길","7479","4521","2958","22","897","1523","1696","2154","1187","12","500","1039","1117","1133","720","10","397","484","579","1021","467"
"2021","2","A","골목상권","1000809","법원단지길","767","374","393","10","102","156","168","202","129","7","39","77","79","92","80","3","63","79","89","110","49"
"2021","2","A","골목상권","1000919","삼성로57길","6636","3581","3055","21","1190","1878","1701","1305","541","10","417","983","958","835","378","11","773","895","743","470","163"
"2021","2","A","골목상권","1000384","상계로9가길","1790","778","1012","6","219","309","471","494","291","4","76","161","196","203","138","2","143","148","275","291","153"
"2021","2","A","골목상권","1000766","성대로1길","1289","555","734","2","117","238","324","321","287","1","40","113","135","128","138","1","77","125","189","193","149"
"2021","2","A","골목상권","1000748","사당로16길","2477","1382","1095","5","230","400","562","527","753","4","89","206","258","287","538","1","141","194","304","240","215"
"2021","2","A","골목상권","1000867","사평대로26길","8763","6278","2485","31","1301","2349","2263","1786","1033","13","701","1708","1772","1341","743","18","600","641","491","445","290"
"2021","2","A","골목상권","1000873","서초대로64길","37600","20771","16829","57","7011","9434","8670","10586","1842","29","2689","5015","4514","7163","1361","28","4322","4419","4156","3423","481"
"2021","2","A","골목상권","1000764","서달로15길","594","279","315","1","66","104","168","155","100","0","16","40","81","78","64","1","50","64","87","77","36"
"2021","2","A","골목상권","1000178","답십리로72길","4692","2705","1987","14","840","1135","1265","971","467","10","456","674","650","563","352","4","384","461","615","408","115"
"2021","2","A","골목상권","1000849","남부순환로325길","21342","12721","8621","33","3446","6484","4846","4022","2511","12","1580","3541","3071","2698","1819","21","1866","2943","1775","1324","692"
"2021","2","A","골목상권","1000935","테헤란로81길","55909","34430","21479","144","10080","21280","15399","6515","2491","56","4006","12817","11385","4644","1522","88","6074","8463","4014","1871","969"
"2021","2","A","골목상권","1000932","영동대로65길","35823","17183","18640","252","6607","8671","7946","7445","4902","110","3080","5179","4298","2640","1876","142","3527","3492","3648","4805","3026"
"2021","2","A","골목상권","1000956","송이로32길","39353","30162","9191","23","3382","6782","10667","14138","4361","9","1993","4877","8225","11982","3076","14","1389","1905","2442","2156","1285"
"2021","2","A","골목상권","1000221","휘경로3길","1648","978","670","1","105","240","504","490","308","1","31","114","291","337","204","0","74","126","213","153","104"
"2021","2","A","골목상권","1000023","창신5길","1560","587","973","2","184","311","477","360","226","1","43","101","156","150","136","1","141","210","321","210","90"
"2021","2","A","골목상권","1000962","양재대로72길","22772","16675","6097","27","2845","5403","5734","5267","3496","13","1686","3711","4373","4341","2551","14","1159","1692","1361","926","945"
"2021","2","A","골목상권","1000001","계동길","13700","10172","3528","7","1421","4634","4218","2628","792","6","720","3381","3297","2165","603","1","701","1253","921","463","189"
"2021","2","A","골목상권","1000370","방학로15길","2236","1446","790","7","437","536","516","461","279","7","294","319","346","250","230","0","143","217","170","211","49"
"2021","2","A","골목상권","1000120","왕십리로6길","7264","4704","2560","27","1259","1744","1605","1402","1227","19","714","1132","1034","944","861","8","545","612","571","458","366"
"2021","2","A","골목상권","1000027","필운대로1길","4413","1985","2428","11","618","710","826","1256","992","4","322","378","383","434","464","7","296","332","443","822","528"
"2021","2","A","골목상권","1000016","자하문로7길","9639","6195","3444","47","1451","2302","2548","2135","1156","2","887","1634","1874","1195","603","45","564","668","674","940","553"
"2021","2","A","골목상권","1000087","후암로28길","3499","2332","1167","5","330","605","1151","1006","402","4","135","345","844","725","279","1","195","260","307","281","123"
"2021","2","A","골목상권","1000372","방학로6가길","941","461","480","1","99","154","245","255","187","1","50","76","111","123","100","0","49","78","134","132","87"
"2021","2","A","골목상권","1000362","도봉로147길","2653","1366","1287","6","287","448","600","920","392","2","150","267","298","428","221","4","137","181","302","492","171"
"2021","2","A","골목상권","1000117","왕십리로21길","1515","781","734","1","187","321","403","404","199","0","71","141","204","221","144","1","116","180","199","183","55"
"2021","2","A","골목상권","1000127","광나루로12길","3398","1952","1446","4","531","874","868","700","421","1","268","518","526","340","299","3","263","356","342","360","122"
"2021","2","A","골목상권","1000444","신촌로37길","3846","2292","1554","2","702","1092","944","679","427","1","330","659","579","444","279","1","372","433","365","235","148"
"2021","2","A","골목상권","1000466","동교로17길","9387","5193","4194","24","1595","2393","2243","1567","1565","15","606","1172","1268","928","1204","9","989","1221","975","639","361"
"2021","2","A","골목상권","1000787","국회단지길","2886","1216","1670","14","430","565","664","833","380","2","117","248","322","288","239","12","313","317","342","545","141"
"2021","2","A","골목상권","1000820","신림로64길","2304","913","1391","6","538","542","475","455","288","2","132","202","231","166","180","4","406","340","244","289","108"
"2021","2","A","골목상권","1000975","동남로82길","736","264","472","0","84","156","183","205","108","0","16","53","68","75","52","0","68","103","115","130","56"
"2021","2","A","골목상권","1000991","양재대로95길","3064","1793","1271","11","337","586","735","730","665","9","196","372","436","375","405","2","141","214","299","355","260"
"2021","2","A","골목상권","1001010","풍성로37가길","2748","1678","1070","6","410","594","684","640","414","2","264","372","393","389","258","4","146","222","291","251","156"
"2021","2","A","골목상권","1000994","올림픽로71길","2045","1077","968","9","263","450","478","425","420","5","106","212","261","215","278","4","157","238","217","210","142"
"2021","2","A","골목상권","1000972","구천면로41길","2634","1431","1203","6","283","554","649","636","506","2","100","261","348","366","354","4","183","293","301","270","152"
"2021","2","A","골목상권","1000981","상암로5길","4232","1886","2346","5","425","706","904","1038","1154","4","181","380","436","379","506","1","244","326","468","659","648"
"2021","2","A","골목상권","1000050","녹사평대로11길","2064","1125","939","2","295","517","651","378","221","0","90","266","388","247","134","2","205","251","263","131","87"
"2021","2","A","골목상권","1000048","퇴계로8길","40352","22269","18083","168","7554","13382","11011","6350","1887","49","3063","7131","6203","4612","1211","119","4491","6251","4808","1738","676"
"2021","2","A","골목상권","1000044","퇴계로12길","26422","13011","13411","140","4810","8216","7892","4320","1044","42","1706","3903","3780","2936","644","98","3104","4313","4112","1384","400"
"2021","2","A","골목상권","1000166","천호대로123길","3663","2023","1640","12","472","752","948","854","625","4","247","428","501","410","433","8","225","324","447","444","192"
"2021","2","A","골목상권","1000072","장문로45길","4115","2951","1164","32","578","1180","1192","829","304","22","313","825","916","643","232","10","265","355","276","186","72"
"2021","2","A","골목상권","1000234","동일로139길","1911","1335","576","2","290","481","447","429","262","2","182","319","296","333","203","0","108","162","151","96","59"
"2021","2","A","골목상권","1000090","금호산길","1475","833","642","2","190","354","362","303","264","2","63","180","206","184","198","0","127","174","156","119","66"
"2021","2","A","골목상권","1000136","긴고랑로9길","1980","983","997","53","378","344","489","433","283","6","118","181","232","239","207","47","260","163","257","194","76"
"2021","2","A","골목상권","1000160","자양로26길","11120","9301","1819","8","645","1498","3166","4721","1082","7","395","1137","2640","4179","943","1","250","361","526","542","139"
"2021","2","A","골목상권","1000150","면목로17길","1926","1424","502","3","185","382","468","611","277","0","108","283","338","487","208","3","77","99","130","124","69"
"2021","2","A","골목상권","1000130","광나루로37길","1980","1078","902","2","219","408","502","523","326","1","76","190","254","301","256","1","143","218","248","222","70"
"2021","2","A","골목상권","1000158","자양로11길","4146","2273","1873","13","510","846","1120","1097","560","9","194","432","630","617","391","4","316","414","490","480","169"
"2021","2","A","골목상권","1000291","개운사길","1657","853","804","1","198","454","562","333","109","0","70","197","309","202","75","1","128","257","253","131","34"
"2021","2","A","골목상권","1000244","면목로48길","2802","1706","1096","6","308","506","636","752","594","2","99","241","361","531","472","4","209","265","275","221","122"
"2021","2","A","골목상권","1000298","정릉로27길","2503","1119","1384","2","395","517","679","574","336","0","110","215","269","295","230","2","285","302","410","279","106"
"2021","2","A","골목상권","1000295","장월로1길","3837","2383","1454","5","671","1155","920","721","365","1","334","778","573","433","264","4","337","377","347","288","101"
"2021","2","A","골목상권","1000263","돌곶이로22길","2523","1745","778","4","227","361","362","436","1133","0","104","229","227","270","915","4","123","132","135","166","218"
"2021","2","A","골목상권","1000342","오패산로67길","3448","1963","1485","8","408","621","684","869","858","4","167","359","360","538","535","4","241","262","324","331","323"
"2021","2","A","골목상권","1000487","숭문길","6842","4186","2656","89","1444","1619","1501","1382","807","34","700","979","985","950","538","55","744","640","516","432","269"
"2021","2","A","골목상권","1000469","동교로27길","7445","4120","3325","26","1274","1892","1719","1388","1146","18","516","1053","1063","794","676","8","758","839","656","594","470"
"2021","2","A","골목상권","1000730","영등포로80길","3868","1857","2011","5","675","857","902","843","586","0","227","446","467","376","341","5","448","411","435","467","245"
"2021","2","A","골목상권","1000715","신길로39길","1624","885","739","3","153","276","372","412","408","3","56","129","191","217","289","0","97","147","181","195","119"
"2021","2","A","골목상권","1000046","퇴계로46길","7358","4531","2827","39","1345","1788","1912","1395","879","20","585","1039","1276","967","644","19","760","749","636","428","235"
"2021","2","A","골목상권","1000784","관천로15길","3272","2397","875","2","508","897","1026","641","198","2","245","663","829","518","140","0","263","234","197","123","58"
"2021","2","A","골목상권","1000782","관악로28길","2354","1060","1294","7","280","460","567","648","392","4","95","189","275","291","206","3","185","271","292","357","186"
"2021","2","A","골목상권","1000069","이촌로22길","3232","2176","1056","11","493","860","915","676","277","4","252","552","689","507","172","7","241","308","226","169","105"
"2021","2","A","골목상권","1000819","신림로48길","1224","556","668","6","173","227","241","296","281","1","75","122","119","108","131","5","98","105","122","188","150"
"2021","2","A","골목상권","1000789","난곡로24길","1189","652","537","0","120","238","301","353","177","0","53","114","146","202","137","0","67","124","155","151","40"
"2021","2","A","골목상권","1000720","양평로22라길","3947","2397","1550","9","528","912","1053","971","474","7","246","533","641","592","378","2","282","379","412","379","96"
"2021","2","A","골목상권","1000821","신림로65길","2412","1329","1083","6","213","327","521","544","801","2","78","164","278","282","525","4","135","163","243","262","276"
"2021","2","A","골목상권","1000141","능동로4길","2258","1685","573","7","267","584","648","542","210","2","189","451","491","398","154","5","78","133","157","144","56"
"2021","2","A","골목상권","1000091","둘레9길","3374","2333","1041","7","364","796","895","832","480","5","211","628","643","554","292","2","153","168","252","278","188"
"2021","2","A","골목상권","1000145","뚝섬로24길","764","520","244","5","87","139","162","166","205","4","47","93","102","107","167","1","40","46","60","59","38"
"2021","2","A","골목상권","1000301","종암로19길","19081","9789","9292","57","1523","4879","6999","5431","192","13","621","1616","3100","4314","125","44","902","3263","3899","1117","67"
"2021","2","A","골목상권","1000454","통일로37길","1828","904","924","3","190","271","490","592","282","1","55","136","237","310","165","2","135","135","253","282","117"
"2021","2","A","골목상권","1000346","한천로109길","1731","911","820","10","206","332","401","448","334","7","68","155","215","251","215","3","138","177","186","197","119"
"2021","2","A","골목상권","1000179","망우로18가길","1678","939","739","2","157","343","451","474","251","0","74","131","251","308","175","2","83","212","200","166","76"
"2021","2","A","골목상권","1000826","인헌길","1704","889","815","7","274","443","484","355","141","4","127","246","248","161","103","3","147","197","236","194","38"
"2021","2","A","골목상권","1000793","난우길","1334","638","696","21","163","273","289","354","234","16","67","117","125","168","145","5","96","156","164","186","89"
"2021","2","A","골목상권","1000556","강서로18길","3094","1910","1184","8","395","789","840","724","338","6","204","465","465","506","264","2","191","324","375","218","74"
"2021","2","A","골목상권","1000755","사당로30길","4369","2277","2092","10","835","1153","1133","825","413","3","260","553","638","536","287","7","575","600","495","289","126"
"2021","2","A","골목상권","1000752","사당로26길","2913","1431","1482","9","462","693","827","564","358","3","125","313","394","328","268","6","337","380","433","236","90"
"2021","2","A","골목상권","1000884","방배중앙로21길","16510","8458","8052","20","2629","4012","4628","2955","2266","7","832","1718","2309","1757","1835","13","1797","2294","2319","1198","431"
"2021","2","A","골목상권","1000898","논현로139길","24381","14262","10119","100","6330","7345","5355","3137","2114","31","2532","4251","3691","2146","1611","69","3798","3094","1664","991","503"
"2021","2","A","골목상권","1000914","봉은사로43길","24610","15242","9368","76","5118","7378","5787","3797","2454","32","2243","4420","3999","2674","1874","44","2875","2958","1788","1123","580"
"2021","2","A","골목상권","1000465","독막로8길","3879","2189","1690","16","779","1135","970","653","326","8","300","606","606","432","237","8","479","529","364","221","89"
"2021","2","A","골목상권","1000685","경인로80길","7895","4673","3222","27","1441","2116","2130","1375","806","12","590","1213","1330","869","659","15","851","903","800","506","147"
"2021","2","A","골목상권","1000492","양화로1길","4275","2265","2010","10","759","1169","1058","771","508","7","296","545","634","448","335","3","463","624","424","323","173"
"2021","2","A","골목상권","1000713","선유서로28길","8052","4859","3193","42","1648","1899","1904","1475","1084","16","782","1211","1134","885","831","26","866","688","770","590","253"
"2021","2","A","골목상권","1000692","대림로22길","2553","1429","1124","4","346","439","576","665","523","0","120","239","318","379","373","4","226","200","258","286","150"
"2021","2","A","골목상권","1000798","남부순환로172길","1997","1171","826","1","280","526","428","417","345","1","124","298","254","264","230","0","156","228","174","153","115"
"2021","2","A","골목상권","1000904","도곡로37길","35701","21132","14569","242","9630","10400","8608","4853","1968","84","4137","6467","5875","3069","1500","158","5493","3933","2733","1784","468"
"2021","2","A","골목상권","1000375","우이천로32길","1433","692","741","0","202","304","375","355","197","0","60","133","156","173","170","0","142","171","219","182","27"
"2021","2","A","골목상권","1000257","용마산로112길","1061","691","370","3","77","147","200","352","282","1","29","62","111","243","245","2","48","85","89","109","37"
"2021","2","A","골목상권","1000195","장한로14길","2657","1721","936","1","344","567","590","714","441","0","183","363","374","464","337","1","161","204","216","250","104"
"2021","2","A","골목상권","1000142","동일로18길","4424","2913","1511","26","523","877","1104","1066","828","20","262","551","712","743","625","6","261","326","392","323","203"
"2021","2","A","골목상권","1000170","난계로30길","11888","6465","5423","26","1011","2333","3278","3040","2200","15","518","1425","1712","1450","1345","11","493","908","1566","1590","855"
"2021","2","A","골목상권","1000916","봉은사로68길","32233","21159","11074","60","4773","11509","9118","4497","2276","19","2142","7295","7189","3099","1415","41","2631","4214","1929","1398","861"
"2021","2","A","골목상권","1000157","용마산로3길","3963","2259","1704","12","592","827","1025","859","648","4","333","474","558","438","452","8","259","353","467","421","196"
"2021","2","A","골목상권","1000474","만리재옛길","7898","4890","3008","27","1351","2535","2248","1325","412","3","689","1516","1496","931","255","24","662","1019","752","394","157"
"2021","2","A","골목상권","1000457","홍제내길","1474","745","729","1","180","256","379","425","233","1","74","127","203","209","131","0","106","129","176","216","102"
"2021","2","A","골목상권","1000845","강남대로34길","19439","13196","6243","115","3510","5603","4524","3149","2538","57","1887","3958","3327","2118","1849","58","1623","1645","1197","1031","689"
"2021","2","A","골목상권","1000525","목동중앙로3길","2498","1211","1287","5","284","548","763","592","306","3","124","269","308","274","233","2","160","279","455","318","73"
"2021","2","A","골목상권","1000814","승방길","3114","2065","1049","7","575","763","809","576","384","5","304","522","561","400","273","2","271","241","248","176","111"
"2021","2","A","골목상권","1000830","조원로18길","6128","4664","1464","4","721","1400","1460","1014","1529","2","343","995","1136","762","1426","2","378","405","324","252","103"
"2021","2","A","골목상권","1000358","도당로29길","2804","1527","1277","6","275","496","683","858","486","5","150","329","325","355","363","1","125","167","358","503","123"
"2021","2","A","골목상권","1000539","오목로5길","2561","1546","1015","4","195","376","587","789","610","2","85","207","321","472","459","2","110","169","266","317","151"
"2021","2","A","골목상권","1000426","증산로5길","2072","1401","671","0","258","547","578","460","229","0","121","397","406","324","153","0","137","150","172","136","76"
"2021","2","A","골목상권","1000399","연서로11길","2285","1161","1124","10","456","477","497","471","374","3","193","221","235","256","253","7","263","256","262","215","121"
"2021","2","A","골목상권","1000390","갈현로1길","1825","900","925","6","304","414","399","358","344","1","100","195","204","167","233","5","204","219","195","191","111"
"2021","2","A","골목상권","1000512","남부순환로33길","2613","1436","1177","1","269","561","577","680","525","1","123","285","299","393","335","0","146","276","278","287","190"
"2021","2","A","골목상권","1000541","은행정로7길","3893","2310","1583","12","838","600","564","661","1218","5","255","285","302","379","1084","7","583","315","262","282","134"
"2021","2","A","골목상권","1000643","디지털로32가길","30685","18890","11795","91","6090","10431","8067","3738","2268","44","2879","6638","5296","2379","1654","47","3211","3793","2771","1359","614"
"2021","2","A","골목상권","1000420","응암로22길","1297","807","490","1","145","210","288","366","287","1","79","121","163","219","224","0","66","89","125","147","63"
"2021","2","A","골목상권","1000586","등촌로51길","2282","1364","918","6","305","436","562","553","420","2","122","234","317","346","343","4","183","202","245","207","77"
"2021","2","A","골목상권","1000428","증산서길","2915","2010","905","0","232","477","547","595","1064","0","102","264","283","399","962","0","130","213","264","196","102"
"2021","2","A","골목상권","1000885","서초중앙로8길","38050","20954","17096","82","8143","9265","8034","10092","2434","24","2727","4762","4524","7107","1810","58","5416","4503","3510","2985","624"
"2021","2","A","골목상권","1000477","매봉산로2길","7758","4869","2889","7","1643","2988","2130","779","211","4","769","1962","1426","552","156","3","874","1026","704","227","55"
"2021","2","A","골목상권","1000604","화곡로20길","2589","1431","1158","2","298","541","572","670","506","1","151","319","306","360","294","1","147","222","266","310","212"
"2021","2","A","골목상권","1000558","강서로35길","2339","1233","1106","3","315","457","541","584","439","2","120","244","274","298","295","1","195","213","267","286","144"
"2021","2","A","골목상권","1000614","개봉로23가길","7606","3974","3632","10","649","1443","1959","2251","1294","6","369","795","938","1066","800","4","280","648","1021","1185","494"
"2021","2","A","골목상권","1000207","제기로5길","935","590","345","1","67","174","296","222","175","1","33","90","177","153","136","0","34","84","119","69","39"
"2021","2","A","골목상권","1000204","전농로3길","5028","2106","2922","6","712","1005","1480","1452","373","3","484","665","450","279","225","3","228","340","1030","1173","148"
"2021","2","A","골목상권","1000172","답십리로56길","1642","966","676","7","193","331","415","414","282","5","84","182","226","261","208","2","109","149","189","153","74"
"2021","2","A","골목상권","1000553","가로공원로80길","2802","1680","1122","7","268","522","665","806","534","4","127","316","384","519","330","3","141","206","281","287","204"
"2021","2","A","골목상권","1000600","초록마을로3길","4067","2605","1462","5","851","847","792","820","752","1","292","509","512","627","664","4","559","338","280","193","88"
"2021","2","A","골목상권","1000640","도림로12길","4678","3284","1394","31","973","1404","1228","671","371","25","611","1005","911","451","281","6","362","399","317","220","90"
"2021","2","A","골목상권","1000702","도림천로21길","16544","9657","6887","62","3622","5751","4140","1811","1158","25","1584","3459","2646","1167","776","37","2038","2292","1494","644","382"
"2021","2","A","골목상권","1000609","개봉로11길","2872","1300","1572","8","426","520","734","793","391","6","221","284","279","271","239","2","205","236","455","522","152"
"2021","2","A","골목상권","1000759","상도로47길","4010","2271","1739","9","727","1086","924","812","452","2","295","617","564","515","278","7","432","469","360","297","174"
"2021","2","A","골목상권","1000353","노해로63다길","5926","3931","1995","6","637","1379","1476","1182","1246","4","352","984","1046","677","868","2","285","395","430","505","378"
"2021","2","A","골목상권","1000627","구로동로28길","4421","2563","1858","7","555","1246","1028","1084","501","3","246","655","557","765","337","4","309","591","471","319","164"
"2021","2","A","골목상권","1000653","중앙로1길","4765","2842","1923","4","529","1030","1138","1158","906","3","272","559","578","685","745","1","257","471","560","473","161"
"2021","2","A","골목상권","1000612","개봉로1길","1291","852","439","1","188","309","317","260","216","1","87","216","219","170","159","0","101","93","98","90","57"
"2021","2","A","골목상권","1000693","대림로29길","4656","2704","1952","8","477","756","1032","1146","1237","3","202","437","581","669","812","5","275","319","451","477","425"
"2021","2","A","골목상권","1000638","구로중앙로8길","3151","2084","1067","3","289","590","787","902","580","2","135","345","514","657","431","1","154","245","273","245","149"
"2021","2","A","골목상권","1000628","구로동로38길","4541","2539","2002","7","562","1227","1055","1197","493","3","265","649","588","744","290","4","297","578","467","453","203"
"2021","2","A","골목상권","1000895","논현로10길","5297","3312","1985","11","748","1190","1301","1096","951","3","375","745","791","659","739","8","373","445","510","437","212"
"2021","2","A","골목상권","1000877","주흥15길","8390","4402","3988","23","1897","2583","1908","1198","781","7","571","1379","1238","681","526","16","1326","1204","670","517","255"
"2021","2","A","골목상권","1000648","새말로18길","4598","2651","1947","27","706","1196","1260","917","492","22","309","679","715","580","346","5","397","517","545","337","146"
"2021","2","A","골목상권","1000635","구로중앙로34길","4585","2949","1636","10","784","1122","1177","922","570","5","474","763","783","561","363","5","310","359","394","361","207"
"2021","2","A","골목상권","1000864","방배로42길","19353","11886","7467","56","4076","5642","5020","3373","1186","21","1447","3361","3570","2531","956","35","2629","2281","1450","842","230"
"2021","2","A","골목상권","1000744","등용로14길","7845","4648","3197","23","1135","2520","2134","1471","562","5","551","1437","1312","971","372","18","584","1083","822","500","190"
"2021","2","A","골목상권","1000736","노량진로6길","6430","3598","2832","12","829","2037","1763","1276","513","3","377","1057","1021","823","317","9","452","980","742","453","196"
"2021","2","A","골목상권","1000795","남부순환로142길","5112","3566","1546","18","457","846","934","918","1939","13","227","487","579","550","1710","5","230","359","355","368","229"
"2021","2","A","골목상권","1000751","사당로23나길","812","325","487","6","86","151","226","231","112","2","31","64","86","83","59","4","55","87","140","148","53"
"2021","2","A","골목상권","1000740","동작대로29길","994","517","477","11","141","240","257","220","125","4","62","144","150","95","62","7","79","96","107","125","63"
"2021","2","A","골목상권","1000677","시흥대로36길","6991","3889","3102","12","537","1047","1616","1813","1966","3","263","660","896","911","1156","9","274","387","720","902","810"
"2021","2","A","골목상권","1000866","사평대로22길","83130","76093","7037","35","8034","17085","21932","32915","3129","16","6503","14918","20092","31859","2705","19","1531","2167","1840","1056","424"
"2021","2","A","골목상권","1000724","여의대방로43나길","5885","4255","1630","6","967","1226","1133","1796","757","3","627","927","831","1350","517","3","340","299","302","446","240"
"2021","2","A","골목상권","1000745","만양로14길","2229","1309","920","5","276","620","582","441","305","3","124","366","376","257","183","2","152","254","206","184","122"
"2021","2","A","골목상권","1000888","강남대로140길","20953","11799","9154","51","4593","6512","4708","3179","1910","15","1631","3672","3101","1954","1426","36","2962","2840","1607","1225","484"
"2021","2","A","골목상권","1000923","삼성로75길","36407","23199","13208","154","5807","10785","10133","6080","3448","23","2523","6664","7248","4502","2239","131","3284","4121","2885","1578","1209"
"2021","2","A","골목상권","1000388","한글비석로44길","1614","800","814","3","101","158","255","416","681","2","45","84","104","182","383","1","56","74","151","234","298"
"2021","2","A","골목상권","1000352","노해로60길","2005","1119","886","7","258","399","475","517","349","4","89","178","266","326","256","3","169","221","209","191","93"
"2021","2","A","골목상권","1000476","망원로2길","3573","1970","1603","12","911","970","773","517","390","5","529","512","375","277","272","7","382","458","398","240","118"
"2021","2","A","골목상권","1000944","백제고분로22길","5641","3796","1845","13","865","1427","1288","1128","920","3","501","1019","906","707","660","10","364","408","382","421","260"
"2021","2","A","골목상권","1000951","백제고분로45길","15378","8720","6658","29","2384","3918","3571","3343","2133","12","1032","2304","2283","1836","1253","17","1352","1614","1288","1507","880"
"2021","2","A","골목상권","1000187","서울시립대로16길","1212","705","507","2","157","239","338","315","161","1","73","132","206","200","93","1","84","107","132","115","68"
"2021","2","A","골목상권","1000092","뚝섬로5길","8814","5702","3112","35","1634","2623","2123","1448","951","20","875","1689","1433","989","696","15","759","934","690","459","255"
"2021","2","A","골목상권","1000108","성수이로18길","19110","12036","7074","144","3817","4756","4454","3682","2257","89","1922","3107","2991","2302","1625","55","1895","1649","1463","1380","632"
"2021","2","A","골목상권","1000100","무학봉28길","3725","2164","1561","12","559","795","870","897","592","2","212","465","548","574","363","10","347","330","322","323","229"
"2021","2","A","골목상권","1000960","양재대로64길","14088","7953","6135","35","1591","3150","3034","2441","3837","16","726","1837","1925","1220","2229","19","865","1313","1109","1221","1608"
"2021","2","A","골목상권","1000439","북아현로4길","4173","2515","1658","3","713","1133","1023","806","495","1","334","709","630","512","329","2","379","424","393","294","166"
"2021","2","A","골목상권","1000812","봉천로33길","4896","2257","2639","12","705","949","1077","1311","842","1","214","419","507","611","505","11","491","530","570","700","337"
"2021","2","A","골목상권","1000799","남부순환로234길","4031","2679","1352","9","636","1259","802","714","611","6","309","864","515","479","506","3","327","395","287","235","105"
"2021","2","A","골목상권","1000022","창신2길","901","410","491","3","106","169","222","210","191","1","27","58","107","106","111","2","79","111","115","104","80"
"2021","2","A","골목상권","1000361","도봉로143길","1706","982","724","5","215","362","408","444","272","4","97","219","241","254","167","1","118","143","167","190","105"
"2021","2","A","골목상권","1000373","삼양로144길","721","298","423","0","103","108","183","165","162","0","19","38","81","65","95","0","84","70","102","100","67"
"2021","2","A","골목상권","1000461","도화4길","16876","9892","6984","39","2983","3895","3920","3784","2255","21","1543","2617","2510","1864","1337","18","1440","1278","1410","1920","918"
"2021","2","A","골목상권","1000143","동일로24길","3094","2015","1079","13","419","693","812","642","515","6","211","440","547","411","400","7","208","253","265","231","115"
"2021","2","A","골목상권","1000053","녹사평대로40나길","2385","1253","1132","6","316","719","598","567","179","5","113","319","313","371","132","1","203","400","285","196","47"
"2021","2","A","골목상권","1000062","우사단로10길","4890","2621","2269","26","907","1656","1262","703","336","10","249","845","824","501","192","16","658","811","438","202","144"
"2021","2","A","골목상권","1000070","이태원로27길","17872","8709","9163","49","4899","6777","3836","1789","522","28","1439","3078","2376","1391","397","21","3460","3699","1460","398","125"
"2021","2","A","골목상권","1000080","한강대로52길","25834","9922","15912","128","6440","8327","7146","2984","809","54","2309","3034","2590","1432","503","74","4131","5293","4556","1552","306"
"2021","2","A","골목상권","1000094","마장로39길","1481","987","494","1","145","233","349","437","316","1","87","154","216","291","238","0","58","79","133","146","78"
"2021","2","A","골목상권","1000065","원효로19길","8012","5809","2203","31","1316","2537","2176","1373","579","15","750","1802","1695","1091","456","16","566","735","481","282","123"
"2021","2","A","골목상권","1000074","청파로47나길","6480","3174","3306","11","1149","1831","1425","1178","886","6","301","709","739","749","670","5","848","1122","686","429","216"
"2021","2","A","골목상권","1000124","청계천로10나길","8716","5845","2871","46","796","1707","2077","2834","1256","33","441","1062","1400","2005","904","13","355","645","677","829","352"
"2021","2","A","골목상권","1000233","동일로139가길","2323","1520","803","2","338","578","560","546","299","2","202","364","338","382","232","0","136","214","222","164","67"
"2021","2","A","골목상권","1000115","아차산로5길","9775","6281","3494","38","1502","2414","2298","1907","1616","25","865","1548","1526","1214","1103","13","637","866","772","693","513"
"2021","2","A","골목상권","1000132","광나루로52길","9838","5349","4489","11","1019","1942","2434","2779","1653","6","585","1271","1501","1178","808","5","434","671","933","1601","845"
"2021","2","A","골목상권","1000146","뚝섬로48길","2096","1462","634","7","385","414","538","518","234","4","273","293","365","350","177","3","112","121","173","168","57"
"2021","2","A","골목상권","1000147","뚝섬로54길","2167","1408","759","14","469","477","538","459","210","10","355","322","305","250","166","4","114","155","233","209","44"
"2021","2","A","골목상권","1000148","뚝섬로58길","3129","1834","1295","13","357","640","850","913","356","9","224","372","481","482","266","4","133","268","369","431","90"
"2021","2","A","골목상권","1000290","인촌로1길","5136","2931","2205","11","550","1230","1246","1337","762","3","244","628","732","871","453","8","306","602","514","466","309"
"2021","2","A","골목상권","1000289","인촌로17가길","1215","677","538","1","241","377","311","175","110","0","115","240","168","88","66","1","126","137","143","87","44"
"2021","2","A","골목상권","1000245","면목로49길","2892","1746","1146","6","325","625","796","681","459","3","139","346","451","460","347","3","186","279","345","221","112"
"2021","2","A","골목상권","1000322","도봉로45길","1984","992","992","1","190","389","536","486","382","1","82","178","276","282","173","0","108","211","260","204","209"
"2021","2","A","골목상권","1000311","화랑로19길","1924","1083","841","4","339","477","528","372","204","1","153","280","296","204","149","3","186","197","232","168","55"
"2021","2","A","골목상권","1000088","고산자로6길","4971","2984","1987","12","659","1084","1372","1214","630","2","206","570","863","850","493","10","453","514","509","364","137"
"2021","2","A","골목상권","1000313","화랑로32길","1528","947","581","4","186","373","394","357","214","0","71","233","235","238","170","4","115","140","159","119","44"
"2021","2","A","골목상권","1000683","가마산로61길","1070","583","487","2","103","236","288","262","179","2","38","119","148","149","127","0","65","117","140","113","52"
"2021","2","A","골목상권","1000450","증가로6길","2897","2017","880","35","517","820","647","602","276","30","323","586","463","407","208","5","194","234","184","195","68"
"2021","2","A","골목상권","1000449","증가로23나길","3726","1805","1921","9","539","808","864","920","586","4","162","387","432","471","349","5","377","421","432","449","237"
"2021","2","A","골목상권","1000689","당산로37길","15876","8761","7115","47","3483","4772","3765","2292","1517","19","1432","2703","2175","1412","1020","28","2051","2069","1590","880","497"
"2021","2","A","골목상권","1000706","도신로62길","2200","1144","1056","1","286","498","432","527","456","0","136","293","252","234","229","1","150","205","180","293","227"
"2021","2","A","골목상권","1000783","관악로30길","3154","1519","1635","8","425","656","786","797","482","5","168","308","407","372","259","3","257","348","379","425","223"
"2021","2","A","골목상권","1000788","낙성대역길","5705","3605","2100","21","1084","1588","1265","940","807","11","500","1026","806","616","646","10","584","562","459","324","161"
"2021","2","A","골목상권","1000823","신원로3길","1829","969","860","5","172","307","365","418","562","0","82","163","207","212","305","5","90","144","158","206","257"
"2021","2","A","골목상권","1000843","소담길","1287","662","625","0","188","300","337","255","207","0","66","145","154","137","160","0","122","155","183","118","47"
"2021","2","A","골목상권","1000505","토정로37길","13888","8500","5388","13","2141","3321","3206","2759","2448","9","1058","2025","2191","1716","1501","4","1083","1296","1015","1043","947"
"2021","2","A","골목상권","1000842","원신길","810","406","404","8","99","206","220","189","88","2","29","89","125","91","70","6","70","117","95","98","18"
"2021","2","A","골목상권","1000710","선유로55길","11192","6156","5036","34","2214","3241","3133","1594","976","12","909","1925","1762","863","685","22","1305","1316","1371","731","291"
"2021","2","A","골목상권","1000719","양평로19길","12312","6912","5400","37","2423","3545","3426","1789","1092","14","1069","2162","1915","964","788","23","1354","1383","1511","825","304"
"2021","2","A","골목상권","1000194","이문로42길","1875","896","979","2","236","373","458","469","337","1","77","189","213","209","207","1","159","184","245","260","130"
"2021","2","A","골목상권","1000123","장터길","934","408","526","1","110","227","249","238","109","0","28","86","114","112","68","1","82","141","135","126","41"
"2021","2","A","골목상권","1000224","겸재로54길","1723","989","734","2","149","360","435","489","288","0","52","182","235","314","206","2","97","178","200","175","82"
"2021","2","A","골목상권","1000164","자양번영로3길","2410","1751","659","5","268","492","717","699","229","3","184","349","521","521","173","2","84","143","196","178","56"
"2021","2","A","골목상권","1000152","아차산로51길","14145","10878","3267","14","898","2236","3957","5628","1412","11","462","1418","3051","4759","1177","3","436","818","906","869","235"
"2021","2","A","골목상권","1000236","동일로149길","1644","1148","496","1","250","431","408","418","136","1","160","301","274","311","101","0","90","130","134","107","35"
"2021","2","A","골목상권","1000309","화랑로13길","3666","2389","1277","1","489","1018","810","696","652","0","231","675","508","447","528","1","258","343","302","249","124"
"2021","2","A","골목상권","1000478","모래내로7길","1886","1205","681","3","178","335","447","527","396","2","80","176","294","372","281","1","98","159","153","155","115"
"2021","2","A","골목상권","1000297","정릉로26길","1495","568","927","1","255","373","406","316","144","0","62","153","129","131","93","1","193","220","277","185","51"
"2021","2","A","골목상권","1000382","상계로12길","2778","1526","1252","15","390","539","719","680","435","11","153","297","366","381","318","4","237","242","353","299","117"
"2021","2","A","골목상권","1000863","방배로35길","14040","8753","5287","45","2919","3994","3226","2662","1194","10","1039","2388","2311","2037","968","35","1880","1606","915","625","226"
"2021","2","A","골목상권","1000908","도산대로38길","21627","12075","9552","49","4549","6686","5241","3289","1813","15","1620","3499","3348","2260","1333","34","2929","3187","1893","1029","480"
"2021","2","A","골목상권","1000926","선릉로133길","21171","13647","7524","57","3803","6112","5428","3754","2017","13","1706","3650","3838","2839","1601","44","2097","2462","1590","915","416"
"2021","2","A","골목상권","1000945","백제고분로31길","13652","9597","4055","33","1722","2774","3329","2729","3065","28","1019","1936","2383","1827","2404","5","703","838","946","902","661"
"2021","2","A","골목상권","1000948","백제고분로34길","5206","3412","1794","15","645","1084","1272","1218","972","11","361","715","831","757","737","4","284","369","441","461","235"
"2021","2","A","골목상권","1000988","양재대로124길","3733","2287","1446","9","349","663","834","966","912","5","198","420","489","584","591","4","151","243","345","382","321"
"2021","2","A","골목상권","1001001","천중로39길","3291","2040","1251","8","289","596","840","816","742","3","142","371","504","519","501","5","147","225","336","297","241"
"2021","2","A","골목상권","1000980","상암로51길","2115","953","1162","2","209","386","517","550","451","0","64","187","233","234","235","2","145","199","284","316","216"
"2021","2","A","골목상권","1000030","다산로33길","5574","2897","2677","12","790","1334","1468","1445","525","4","266","632","791","863","341","8","524","702","677","582","184"
"2021","2","A","골목상권","1000235","동일로140길","2688","1741","947","1","373","630","649","637","398","1","212","366","386","448","328","0","161","264","263","189","70"
"2021","2","A","골목상권","1000498","월드컵로11길","3309","1814","1495","5","567","778","860","607","492","3","240","408","469","357","337","2","327","370","391","250","155"
"2021","2","A","골목상권","1000800","남부순환로248길","1853","971","882","9","291","518","486","332","217","7","104","267","245","173","175","2","187","251","241","159","42"
"2021","2","A","골목상권","1000714","신길로17길","2074","1208","866","10","201","480","645","489","249","6","111","294","326","293","178","4","90","186","319","196","71"
"2021","2","A","골목상권","1000827","장군봉1길","2517","1160","1357","2","375","556","567","551","466","1","126","266","274","269","224","1","249","290","293","282","242"
"2021","2","A","골목상권","1000240","망우로73길","1580","995","585","2","129","243","331","503","372","1","48","97","162","350","337","1","81","146","169","153","35"
"2021","2","A","골목상권","1000202","장한로8길","5023","3212","1811","13","542","925","1072","1109","1362","9","274","576","665","701","987","4","268","349","407","408","375"
"2021","2","A","골목상권","1000201","장한로5길","5323","3412","1911","16","511","879","1104","1211","1602","12","281","571","744","755","1049","4","230","308","360","456","553"
"2021","2","A","골목상권","1000011","숭인동길","8281","3317","4964","7","870","1349","1601","2113","2341","0","245","580","725","633","1134","7","625","769","876","1480","1207"
"2021","2","A","골목상권","1000002","난계로27길","11773","6288","5485","24","1005","2306","3308","3030","2100","14","498","1408","1718","1410","1240","10","507","898","1590","1620","860"
"2021","2","A","골목상권","1000073","청파로47길","7345","4142","3203","31","1393","2513","1795","1096","517","14","618","1336","1078","735","361","17","775","1177","717","361","156"
"2021","2","A","골목상권","1000056","두텁바위로1길","8157","4692","3465","19","1343","2358","2180","1545","712","8","412","1114","1467","1139","552","11","931","1244","713","406","160"
"2021","2","A","골목상권","1000284","아리랑로4길","2365","1201","1164","21","341","481","540","576","406","16","110","203","273","322","277","5","231","278","267","254","129"
"2021","2","A","골목상권","1000773","여의대방로24길","20339","12832","7507","53","3857","4058","3357","4807","4207","28","2884","3206","2158","2339","2217","25","973","852","1199","2468","1990"
"2021","2","A","골목상권","1000831","조원중앙로2길","6070","4212","1858","10","723","1022","1192","1113","2010","5","360","655","733","691","1768","5","363","367","459","422","242"
"2021","2","A","골목상권","1000900","논현로26길","40746","21197","19549","210","7278","10726","12390","7170","2972","112","3624","6781","5771","2888","2021","98","3654","3945","6619","4282","951"
"2021","2","A","골목상권","1000852","논현로27길","43316","22358","20958","444","9311","10840","12210","7550","2961","214","4629","6597","5384","3167","2367","230","4682","4243","6826","4383","594"
"2021","2","A","골목상권","1000909","도산대로50길","22572","12409","10163","69","5440","7053","5252","3150","1608","22","1757","3485","3447","2427","1271","47","3683","3568","1805","723","337"
"2021","2","A","골목상권","1000400","연서로13길","4099","2157","1942","11","554","694","881","1307","652","2","181","304","429","794","447","9","373","390","452","513","205"
"2021","2","A","골목상권","1000432","통일로78길","3460","1707","1753","7","332","481","609","702","1329","2","143","252","274","297","739","5","189","229","335","405","590"
"2021","2","A","골목상권","1000216","한천로40길","3901","2396","1505","42","1579","638","549","630","463","24","890","432","324","364","362","18","689","206","225","266","101"
"2021","2","A","골목상권","1000174","답십리로63길","3950","2081","1869","49","1679","741","663","541","277","31","917","445","284","227","177","18","762","296","379","314","100"
"2021","2","A","골목상권","1000417","응암로12길","1435","563","872","1","166","271","408","394","195","0","45","84","145","163","126","1","121","187","263","231","69"
"2021","2","A","골목상권","1000510","곰달래로3길","2129","1259","870","4","211","408","549","685","272","2","109","227","303","420","198","2","102","181","246","265","74"
"2021","2","A","골목상권","1000403","연서로21길","4079","2411","1668","10","316","591","958","1350","854","6","125","324","486","850","620","4","191","267","472","500","234"
"2021","2","A","골목상권","1000524","목동중앙로13나길","1935","1252","683","3","235","575","543","388","191","2","117","338","357","309","129","1","118","237","186","79","62"
"2021","2","A","골목상권","1000409","연서로3길","2341","1159","1182","5","259","448","668","606","355","2","111","227","323","264","232","3","148","221","345","342","123"
"2021","2","A","골목상권","1000517","남부순환로88길","1848","1273","575","3","104","257","445","634","405","0","44","151","292","462","324","3","60","106","153","172","81"
"2021","2","A","골목상권","1000592","양천로24가길","3150","2066","1084","10","315","559","942","851","473","8","176","349","645","541","347","2","139","210","297","310","126"
"2021","2","A","골목상권","1000639","남부순환로97길","6429","3568","2861","39","1174","1596","1362","1449","809","20","683","1075","689","609","492","19","491","521","673","840","317"
"2021","2","A","골목상권","1000192","왕산로33길","1277","685","592","3","165","207","251","351","300","2","71","118","146","162","186","1","94","89","105","189","114"
"2021","2","A","골목상권","1000190","약령시로17길","1197","647","550","0","100","194","256","364","283","0","47","96","132","171","201","0","53","98","124","193","82"
"2021","2","A","골목상권","1000886","강남대로118길","10604","6747","3857","61","2633","3254","2316","1419","921","42","1455","2142","1577","896","635","19","1178","1112","739","523","286"
"2021","2","A","골목상권","1000875","신반포로45길","9300","5414","3886","32","1924","2692","2293","1366","993","15","732","1544","1578","865","680","17","1192","1148","715","501","313"
"2021","2","A","골목상권","1000532","신목로5길","16076","9739","6337","89","2806","5277","4081","2815","1008","66","1341","3237","2618","1825","652","23","1465","2040","1463","990","356"
"2021","2","A","골목상권","1000636","구로중앙로42길","8795","6396","2399","17","795","2277","2343","1997","1366","12","449","1687","1744","1454","1050","5","346","590","599","543","316"
"2021","2","A","골목상권","1000568","개화동로25길","32037","16958","15079","3","5511","10823","8819","5927","954","0","1268","4466","5153","5250","821","3","4243","6357","3666","677","133"
"2021","2","A","골목상권","1000589","방화대로21길","4053","2046","2007","9","399","636","737","1110","1162","2","171","370","450","466","587","7","228","266","287","644","575"
"2021","2","A","골목상권","1000594","양천로26길","1360","872","488","2","176","295","335","366","186","1","97","186","187","243","158","1","79","109","148","123","28"
"2021","2","A","골목상권","1000761","상도로62길","1933","1117","816","1","153","362","550","527","340","0","61","169","314","311","262","1","92","193","236","216","78"
"2021","2","A","골목상권","1000746","만양로8길","3874","2130","1744","16","458","910","1022","916","552","12","220","525","600","457","316","4","238","385","422","459","236"
"2021","2","A","골목상권","1000607","화곡로59길","11331","6520","4811","40","1642","2904","2786","2885","1074","12","758","1821","1740","1562","627","28","884","1083","1046","1323","447"
"2021","2","A","골목상권","1000377","해등로16길","6159","3977","2182","2","696","1378","1486","1288","1309","0","374","978","1050","696","879","2","322","400","436","592","430"
"2021","2","A","골목상권","1000575","공항대로42길","3316","1427","1889","1","310","526","643","669","1167","0","105","248","294","275","505","1","205","278","349","394","662"
"2021","2","A","골목상권","1000616","개봉로3길","1322","779","543","1","198","272","305","307","239","1","89","152","174","189","174","0","109","120","131","118","65"
"2021","2","A","골목상권","1000672","시흥대로138길","1885","1086","799","3","234","356","463","464","365","2","140","212","278","251","203","1","94","144","185","213","162"
"2021","2","A","골목상권","1000678","시흥대로62가길","1944","884","1060","7","319","366","487","501","264","6","131","171","219","198","159","1","188","195","268","303","105"
"2021","2","A","골목상권","1000680","시흥대로68길","3004","1558","1446","17","589","756","680","628","334","12","262","413","337","291","243","5","327","343","343","337","91"
"2021","2","A","골목상권","1000045","퇴계로18길","21805","10426","11379","69","3104","6809","7093","3775","955","11","996","3010","3117","2725","567","58","2108","3799","3976","1050","388"
"2021","2","A","골목상권","1000595","양천로49길","5710","3599","2111","14","619","1180","1278","1459","1160","8","317","748","781","891","854","6","302","432","497","568","306"
"2021","2","A","골목상권","1000629","구로동로41길","1500","697","803","4","173","249","328","434","312","2","70","131","172","153","169","2","103","118","156","281","143"
"2021","2","A","골목상권","1000645","부일로11길","1720","1024","696","5","168","338","435","483","291","2","80","194","255","302","191","3","88","144","180","181","100"
"2021","2","A","골목상권","1000630","구로동로42길","4570","2045","2525","17","721","1027","1027","1117","661","6","260","393","430","567","389","11","461","634","597","550","272"
"2021","2","A","골목상권","1000903","논현로8길","3256","2100","1156","4","503","741","725","654","629","1","248","485","459","431","476","3","255","256","266","223","153"
"2021","2","A","골목상권","1000894","논현로106길","13899","7758","6141","37","3054","4439","3228","1839","1302","14","1093","2548","2142","1076","885","23","1961","1891","1086","763","417"
"2021","2","A","골목상권","1000754","사당로2차길","1302","661","641","1","117","247","369","351","217","0","51","97","163","189","161","1","66","150","206","162","56"
"2021","2","A","골목상권","1000879","청두곶길","13318","6766","6552","23","2174","3922","3771","2298","1130","8","761","1970","1855","1410","762","15","1413","1952","1916","888","368"
"2021","2","A","골목상권","1000758","상도로37길","3599","2069","1530","10","672","958","800","740","419","2","280","566","495","470","256","8","392","392","305","270","163"
"2021","2","A","골목상권","1000374","시루봉로23길","2007","1393","614","7","171","326","422","562","519","5","88","210","238","396","456","2","83","116","184","166","63"
"2021","2","A","골목상권","1000723","여의대방로39길","4878","3529","1349","7","977","1162","986","1391","355","4","580","851","736","1108","250","3","397","311","250","283","105"
"2021","2","A","골목상권","1000822","신사로20길","2857","2160","697","1","454","818","905","519","160","1","216","615","773","439","116","0","238","203","132","80","44"
"2021","2","A","골목상권","1000910","도산대로81길","27385","14619","12766","88","6799","9828","6003","3413","1254","32","2185","5140","3893","2419","950","56","4614","4688","2110","994","304"
"2021","2","A","골목상권","1000326","도봉로99길","1726","787","939","1","383","412","412","379","139","0","101","196","193","201","96","1","282","216","219","178","43"
"2021","2","A","골목상권","1000274","보문로13길","6379","4803","1576","7","521","1743","1183","1318","1607","1","318","1444","946","1014","1080","6","203","299","237","304","527"
"2021","2","A","골목상권","1000911","도산대로89길","15582","8941","6641","53","3591","4910","3627","2340","1061","25","1396","2918","2412","1412","778","28","2195","1992","1215","928","283"
"2021","2","A","골목상권","1000379","동일로173가길","4507","2423","2084","7","423","581","929","1317","1250","3","198","330","466","658","768","4","225","251","463","659","482"
"2021","2","A","골목상권","1000169","경희대로4길","2471","851","1620","1","635","796","539","319","181","1","118","263","205","132","132","0","517","533","334","187","49"
"2021","2","A","골목상권","1000004","명륜길","1696","957","739","11","323","483","360","296","223","11","133","250","224","177","162","0","190","233","136","119","61"
"2021","2","A","골목상권","1000188","서울시립대로29길","2817","1495","1322","5","375","592","640","678","527","2","120","239","337","390","407","3","255","353","303","288","120"
"2021","2","A","골목상권","1000007","북촌로5길","9139","7323","1816","3","1312","2611","2919","1877","417","1","890","2027","2453","1603","349","2","422","584","466","274","68"
"2021","2","A","골목상권","1000061","신흥로20길","2563","1659","904","2","324","477","813","752","195","2","118","274","586","545","134","0","206","203","227","207","61"
"2021","2","A","골목상권","1000149","뚝섬로64길","3109","1715","1394","4","279","676","816","901","433","1","128","384","446","452","304","3","151","292","370","449","129"
"2021","2","A","골목상권","1000280","삼선교로16가길","2374","1509","865","2","288","621","698","570","195","0","104","382","484","420","119","2","184","239","214","150","76"
"2021","2","A","골목상권","1000279","삼선교로10다길","2140","1279","861","3","162","256","647","619","453","0","60","121","380","400","318","3","102","135","267","219","135"
"2021","2","A","골목상권","1000458","광성로6길","4309","2311","1998","8","585","1137","1113","1048","418","5","221","510","610","672","293","3","364","627","503","376","125"
"2021","2","A","골목상권","1000708","디지털로57길","3660","2126","1534","6","365","498","748","904","1139","2","138","274","418","537","757","4","227","224","330","367","382"
"2021","2","A","골목상권","1000193","왕산로43길","2884","1522","1362","2","423","750","539","578","592","2","174","472","259","286","329","0","249","278","280","292","263"
"2021","2","A","골목상권","1000976","동남로85길","1560","790","770","0","154","294","388","398","326","0","61","149","173","196","211","0","93","145","215","202","115"
"2021","2","A","골목상권","1000992","양재대로96길","3572","1944","1628","10","449","761","838","872","642","9","218","411","470","420","416","1","231","350","368","452","226"
"2021","2","A","골목상권","1000977","명일로13길","2370","1260","1110","4","305","501","494","543","523","2","127","257","264","260","350","2","178","244","230","283","173"
"2021","2","A","골목상권","1000997","올림픽로80길","1647","861","786","4","168","286","360","392","437","4","68","126","160","184","319","0","100","160","200","208","118"
"2021","2","A","골목상권","1000971","구천면로36길","1476","794","682","2","133","234","306","342","459","2","46","101","142","159","344","0","87","133","164","183","115"
"2021","2","A","골목상권","1000969","고덕로25길","1210","622","588","3","114","166","214","296","417","1","42","87","90","125","277","2","72","79","124","171","140"
"2021","2","A","골목상권","1000996","올림픽로78길","1673","923","750","7","229","286","342","370","439","5","101","146","176","191","304","2","128","140","166","179","135"
"2021","2","A","골목상권","1000081","한강대로62길","15932","7729","8203","61","3485","5114","4374","2273","625","30","1377","2333","2253","1355","381","31","2108","2781","2121","918","244"
"2021","2","A","골목상권","1000034","동호로10길","6836","3723","3113","17","1312","1820","1519","1314","854","6","483","1029","936","745","524","11","829","791","583","569","330"
"2021","2","A","골목상권","1000077","한강대로104길","36052","21422","14630","180","11153","11590","7342","3944","1843","24","3407","7445","5886","3240","1420","156","7746","4145","1456","704","423"
"2021","2","A","골목상권","1000049","퇴계로90길","2340","1262","1078","6","384","594","555","454","347","6","172","281","281","269","253","0","212","313","274","185","94"
"2021","2","A","골목상권","1000093","마장로27길","8509","5092","3417","39","917","1342","1816","2804","1591","29","425","861","1213","1670","894","10","492","481","603","1134","697"
"2021","2","A","골목상권","1000098","무수막길","679","380","299","0","75","129","163","160","152","0","25","60","89","90","116","0","50","69","74","70","36"
"2021","2","A","골목상권","1000151","아차산로40길","2465","1497","968","8","381","560","656","533","327","5","188","318","401","323","262","3","193","242","255","210","65"
"2021","2","A","골목상권","1000242","면목로33길","1771","1210","561","3","146","273","467","639","243","2","61","154","307","496","190","1","85","119","160","143","53"
"2021","2","A","골목상권","1000254","사가정로54길","2447","1561","886","4","257","394","587","682","523","4","98","209","351","486","413","0","159","185","236","196","110"
"2021","2","A","골목상권","1000292","인촌로24길","3279","2060","1219","3","363","782","950","756","425","0","148","448","603","521","340","3","215","334","347","235","85"
"2021","2","A","골목상권","1000440","세검정로1길","7951","1661","6290","3","250","578","2095","3756","1269","1","93","194","366","496","511","2","157","384","1729","3260","758"
"2021","2","A","골목상권","1000347","한천로124나길","1582","1052","530","0","241","388","333","398","222","0","121","259","215","305","152","0","120","129","118","93","70"
"2021","2","A","골목상권","1000690","당산로38길","8580","5024","3556","27","1840","2474","1641","1561","1037","16","831","1378","1033","1030","736","11","1009","1096","608","531","301"
"2021","2","A","골목상권","1000691","당산로46길","8780","6183","2597","24","1222","2120","2253","1927","1234","7","607","1407","1660","1519","983","17","615","713","593","408","251"
"2021","2","A","골목상권","1000718","신길로60길","2096","1143","953","6","233","502","492","463","400","3","101","231","241","257","310","3","132","271","251","206","90"
"2021","2","A","골목상권","1000832","중앙길","2697","1260","1437","8","412","587","710","591","389","4","126","274","344","310","202","4","286","313","366","281","187"
"2021","2","A","골목상권","1000841","양지길","354","148","206","2","30","61","112","93","56","1","5","15","49","44","34","1","25","46","63","49","22"
"2021","2","A","골목상권","1000785","관천로22길","3943","2336","1607","8","544","963","1075","789","564","6","260","543","618","485","424","2","284","420","457","304","140"
"2021","2","A","골목상권","1000163","자양로53길","3133","1922","1211","7","338","584","936","852","416","3","155","354","590","521","299","4","183","230","346","331","117"
"2021","2","A","골목상권","1000038","동호로8길","4658","2510","2148","13","958","1262","1054","838","533","5","331","731","664","442","337","8","627","531","390","396","196"
"2021","2","A","골목상권","1000105","서울숲2길","2591","1654","937","5","386","534","625","594","447","4","159","321","384","419","367","1","227","213","241","175","80"
"2021","2","A","골목상권","1000112","송정4가길","5430","3327","2103","9","898","1444","1399","1020","660","3","455","898","890","601","480","6","443","546","509","419","180"
"2021","2","A","골목상권","1000307","한천로101가길","700","312","388","6","87","145","201","154","107","4","36","61","84","55","72","2","51","84","117","99","35"
"2021","2","A","골목상권","1000312","화랑로1길","3846","2556","1290","6","357","646","771","887","1179","3","178","396","449","596","934","3","179","250","322","291","245"
"2021","2","A","골목상권","1000287","오패산로3길","2850","1845","1005","4","209","352","537","564","1184","4","84","169","284","372","932","0","125","183","253","192","252"
"2021","2","A","골목상권","1000288","오패산로4길","4408","2833","1575","4","583","1149","982","932","758","2","286","749","590","605","601","2","297","400","392","327","157"
"2021","2","A","골목상권","1000328","삼양로20길","5023","2590","2433","416","1990","1284","666","420","247","177","890","703","373","240","207","239","1100","581","293","180","40"
"2021","2","A","골목상권","1000455","통일로39길","1448","749","699","3","167","225","380","479","194","1","48","109","194","270","127","2","119","116","186","209","67"
"2021","2","A","골목상권","1000442","세무서길","1599","845","754","5","180","231","420","513","250","1","46","119","204","309","166","4","134","112","216","204","84"
"2021","2","A","골목상권","1000299","정릉로8길","1934","1384","550","15","321","601","450","314","233","14","185","439","354","247","145","1","136","162","96","67","88"
"2021","2","A","골목상권","1000445","연희로10길","7041","5233","1808","4","896","1621","1470","2337","713","1","563","1074","991","2003","601","3","333","547","479","334","112"
"2021","2","A","골목상권","1000383","상계로1길","1710","765","945","3","199","318","434","471","285","0","74","174","195","192","130","3","125","144","239","279","155"
"2021","2","A","골목상권","1000934","일원로9길","11032","3873","7159","31","3251","3561","2242","1333","614","3","670","1250","888","634","428","28","2581","2311","1354","699","186"
"2021","2","A","골목상권","1000933","일원로3길","3277","1943","1334","4","447","623","767","723","713","2","214","361","443","433","490","2","233","262","324","290","223"
"2021","2","A","골목상권","1000743","동작대로7길","6637","3536","3101","14","1181","1731","1791","1201","719","5","378","879","981","748","545","9","803","852","810","453","174"
"2021","2","A","골목상권","1000913","봉은사로29길","26224","16731","9493","70","5560","8193","6149","3958","2294","28","2449","5252","4379","2928","1695","42","3111","2941","1770","1030","599"
"2021","2","A","골목상권","1000191","왕산로32길","2790","1398","1392","4","356","682","704","775","269","3","136","293","297","488","181","1","220","389","407","287","88"
"2021","2","A","골목상권","1000966","풍성로25길","2354","1231","1123","7","336","468","530","628","385","4","169","231","267","285","275","3","167","237","263","343","110"
"2021","2","A","골목상권","1000042","청구로17길","8635","4699","3936","17","1623","2359","2025","1733","878","6","591","1271","1211","1044","576","11","1032","1088","814","689","302"
"2021","2","A","골목상권","1000033","다산로39길","2618","1371","1247","9","425","591","630","561","402","2","144","273","347","330","275","7","281","318","283","231","127"
"2021","2","A","골목상권","1000086","효창원로39길","6649","4579","2070","21","1208","1796","1823","1289","512","14","670","1302","1313","906","374","7","538","494","510","383","138"
"2021","2","A","골목상권","1000099","무학로6길","5587","2607","2980","19","915","985","1139","1446","1083","4","332","567","644","620","440","15","583","418","495","826","643"
"2021","2","A","골목상권","1000262","돌곶이로14길","1130","729","401","3","138","285","273","289","142","0","69","183","170","195","112","3","69","102","103","94","30"
"2021","2","A","골목상권","1000481","성미산로11길","4046","2664","1382","13","538","998","1026","845","626","11","263","603","695","608","484","2","275","395","331","237","142"
"2021","2","A","골목상권","1000497","월드컵로10길","6092","3082","3010","13","1002","1583","1610","1144","740","9","385","750","851","614","473","4","617","833","759","530","267"
"2021","2","A","골목상권","1000833","청룡8길","2383","1069","1314","2","343","507","533","536","462","1","108","243","246","247","224","1","235","264","287","289","238"
"2021","2","A","골목상권","1000927","선릉로146길","21879","10989","10890","59","5999","7107","4597","2826","1291","15","1736","3412","2772","2148","906","44","4263","3695","1825","678","385"
"2021","2","A","골목상권","1000918","삼성로147길","12296","6043","6253","23","3433","3978","2326","1519","1017","7","1195","1958","1355","891","637","16","2238","2020","971","628","380"
"2021","2","A","골목상권","1000210","천호대로17길","6749","4474","2275","19","1205","1945","1500","1062","1018","8","649","1242","1040","758","777","11","556","703","460","304","241"
"2021","2","A","골목상권","1000665","독산로78다길","1317","707","610","0","120","198","249","349","401","0","74","119","119","165","230","0","46","79","130","184","171"
"2021","2","A","골목상권","1000258","용마산로118길","1833","1219","614","3","134","257","368","560","511","1","50","110","200","400","458","2","84","147","168","160","53"
"2021","2","A","골목상권","1000175","답십리로64길","3592","1860","1732","14","351","550","734","948","995","11","178","315","412","456","488","3","173","235","322","492","507"
"2021","2","A","골목상권","1000862","방배로18길","16840","11174","5666","81","3310","5220","4087","3098","1044","62","1567","3114","3035","2604","792","19","1743","2106","1052","494","252"
"2021","2","A","골목상권","1000733","국사봉1길","1584","785","799","1","131","293","392","425","342","1","56","160","203","193","172","0","75","133","189","232","170"
"2021","2","A","골목상권","1000529","목동중앙서로7길","3933","2050","1883","5","799","1056","935","771","367","1","207","513","540","490","299","4","592","543","395","281","68"
"2021","2","A","골목상권","1000791","난곡로34길","818","394","424","9","105","170","199","250","85","7","41","88","92","115","51","2","64","82","107","135","34"
"2021","2","A","골목상권","1000687","국회대로56길","7059","4101","2958","19","1498","1616","1611","1355","960","8","503","894","1064","912","720","11","995","722","547","443","240"
"2021","2","A","골목상권","1000430","진흥로1길","3173","1417","1756","4","333","557","870","870","539","0","110","254","400","372","281","4","223","303","470","498","258"
"2021","2","A","골목상권","1000357","도당로19길","1552","583","969","3","174","260","433","537","145","3","86","151","140","127","76","0","88","109","293","410","69"
"2021","2","A","골목상권","1000355","도당로13가길","742","396","346","1","86","149","193","177","136","1","41","79","88","97","90","0","45","70","105","80","46"
"2021","2","A","골목상권","1000511","곰달래로5길","2566","1425","1141","4","268","481","549","681","583","2","114","246","271","409","383","2","154","235","278","272","200"
"2021","2","A","골목상권","1000509","곰달래로2길","2257","1536","721","7","230","371","520","739","390","3","127","237","340","512","317","4","103","134","180","227","73"
"2021","2","A","골목상권","1000431","통일로69길","1346","637","709","8","153","255","386","330","214","7","69","128","175","134","124","1","84","127","211","196","90"
"2021","2","A","골목상권","1000406","연서로29길","2086","818","1268","9","331","486","525","473","262","6","84","193","201","183","151","3","247","293","324","290","111"
"2021","2","A","골목상권","1000527","목동중앙북로16길","4358","2547","1811","4","563","963","1287","1088","453","3","237","480","842","697","288","1","326","483","445","391","165"
"2021","2","A","골목상권","1000906","도산대로23길","14193","7539","6654","72","3880","4164","3152","1888","1037","21","1401","2263","1986","1139","729","51","2479","1901","1166","749","308"
"2021","2","A","골목상권","1000535","신월로20길","1527","957","570","4","142","247","376","387","371","1","63","127","219","235","312","3","79","120","157","152","59"
"2021","2","A","골목상권","1000548","중앙로55길","2507","1271","1236","9","217","443","656","756","426","8","101","261","324","332","245","1","116","182","332","424","181"
"2021","2","A","골목상권","1000597","양천로73가길","3841","2556","1285","6","468","916","933","886","632","5","216","579","604","617","535","1","252","337","329","269","97"
"2021","2","A","골목상권","1000530","목동중앙서로8가길","3429","1541","1888","4","775","990","813","625","222","2","162","421","430","357","169","2","613","569","383","268","53"
"2021","2","A","골목상권","1000531","신목로2길","12127","6779","5348","66","2275","3961","3073","2106","646","31","881","2114","1895","1374","484","35","1394","1847","1178","732","162"
"2021","2","A","골목상권","1000020","지봉로8길","1900","811","1089","4","226","368","551","466","285","0","63","141","194","232","181","4","163","227","357","234","104"
"2021","2","A","골목상권","1000205","전농로4길","4531","3351","1180","21","816","1152","1084","816","642","20","613","873","800","557","488","1","203","279","284","259","154"
"2021","2","A","골목상권","1000938","학동로6길","12693","8132","4561","39","2720","4024","2934","1885","1091","26","1436","2695","2021","1219","735","13","1284","1329","913","666","356"
"2021","2","A","골목상권","1000775","장승배기로10길","2989","1629","1360","14","453","643","709","723","447","8","284","369","374","340","254","6","169","274","335","383","193"
"2021","2","A","골목상권","1000581","국회대로7길","3300","1523","1777","3","685","796","697","710","409","2","176","352","364","372","257","1","509","444","333","338","152"
"2021","2","A","골목상권","1000652","중앙로15길","1933","1250","683","4","260","436","459","525","249","2","164","302","293","302","187","2","96","134","166","223","62"
"2021","2","A","골목상권","1000673","시흥대로141길","2749","1758","991","11","335","507","624","710","562","1","182","304","358","472","441","10","153","203","266","238","121"
"2021","2","A","골목상권","1000868","사평대로57길","9692","5277","4415","23","2181","2959","2377","1412","740","3","729","1591","1581","861","512","20","1452","1368","796","551","228"
"2021","2","A","골목상권","1000876","언남길","15684","10674","5010","57","2338","4446","4140","2875","1828","31","1297","3069","2963","1936","1378","26","1041","1377","1177","939","450"
"2021","2","A","골목상권","1000625","공원로6가길","6922","4441","2481","32","1107","1791","1942","1338","712","25","618","1156","1274","878","490","7","489","635","668","460","222"
"2021","2","A","골목상권","1000776","장승배기로19길","2239","1229","1010","2","386","493","520","518","320","1","253","268","252","270","185","1","133","225","268","248","135"
"2021","2","A","골목상권","1000771","여의대방로22나길","18445","11776","6669","50","3585","3615","2945","4402","3848","26","2813","2950","1896","2090","2001","24","772","665","1049","2312","1847"
"2021","2","A","골목상권","1000662","독산로50길","969","596","373","9","148","191","288","236","97","6","89","132","169","128","72","3","59","59","119","108","25"
"2021","2","A","골목상권","1000750","사당로23길","2564","1477","1087","2","375","669","724","589","205","0","155","372","462","340","148","2","220","297","262","249","57"
"2021","2","A","골목상권","1000365","도봉로169나길","1230","878","352","2","64","188","229","399","348","1","24","106","144","296","307","1","40","82","85","103","41"
"2021","2","A","골목상권","1000737","대방동27길","6476","4371","2105","8","1104","1427","1274","1795","868","4","608","983","873","1329","574","4","496","444","401","466","294"
"2021","2","A","골목상권","1000725","여의대방로61길","2949","1404","1545","7","608","751","745","478","360","1","203","349","366","243","242","6","405","402","379","235","118"
"2021","2","A","골목상권","1000778","흑석로13길","910","490","420","1","116","197","247","209","140","0","50","108","131","112","89","1","66","89","116","97","51"
"2021","2","A","골목상권","1000763","서달로14길","539","257","282","1","64","98","142","136","98","0","19","40","63","71","64","1","45","58","79","65","34"
"2021","2","A","골목상권","1000939","학동로77길","18382","7897","10485","81","3931","5147","4568","2902","1753","37","1378","2278","1797","1338","1069","44","2553","2869","2771","1564","684"
"2021","2","A","골목상권","1000219","휘경로23길","614","320","294","1","67","110","160","169","107","1","22","58","78","92","69","0","45","52","82","77","38"
"2021","2","A","골목상권","1000317","노해로33길","1032","522","510","1","143","197","273","255","163","0","44","97","126","133","122","1","99","100","147","122","41"
"2021","2","A","골목상권","1000941","동남로20길","4695","2916","1779","21","772","1191","1068","1071","572","17","453","774","664","598","410","4","319","417","404","473","162"
"2021","2","A","골목상권","1000501","월드컵로25길","1959","1087","872","2","220","387","547","456","347","1","108","213","284","253","228","1","112","174","263","203","119"
"2021","2","A","골목상권","1000984","성안로3길","15719","10725","4994","40","1806","3158","3398","4069","3248","17","1034","1960","2222","2972","2520","23","772","1198","1176","1097","728"
"2021","2","A","골목상권","1000953","백제고분로50길","17443","9418","8025","47","2805","3940","3800","4087","2764","34","1485","2586","2121","1690","1502","13","1320","1354","1679","2397","1262"
"2021","2","A","골목상권","1000010","성균관로5길","1914","1040","874","15","346","469","424","374","286","11","118","211","252","253","195","4","228","258","172","121","91"
"2021","2","A","골목상권","1000024","창신길","773","266","507","2","118","150","173","195","135","1","25","45","76","70","49","1","93","105","97","125","86"
"2021","2","A","골목상권","1000110","성수일로6길","19921","12818","7103","79","3614","5323","4621","3601","2683","56","2042","3547","3112","2240","1821","23","1572","1776","1509","1361","862"
"2021","2","A","골목상권","1000032","다산로38길","2273","1114","1159","11","398","551","534","446","333","4","128","219","275","260","228","7","270","332","259","186","105"
"2021","2","A","골목상권","1000248","면목로78길","2567","1467","1100","3","353","606","757","571","277","0","176","401","378","294","218","3","177","205","379","277","59"
"2021","2","A","골목상권","1000271","동소문로2길","2629","1268","1361","8","361","575","735","574","376","5","162","334","362","209","196","3","199","241","373","365","180"
"2021","2","A","골목상권","1000268","동소문로13길","15530","8923","6607","61","2321","3756","4947","2768","1677","27","1042","2114","3047","1895","798","34","1279","1642","1900","873","879"
"2021","2","A","골목상권","1000225","공릉로12가길","1387","675","712","5","120","302","379","375","206","1","41","141","168","184","140","4","79","161","211","191","66"
"2021","2","A","골목상권","1000464","독막로32길","5866","3312","2554","13","738","1526","1597","1417","575","10","314","725","890","950","423","3","424","801","707","467","152"
"2021","2","A","골목상권","1000781","관악로14길","6902","3781","3121","24","1181","2103","1553","1366","675","13","463","1100","860","849","496","11","718","1003","693","517","179"
"2021","2","A","골목상권","1000206","제기로21길","2839","1722","1117","3","462","786","682","637","269","2","167","399","457","465","232","1","295","387","225","172","37"
"2021","2","A","골목상권","1000940","거마로20길","1829","931","898","2","188","363","494","501","281","0","86","175","205","240","225","2","102","188","289","261","56"
"2021","2","A","골목상권","1000970","고덕로61길","1417","657","760","0","141","288","399","394","195","0","55","130","168","181","123","0","86","158","231","213","72"
"2021","2","A","골목상권","1001003","천호대로162길","3635","2072","1563","6","405","532","675","667","1350","2","221","281","341","374","853","4","184","251","334","293","497"
"2021","2","A","골목상권","1000985","암사길","3278","1991","1287","6","444","762","786","823","457","1","218","474","449","539","310","5","226","288","337","284","147"
"2021","2","A","골목상권","1000978","상암로14길","2439","1204","1235","1","252","422","520","471","773","1","82","217","260","224","420","0","170","205","260","247","353"
"2021","2","A","골목상권","1000968","고덕로10길","3507","1517","1990","3","312","511","710","863","1108","2","130","290","342","281","472","1","182","221","368","582","636"
"2021","2","A","골목상권","1000060","소월로20길","2112","1428","684","0","196","392","707","673","144","0","77","220","527","502","102","0","119","172","180","171","42"
"2021","2","A","골목상권","1000114","아차산로15길","12223","8023","4200","52","1906","3102","3255","2484","1424","41","1007","2064","2204","1616","1091","11","899","1038","1051","868","333"
"2021","2","A","골목상권","1000043","청구로1길","3640","1960","1680","6","508","951","871","792","512","3","172","478","531","479","297","3","336","473","340","313","215"
"2021","2","A","골목상권","1000102","사근동길","2512","1782","730","2","144","443","815","743","365","2","54","289","563","579","295","0","90","154","252","164","70"
"2021","2","A","골목상권","1000028","난계로11길","2321","1306","1015","5","366","628","595","452","275","4","181","347","311","260","203","1","185","281","284","192","72"
"2021","2","A","골목상권","1000153","아차산로55길","6399","3241","3158","11","462","1050","1872","2133","871","8","211","550","1006","966","500","3","251","500","866","1167","371"
"2021","2","A","골목상권","1000255","신내로7가길","2885","1702","1183","7","421","599","614","650","594","4","252","346","321","339","440","3","169","253","293","311","154"
"2021","2","A","골목상권","1000253","사가정로42길","1480","984","496","2","143","326","437","379","193","2","79","194","297","268","144","0","64","132","140","111","49"
"2021","2","A","골목상권","1000451","충정로4길","10911","6497","4414","17","1800","3206","2959","2041","888","11","900","1947","1794","1228","617","6","900","1259","1165","813","271"
"2021","2","A","골목상권","1000308","한천로76길","1061","657","404","2","138","204","254","283","180","0","66","104","141","203","143","2","72","100","113","80","37"
"2021","2","A","골목상권","1000222","겸재로29길","2514","1442","1072","3","356","591","717","548","299","0","154","393","354","299","242","3","202","198","363","249","57"
"2021","2","A","골목상권","1000223","겸재로36길","1894","1125","769","2","224","410","491","451","316","1","99","235","263","282","245","1","125","175","228","169","71"
"2021","2","A","골목상권","1000266","돌곶이로41길","578","281","297","5","93","145","159","113","63","3","42","78","81","42","35","2","51","67","78","71","28"
"2021","2","A","골목상권","1000304","종암로5길","976","488","488","0","107","230","308","227","104","0","37","97","153","139","62","0","70","133","155","88","42"
"2021","2","A","골목상권","1000332","삼양로54길","1233","592","641","2","94","151","242","315","429","2","29","62","121","168","210","0","65","89","121","147","219"
"2021","2","A","골목상권","1000082","한강대로7길","9300","5247","4053","15","1043","2286","3042","2124","790","7","453","1206","1646","1405","530","8","590","1080","1396","719","260"
"2021","2","A","골목상권","1000704","도신로29길","1719","1132","587","6","200","400","496","391","226","4","96","271","345","264","152","2","104","129","151","127","74"
"2021","2","A","골목상권","1000490","신촌로30길","1379","724","655","2","346","446","283","177","125","1","133","247","148","106","89","1","213","199","135","71","36"
"2021","2","A","골목상권","1000460","대흥로28길","947","375","572","2","105","198","264","236","142","1","26","55","84","118","91","1","79","143","180","118","51"
"2021","2","A","골목상권","1000470","동교로38길","4017","2115","1902","12","763","1016","954","794","478","8","301","513","522","438","333","4","462","503","432","356","145"
"2021","2","A","골목상권","1000695","대림로34길","4794","3313","1481","17","573","1130","1337","1040","697","5","302","803","978","691","534","12","271","327","359","349","163"
"2021","2","A","골목상권","1000825","은천로25길","1614","689","925","1","259","404","464","313","173","0","76","186","206","138","83","1","183","218","258","175","90"
"2021","2","A","골목상권","1000840","양산길","658","370","288","1","97","127","198","167","68","0","47","70","118","92","43","1","50","57","80","75","25"
"2021","2","A","골목상권","1000162","자양로50길","3389","2111","1278","55","516","563","871","921","463","24","288","333","588","579","299","31","228","230","283","342","164"
"2021","2","A","골목상권","1000009","삼청로5길","8686","7310","1376","1","1103","2426","2948","1866","342","0","848","1946","2550","1663","303","1","255","480","398","203","39"
"2021","2","A","골목상권","1000008","북촌로5나길","9434","7676","1758","1","1173","2620","3126","2003","511","0","866","2010","2638","1731","431","1","307","610","488","272","80"
"2021","2","A","골목상권","1000125","한림말3길","4514","1697","2817","5","1162","1329","1012","717","289","0","285","463","467","332","150","5","877","866","545","385","139"
"2021","2","A","골목상권","1000047","퇴계로56길","46130","22957","23173","475","13559","12158","9834","7281","2823","195","6451","7253","5636","2525","897","280","7108","4905","4198","4756","1926"
"2021","2","A","골목상권","1000103","상원12길","4697","3328","1369","19","695","908","930","1048","1097","14","419","634","651","746","864","5","276","274","279","302","233"
"2021","2","A","골목상권","1000252","봉화산로56길","6034","3615","2419","7","777","1325","1309","1525","1091","6","404","672","687","972","874","1","373","653","622","553","217"
"2021","2","A","골목상권","1000314","화랑로40길","2188","1476","712","1","140","177","301","419","1150","0","52","85","162","259","918","1","88","92","139","160","232"
"2021","2","A","골목상권","1000302","종암로21길","21348","11507","9841","61","1725","5284","7395","5936","947","12","757","1915","3385","4717","721","49","968","3369","4010","1219","226"
"2021","2","A","골목상권","1000303","종암로24가길","1829","1059","770","2","233","409","426","551","208","0","115","271","248","336","89","2","118","138","178","215","119"
"2021","2","A","골목상권","1000310","화랑로14길","3348","2039","1309","3","554","1083","785","586","337","0","266","704","461","360","248","3","288","379","324","226","89"
"2021","2","A","골목상권","1000456","홍연길","2909","1921","988","55","808","746","494","546","260","30","461","584","302","346","198","25","347","162","192","200","62"
"2021","2","A","골목상권","1000482","성미산로1길","7338","4500","2838","19","916","1345","1544","1879","1635","11","463","915","1012","927","1172","8","453","430","532","952","463"
"2021","2","A","골목상권","1000475","망원로11길","6899","4290","2609","16","825","1251","1414","1794","1599","8","432","864","941","892","1153","8","393","387","473","902","446"
"2021","2","A","골목상권","1000502","월드컵로36길","2648","1228","1420","9","317","493","697","735","397","5","115","244","323","308","233","4","202","249","374","427","164"
"2021","2","A","골목상권","1000368","도봉산길","1275","888","387","0","43","90","247","427","468","0","15","52","178","333","310","0","28","38","69","94","158"
"2021","2","A","골목상권","1000423","증산로15길","1952","1466","486","3","198","393","502","526","330","3","141","289","360","382","291","0","57","104","142","144","39"
"2021","2","A","골목상권","1000853","동광로12길","16378","7732","8646","41","2860","3929","4673","3062","1813","19","968","1743","2280","1575","1147","22","1892","2186","2393","1487","666"
"2021","2","A","골목상권","1000870","서초대로23길","14565","9691","4874","43","2337","3705","3867","3085","1528","22","1049","2314","2748","2370","1188","21","1288","1391","1119","715","340"
"2021","2","A","골목상권","1000869","서초대로15길","9192","5518","3674","30","1668","2228","2112","1684","1470","19","709","1313","1305","1049","1123","11","959","915","807","635","347"
"2021","2","A","골목상권","1000936","학동로38길","25586","17465","8121","61","4794","7446","6044","3990","3251","17","2220","4888","4642","3174","2524","44","2574","2558","1402","816","727"
"2021","2","A","골목상권","1000211","천호대로45길","3003","1572","1431","4","394","735","773","837","260","3","173","340","347","530","179","1","221","395","426","307","81"
"2021","2","A","골목상권","1001009","천호옛길","6064","3635","2429","9","803","1428","1488","1645","691","5","447","723","830","1088","542","4","356","705","658","557","149"
"2021","2","A","골목상권","1000989","양재대로133길","3249","1749","1500","13","410","679","812","756","579","2","171","377","420","405","374","11","239","302","392","351","205"
"2021","2","A","골목상권","1000118","왕십리로26길","6654","3331","3323","18","1042","1228","1446","1783","1137","4","381","706","866","893","481","14","661","522","580","890","656"
"2021","2","A","골목상권","1000437","명지대길","3551","2329","1222","30","580","1061","886","691","303","26","350","746","591","413","203","4","230","315","295","278","100"
"2021","2","A","골목상권","1000816","신림로11길","2928","2185","743","3","448","733","802","692","250","1","273","511","640","557","203","2","175","222","162","135","47"
"2021","2","A","골목상권","1000549","지양로7길","2827","1640","1187","3","253","384","528","705","954","3","148","238","319","415","517","0","105","146","209","290","437"
"2021","2","A","골목상권","1000083","한강대로88길","3952","1815","2137","11","649","1471","1056","506","259","4","167","568","572","327","177","7","482","903","484","179","82"
"2021","2","A","골목상권","1000735","국사봉길","1329","794","535","0","156","279","375","333","186","0","89","167","226","187","125","0","67","112","149","146","61"
"2021","2","A","골목상권","1000674","시흥대로150길","2340","1417","923","11","307","444","603","596","379","2","156","255","331","374","299","9","151","189","272","222","80"
"2021","2","A","골목상권","1000619","경인로35길","3129","1831","1298","12","258","628","829","788","614","10","132","353","463","446","427","2","126","275","366","342","187"
"2021","2","A","골목상권","1000808","법원단지9길","902","487","415","10","108","180","219","248","137","7","39","95","115","142","89","3","69","85","104","106","48"
"2021","2","A","골목상권","1000446","응암로1길","3491","1774","1717","7","541","903","813","720","507","3","175","500","462","351","283","4","366","403","351","369","224"
"2021","2","A","골목상권","1000412","은평로10길","2810","1504","1306","6","287","449","620","714","734","4","131","216","311","338","504","2","156","233","309","376","230"
"2021","2","A","골목상권","1000415","은평로3길","2891","1471","1420","3","254","536","804","767","527","1","96","257","390","370","357","2","158","279","414","397","170"
"2021","2","A","골목상권","1000405","연서로28길","2622","1207","1415","11","448","580","692","556","335","6","144","281","297","265","214","5","304","299","395","291","121"
"2021","2","A","골목상권","1000516","남부순환로79길","1692","1022","670","2","120","245","415","542","368","0","52","135","225","326","284","2","68","110","190","216","84"
"2021","2","A","골목상권","1000397","수색로18길","570","385","185","0","61","95","137","169","108","0","25","54","96","122","88","0","36","41","41","47","20"
"2021","2","A","골목상권","1000215","한천로33길","3866","2281","1585","44","1555","669","619","604","375","25","889","443","365","303","256","19","666","226","254","301","119"
"2021","2","A","골목상권","1000199","장한로27가길","5462","2697","2765","50","1892","1073","1078","938","431","31","977","583","448","388","270","19","915","490","630","550","161"
"2021","2","A","골목상권","1000508","곰달래로10길","2455","1620","835","7","239","416","579","788","426","4","126","267","371","520","332","3","113","149","208","268","94"
"2021","2","A","골목상권","1000410","연서로41길","2016","1078","938","1","100","185","246","350","1134","0","42","105","102","176","653","1","58","80","144","174","481"
"2021","2","A","골목상권","1000526","목동중앙본로7길","1797","936","861","4","178","368","433","510","304","4","74","204","205","262","187","0","104","164","228","248","117"
"2021","2","A","골목상권","1000418","응암로13길","1445","689","756","2","130","245","361","401","306","1","40","79","135","204","230","1","90","166","226","197","76"
"2021","2","A","골목상권","1000545","중앙로45길","3498","2631","867","7","219","369","584","690","1629","2","100","196","307","489","1537","5","119","173","277","201","92"
"2021","2","A","골목상권","1000522","목동로9길","3502","1840","1662","9","474","817","876","787","539","6","193","430","467","419","325","3","281","387","409","368","214"
"2021","2","A","골목상권","1000593","양천로24길","1923","1097","826","6","242","403","499","508","265","5","130","249","270","267","176","1","112","154","229","241","89"
"2021","2","A","골목상권","1000610","개봉로17길","4721","2485","2236","38","1140","1373","992","856","322","20","640","925","436","272","192","18","500","448","556","584","130"
"2021","2","A","골목상권","1000577","공항대로59길","5310","3325","1985","18","847","1253","1193","1161","838","13","380","761","731","777","663","5","467","492","462","384","175"
"2021","2","A","골목상권","1000565","강서로5라길","1890","1096","794","2","190","367","491","500","340","2","100","215","266","260","253","0","90","152","225","240","87"
"2021","2","A","골목상권","1000649","신도림로13길","4873","3666","1207","8","483","1532","1346","976","528","7","274","1166","1084","739","396","1","209","366","262","237","132"
"2021","2","A","골목상권","1000555","강서로17가길","1813","1078","735","5","151","300","482","566","309","3","65","172","258","359","221","2","86","128","224","207","88"
"2021","2","A","골목상권","1000567","개화동로23길","33039","17452","15587","6","5602","10936","8956","6162","1377","3","1294","4523","5237","5403","992","3","4308","6413","3719","759","385"
"2021","2","A","골목상권","1000641","도림로6길","6429","3922","2507","27","1035","1625","1619","1139","984","17","516","990","1001","717","681","10","519","635","618","422","303"
"2021","2","A","골목상권","1000835","청림3길","3726","2032","1694","5","570","1164","1162","590","235","4","250","635","647","337","159","1","320","529","515","253","76"
"2021","2","A","골목상권","1000760","상도로61길","3697","2231","1466","2","394","1053","1227","711","310","1","181","582","728","474","265","1","213","471","499","237","45"
"2021","2","A","골목상권","1000569","곰달래로25길","1684","862","822","4","226","323","432","439","260","4","93","173","200","216","176","0","133","150","232","223","84"
"2021","2","A","골목상권","1000679","시흥대로63길","4531","2302","2229","14","696","1219","1043","1045","514","9","287","547","499","618","342","5","409","672","544","427","172"
"2021","2","A","골목상권","1000634","구로중앙로28길","11038","7181","3857","17","1421","2453","2823","2514","1810","11","859","1802","1962","1466","1081","6","562","651","861","1048","729"
"2021","2","A","골목상권","1000633","구로중앙로19길","5187","2873","2314","7","627","1401","1218","1332","602","3","283","752","655","825","355","4","344","649","563","507","247"
"2021","2","A","골목상권","1000655","가산로5길","9154","5413","3741","23","1390","2300","2163","1803","1475","18","787","1411","1336","1023","838","5","603","889","827","780","637"
"2021","2","A","골목상권","1000859","마방로2길","11756","8032","3724","54","1886","3149","2959","2368","1340","30","1016","2143","2116","1678","1049","24","870","1006","843","690","291"
"2021","2","A","골목상권","1000722","여의대방로35길","3514","2250","1264","10","543","813","758","681","709","6","255","551","506","431","501","4","288","262","252","250","208"
"2021","2","A","골목상권","1000747","사당로16가길","2654","1356","1298","4","250","442","656","587","715","1","100","198","276","290","491","3","150","244","380","297","224"
"2021","2","A","골목상권","1000769","양녕로26길","1882","1191","691","3","208","407","440","527","297","2","106","241","296","399","147","1","102","166","144","128","150"
"2021","2","A","골목상권","1000855","동광로39길","83553","76161","7392","42","8224","17347","22130","32757","3053","22","6604","15010","20184","31684","2657","20","1620","2337","1946","1073","396"
"2021","2","A","골목상권","1000786","구암길","1433","682","751","1","240","383","445","255","109","1","74","172","224","138","73","0","166","211","221","117","36"
"2021","2","A","골목상권","1000774","여의대방로46길","6848","3977","2871","21","1161","2066","1822","1195","583","6","496","1267","1140","684","384","15","665","799","682","511","199"
"2021","2","A","골목상권","1000768","신대방길","5744","3165","2579","19","1364","1446","1297","971","647","13","504","867","791","542","448","6","860","579","506","429","199"
"2021","2","A","골목상권","1000874","서초대로8길","8398","4185","4213","32","1337","2073","2131","1627","1198","17","529","1029","1017","810","783","15","808","1044","1114","817","415"
"2021","2","A","골목상권","1000887","강남대로136길","21883","13083","8800","48","4879","7114","5169","3066","1607","20","2064","4299","3523","2024","1153","28","2815","2815","1646","1042","454"
"2021","2","A","골목상권","1000892","개포로82길","5032","3679","1353","5","764","1532","1246","879","606","3","466","1136","933","639","502","2","298","396","313","240","104"
"2021","2","A","골목상권","1000025","통일로12길","1099","504","595","9","253","305","259","176","97","8","83","129","128","87","69","1","170","176","131","89","28"
"2021","2","A","골목상권","1000993","올림픽로48길","21487","15997","5490","42","2391","5926","5023","4923","3182","17","1466","4348","3830","3837","2499","25","925","1578","1193","1086","683"
"2021","2","A","골목상권","1000249","봉우재로33길","2885","1792","1093","6","408","726","863","553","329","3","226","499","471","322","271","3","182","227","392","231","58"
"2021","2","A","골목상권","1000278","삼선교로10길","2448","1319","1129","4","222","314","722","727","459","2","76","134","409","421","277","2","146","180","313","306","182"
"2021","2","A","골목상권","1000321","도봉로18길","1442","705","737","7","132","243","417","378","265","6","39","87","162","199","212","1","93","156","255","179","53"
"2021","2","A","골목상권","1000504","월드컵로8길","11509","5833","5676","65","2414","3563","2751","1693","1023","44","994","1657","1451","962","725","21","1420","1906","1300","731","298"
"2021","2","A","골목상권","1000381","동일로242길","1655","907","748","4","185","318","384","419","345","4","87","188","203","233","192","0","98","130","181","186","153"
"2021","2","A","골목상권","1000181","망우로21길","2985","1539","1446","4","476","624","771","769","341","1","138","335","448","437","180","3","338","289","323","332","161"
"2021","2","A","골목상권","1000168","경희대로3길","1887","985","902","3","421","627","363","278","195","2","150","306","216","169","142","1","271","321","147","109","53"
"2021","2","A","골목상권","1000371","방학로5길","1988","902","1086","4","311","470","491","452","260","2","93","231","236","191","149","2","218","239","255","261","111"
"2021","2","A","골목상권","1000369","방학로10길","1322","623","699","3","143","331","353","297","195","2","49","153","162","134","123","1","94","178","191","163","72"
"2021","2","A","골목상권","1000999","진황도로27길","5557","2819","2738","10","881","1020","1035","997","1614","7","261","431","524","506","1090","3","620","589","511","491","524"
"2021","2","A","골목상권","1000943","백제고분로21길","14733","9943","4790","35","2165","3401","3692","3281","2159","21","1190","2315","2645","2234","1538","14","975","1086","1047","1047","621"
"2021","2","A","골목상권","1000979","상암로4길","2356","1216","1140","3","226","414","513","435","765","2","78","218","271","230","417","1","148","196","242","205","348"
"2021","2","A","골목상권","1000987","양재대로116길","3352","1569","1783","11","364","503","762","986","726","7","191","305","370","330","366","4","173","198","392","656","360"
"2021","2","A","골목상권","1000366","도봉로181길","749","388","361","0","59","110","179","202","199","0","13","51","75","106","143","0","46","59","104","96","56"
"2021","2","A","골목상권","1000095","마조로16길","1505","918","587","1","177","277","358","417","275","1","78","162","206","264","207","0","99","115","152","153","68"
"2021","2","A","골목상권","1000051","녹사평대로26길","6173","3582","2591","31","1164","1704","1560","1176","538","18","527","929","944","791","373","13","637","775","616","385","165"
"2021","2","A","골목상권","1000131","광나루로40길","1969","1079","890","3","238","444","549","492","243","1","97","227","302","276","176","2","141","217","247","216","67"
"2021","2","A","골목상권","1000129","광나루로36길","2682","1763","919","3","398","720","634","630","297","1","216","459","407","436","244","2","182","261","227","194","53"
"2021","2","A","골목상권","1000154","아차산로65길","5416","3292","2124","9","825","1240","1171","1078","1093","3","489","877","821","559","543","6","336","363","350","519","550"
"2021","2","A","골목상권","1000230","동일로112길","4163","2571","1592","5","455","878","1184","921","720","0","216","554","654","565","582","5","239","324","530","356","138"
"2021","2","A","골목상권","1000275","보문로26길","1538","813","725","1","285","437","401","268","146","0","127","270","209","121","86","1","158","167","192","147","60"
"2021","2","A","골목상권","1000305","지봉로20길","7371","5614","1757","7","803","2211","1513","1469","1368","2","447","1781","1218","1191","975","5","356","430","295","278","393"
"2021","2","A","골목상권","1000345","인수봉로79길","2108","1156","952","6","278","520","511","519","274","6","117","278","273","275","207","0","161","242","238","244","67"
"2021","2","A","골목상권","1000283","솔샘로6길","912","567","345","0","69","143","230","271","199","0","25","73","132","188","149","0","44","70","98","83","50"
"2021","2","A","골목상권","1000296","장위로50길","2540","1674","866","6","201","300","339","457","1237","2","67","159","170","269","1007","4","134","141","169","188","230"
"2021","2","A","골목상권","1000324","도봉로76길","4137","2376","1761","5","482","796","901","1078","875","1","210","455","513","657","540","4","272","341","388","421","335"
"2021","2","A","골목상권","1000489","신촌로28가길","752","296","456","1","103","194","203","152","99","1","32","69","62","63","69","0","71","125","141","89","30"
"2021","2","A","골목상권","1000499","월드컵로16길","5122","2926","2196","8","667","1007","1290","994","1156","6","275","518","675","560","892","2","392","489","615","434","264"
"2021","2","A","골목상권","1000483","성미산로32길","2558","1512","1046","6","463","625","587","513","364","5","196","354","324","336","297","1","267","271","263","177","67"
"2021","2","A","골목상권","1000721","양평로28길","4121","2648","1473","9","479","886","1062","1067","618","5","262","568","640","676","497","4","217","318","422","391","121"
"2021","2","A","골목상권","1000686","경인로90길","8808","5069","3739","42","1724","2588","2335","1430","689","12","663","1422","1475","944","553","30","1061","1166","860","486","136"
"2021","2","A","골목상권","1000836","행운1길","2989","1601","1388","16","488","629","710","702","444","10","208","318","380","387","298","6","280","311","330","315","146"
"2021","2","A","골목상권","1000161","자양로45길","3528","1956","1572","18","389","699","906","884","632","8","170","399","508","438","433","10","219","300","398","446","199"
"2021","2","A","골목상권","1000167","천호대로129길","4015","2458","1557","57","613","763","1054","994","534","25","326","456","705","595","351","32","287","307","349","399","183"
"2021","2","A","골목상권","1000106","성덕정17길","4785","3353","1432","79","805","1244","1217","956","484","39","481","882","887","680","384","40","324","362","330","276","100"
"2021","2","A","골목상권","1000003","돈화문로11가길","39506","26181","13325","1279","10020","10738","9145","5958","2366","597","5207","7310","6817","4624","1626","682","4813","3428","2328","1334","740"
"2021","2","A","골목상권","1000116","왕십리로14길","5086","3544","1542","18","769","999","1018","1140","1142","14","450","658","670","835","917","4","319","341","348","305","225"
"2021","2","A","골목상권","1000265","돌곶이로28길","2464","1679","785","6","192","251","323","451","1241","1","75","134","182","273","1014","5","117","117","141","178","227"
"2021","2","A","골목상권","1000264","돌곶이로27길","1146","638","508","1","113","202","254","253","323","0","35","95","119","131","258","1","78","107","135","122","65"
"2021","2","A","골목상권","1000261","길음로7길","2033","690","1343","9","643","584","388","269","140","0","112","217","147","119","95","9","531","367","241","150","45"
"2021","2","A","골목상권","1000341","오패산로52길","1713","1004","709","2","181","340","484","464","242","2","88","176","274","293","171","0","93","164","210","171","71"
"2021","2","A","골목상권","1000495","와우산로29길","3716","1999","1717","20","767","935","869","695","430","12","394","551","457","325","260","8","373","384","412","370","170"
"2021","2","A","골목상권","1000323","도봉로67길","1676","842","834","3","218","339","441","433","242","1","78","158","230","231","144","2","140","181","211","202","98"
"2021","2","A","골목상권","1000318","덕릉로40길","981","475","506","2","125","130","270","309","145","0","52","61","101","172","89","2","73","69","169","137","56"
"2021","2","A","골목상권","1000804","당곡길","3119","1744","1375","9","481","627","732","635","635","5","228","340","406","324","441","4","253","287","326","311","194"
"2021","2","A","골목상권","1000660","독산로108길","5051","3636","1415","3","382","851","963","951","1901","2","222","511","600","604","1697","1","160","340","363","347","204"
"2021","2","A","골목상권","1000946","백제고분로32길","6694","4371","2323","13","959","1465","1444","1505","1308","11","566","984","950","922","938","2","393","481","494","583","370"
"2021","2","A","골목상권","1000949","백제고분로39길","4895","3304","1591","2","549","1286","1258","951","849","0","318","940","865","559","622","2","231","346","393","392","227"
"2021","2","A","골목상권","1000447","증가로10길","3090","1973","1117","30","543","972","736","605","204","27","332","651","463","354","146","3","211","321","273","251","58"
"2021","2","A","골목상권","1000339","수유로12길","3114","1486","1628","5","344","454","641","822","848","1","84","188","264","398","551","4","260","266","377","424","297"
"2021","2","A","골목상권","1000453","통일로11길","1521","816","705","4","161","295","393","422","246","2","53","134","211","250","166","2","108","161","182","172","80"
"2021","2","A","골목상권","1000436","독립문로8길","4382","2674","1708","6","482","812","1071","1165","846","3","222","487","686","712","564","3","260","325","385","453","282"
"2021","2","A","골목상권","1000496","와우산로3길","3074","1839","1235","31","670","929","704","480","260","20","304","547","460","315","193","11","366","382","244","165","67"
"2021","2","A","골목상권","1000684","경인로77길","9316","5310","4006","29","1778","2513","2454","1603","939","13","707","1384","1482","980","744","16","1071","1129","972","623","195"
"2021","2","A","골목상권","1000817","신림로28길","3185","2328","857","10","485","649","876","744","421","2","323","487","658","570","288","8","162","162","218","174","133"
"2021","2","A","골목상권","1000839","호암로24길","2828","2180","648","5","419","643","839","667","255","2","283","486","669","544","196","3","136","157","170","123","59"
"2021","2","A","골목상권","1000711","선유서로24길","21565","11414","10151","134","5245","5295","4660","4210","2021","41","2258","3680","2454","1433","1548","93","2987","1615","2206","2777","473"
"2021","2","A","골목상권","1000709","디지털로74길","3431","1633","1798","8","825","802","852","647","297","5","236","391","415","370","216","3","589","411","437","277","81"
"2021","2","A","골목상권","1000698","대림로8길","4605","2251","2354","2","1248","1295","964","692","404","2","397","692","541","364","255","0","851","603","423","328","149"
"2021","2","A","골목상권","1000197","장한로26가길","3157","1546","1611","2","436","691","837","757","434","1","156","334","371","389","295","1","280","357","466","368","139"
"2021","2","A","골목상권","1000762","서달로10길","654","357","297","0","96","152","157","148","101","0","55","95","81","69","57","0","41","57","76","79","44"
"2021","2","A","골목상권","1000742","동작대로35길","10962","4797","6165","17","1959","2951","3541","1891","603","7","626","1219","1646","977","322","10","1333","1732","1895","914","281"
"2021","2","A","골목상권","1000883","효령로72길","24614","18420","6194","62","4386","8514","5977","4128","1547","23","2507","6534","4808","3459","1089","39","1879","1980","1169","669","458"
"2021","2","A","골목상권","1000880","효령로23길","12360","8243","4117","70","2534","3561","2833","1887","1475","51","1396","2445","2027","1219","1105","19","1138","1116","806","668","370"
"2021","2","A","골목상권","1000917","삼성로115길","13425","8468","4957","58","2827","3756","2883","1899","2002","22","1224","2494","2087","1222","1419","36","1603","1262","796","677","583"
"2021","2","A","골목상권","1000770","여의대방로22길","18481","11777","6704","51","3563","3569","2965","4450","3883","27","2804","2909","1894","2125","2018","24","759","660","1071","2325","1865"
"2021","2","A","골목상권","1000561","강서로47길","1969","880","1089","2","184","371","567","584","261","0","65","170","200","256","189","2","119","201","367","328","72"
"2021","2","A","골목상권","1000856","동산로10길","9541","6026","3515","37","1657","2897","2324","1683","943","16","878","1823","1482","1116","711","21","779","1074","842","567","232"
"2021","2","A","골목상권","1000209","천호대로12길","7588","3791","3797","17","654","1869","2390","2008","650","5","311","1118","1104","826","427","12","343","751","1286","1182","223"
"2021","2","A","골목상권","1000538","오목로3길","2742","1990","752","4","147","302","554","918","817","1","67","167","346","666","743","3","80","135","208","252","74"
"2021","2","A","골목상권","1000534","신월로15길","2407","1676","731","3","127","263","503","781","730","1","55","139","295","540","646","2","72","124","208","241","84"
"2021","2","A","골목상권","1000413","은평로13길","4882","2635","2247","11","464","981","1167","1295","964","5","204","443","579","730","674","6","260","538","588","565","290"
"2021","2","A","골목상권","1000433","통일로87길","2146","1024","1122","9","346","519","538","443","291","6","121","268","251","200","178","3","225","251","287","243","113"
"2021","2","A","골목상권","1000391","갈현로33길","1587","732","855","5","210","381","379","418","194","2","90","175","175","167","123","3","120","206","204","251","71"
"2021","2","A","골목상권","1000404","연서로27길","2703","1310","1393","12","373","580","685","599","454","7","109","276","302","294","322","5","264","304","383","305","132"
"2021","2","A","골목상권","1000513","남부순환로40길","1841","1020","821","1","202","347","410","483","398","0","76","153","193","291","307","1","126","194","217","192","91"
"2021","2","A","골목상권","1000554","강서로15길","3243","2104","1139","16","288","577","845","1038","479","14","156","350","503","697","384","2","132","227","342","341","95"
"2021","2","A","골목상권","1000564","강서로5나길","2286","1480","806","16","205","464","622","688","291","14","108","299","404","432","223","2","97","165","218","256","68"
"2021","2","A","골목상권","1000537","오목로30길","4088","2402","1686","10","840","599","639","729","1271","4","255","300","329","403","1111","6","585","299","310","326","160"
"2021","2","A","골목상권","1000622","고척로27길","1596","885","711","1","163","351","388","405","288","0","84","177","178","219","227","1","79","174","210","186","61"
"2021","2","A","골목상권","1000429","진흥로12길","2905","1340","1565","8","388","754","791","621","343","6","145","313","368","289","219","2","243","441","423","332","124"
"2021","2","A","골목상권","1000523","목동중앙남로3가길","1936","1069","867","4","198","454","465","515","300","4","84","266","236","278","201","0","114","188","229","237","99"
"2021","2","A","골목상권","1000587","등촌로55길","2946","1834","1112","12","417","636","755","673","453","6","182","401","449","436","360","6","235","235","306","237","93"
"2021","2","A","골목상권","1000177","답십리로69길","2975","1406","1569","4","394","595","796","749","437","2","133","276","322","362","311","2","261","319","474","387","126"
"2021","2","A","골목상권","1000611","개봉로17다길","5444","3013","2431","39","1161","1422","1168","1064","590","20","647","952","554","430","410","19","514","470","614","634","180"
"2021","2","A","골목상권","1000584","등촌로13길","1203","700","503","1","108","234","301","339","220","1","43","137","149","206","164","0","65","97","152","133","56"
"2021","2","A","골목상권","1000603","화곡로13길","1740","973","767","0","175","324","466","509","266","0","88","167","239","280","199","0","87","157","227","229","67"
"2021","2","A","골목상권","1000519","목동동로12길","18134","10297","7837","113","3684","5643","4400","2944","1350","79","1501","3168","2724","1900","925","34","2183","2475","1676","1044","425"
"2021","2","A","골목상권","1000557","강서로29길","2908","1388","1520","8","437","616","661","679","507","5","155","333","333","310","252","3","282","283","328","369","255"
"2021","2","A","골목상권","1000897","논현로123길","9592","5842","3750","41","2250","2774","2004","1467","1056","23","1098","1751","1356","890","724","18","1152","1023","648","577","332"
"2021","2","A","골목상권","1000566","강서로8길","2287","1239","1048","7","267","470","599","607","337","6","107","274","315","309","228","1","160","196","284","298","109"
"2021","2","A","골목상권","1000583","남부순환로11길","1314","880","434","1","137","302","376","307","191","0","65","187","249","219","160","1","72","115","127","88","31"
"2021","2","A","골목상권","1000580","공항대로8길","1968","1203","765","5","230","409","479","485","360","1","96","238","291","308","269","4","134","171","188","177","91"
"2021","2","A","골목상권","1000005","백석동길","4252","2472","1780","18","780","1347","1116","729","262","8","313","748","710","510","183","10","467","599","406","219","79"
"2021","2","A","골목상권","1000626","구로동로15길","9924","6864","3060","40","1967","3389","2578","1344","606","26","1065","2359","1911","1002","501","14","902","1030","667","342","105"
"2021","2","A","골목상권","1000848","남부순환로317길","21593","13962","7631","26","3057","7074","5526","3765","2145","12","1416","4293","4011","2678","1552","14","1641","2781","1515","1087","593"
"2021","2","A","골목상권","1000857","동산로19길","14591","9621","4970","35","2268","4095","3799","2565","1829","17","1228","2718","2639","1669","1350","18","1040","1377","1160","896","479"
"2021","2","A","골목상권","1000657","금하로1길","1309","861","448","13","192","244","273","324","263","11","121","165","185","179","200","2","71","79","88","145","63"
"2021","2","A","골목상권","1000682","시흥대로94길","3087","1766","1321","5","376","577","670","873","586","1","181","319","357","475","433","4","195","258","313","398","153"
"2021","2","A","골목상권","1000681","시흥대로84길","2024","1141","883","7","263","457","509","515","273","7","154","272","276","239","193","0","109","185","233","276","80"
"2021","2","A","골목상권","1000663","독산로64길","1552","838","714","1","188","284","316","426","337","0","104","110","124","234","266","1","84","174","192","192","71"
"2021","2","A","골목상권","1000811","봉천로13길","2022","1107","915","4","267","425","445","460","421","1","114","220","243","242","287","3","153","205","202","218","134"
"2021","2","A","골목상권","1000757","상도로15길","1942","868","1074","3","243","407","492","433","364","1","97","191","200","190","189","2","146","216","292","243","175"
"2021","2","A","골목상권","1000847","고무래로8길","13873","8968","4905","51","1917","3635","3853","2761","1656","16","938","2304","2759","1866","1085","35","979","1331","1094","895","571"
"2021","2","A","골목상권","1000905","도산대로15길","11660","6658","5002","50","3189","3444","2432","1438","1107","14","1246","1951","1646","980","821","36","1943","1493","786","458","286"
"2021","2","A","골목상권","1000794","난향길","1320","654","666","1","150","285","366","288","230","0","41","130","153","147","183","1","109","155","213","141","47"
"2021","2","A","골목상권","1000741","동작대로33길","11847","5006","6841","21","2065","3104","3615","2141","901","7","655","1273","1648","1003","420","14","1410","1831","1967","1138","481"
"2021","2","A","골목상권","1000844","강남대로23길","17856","11217","6639","338","5243","5177","3755","2270","1073","156","2717","3479","2668","1415","782","182","2526","1698","1087","855","291"
"2021","2","A","골목상권","1000198","장한로26길","4475","2559","1916","13","776","1044","1177","953","512","9","415","600","587","556","392","4","361","444","590","397","120"
"2021","2","A","골목상권","1000912","봉은사로109길","24145","18222","5923","20","4868","7417","6774","4004","1062","6","2796","5509","5700","3406","805","14","2072","1908","1074","598","257"
"2021","2","A","골목상권","1000930","언주로81길","93504","56950","36554","187","17248","26811","24897","20075","4286","88","10236","18756","16178","8748","2944","99","7012","8055","8719","11327","1342"
"2021","2","A","골목상권","1000220","휘경로2길","3049","1311","1738","1","618","820","765","547","298","0","109","292","374","339","197","1","509","528","391","208","101"
"2021","2","A","골목상권","1000285","안암로5길","4306","2796","1510","12","544","890","945","942","973","5","289","608","638","609","647","7","255","282","307","333","326"
"2021","2","A","골목상권","1000967","강동대로53길","4393","2785","1608","8","584","1064","1191","921","625","7","323","676","750","580","449","1","261","388","441","341","176"
"2021","2","A","골목상권","1000952","백제고분로46길","16523","11352","5171","68","2506","4002","4361","3846","1740","50","1316","2694","3250","2744","1298","18","1190","1308","1111","1102","442"
"2021","2","A","골목상권","1000920","삼성로63길","10667","5579","5088","41","1898","2740","2559","2177","1252","26","758","1441","1387","1197","770","15","1140","1299","1172","980","482"
"2021","2","A","골목상권","1000922","삼성로69길","8931","4633","4298","45","1557","2247","1999","1811","1272","28","693","1155","1038","925","794","17","864","1092","961","886","478"
"2021","2","A","골목상권","1000958","송파대로30길","22655","13112","9543","70","3001","5092","5005","4472","5015","28","1367","3050","3223","2434","3010","42","1634","2042","1782","2038","2005"
"2021","2","A","골목상권","1000203","전농로29길","2714","1526","1188","4","365","562","704","736","343","1","149","259","429","454","234","3","216","303","275","282","109"
"2021","2","A","골목상권","1000006","북촌로11길","14654","11573","3081","5","1601","4779","4375","2998","896","5","968","3687","3606","2584","723","0","633","1092","769","414","173"
"2021","2","A","골목상권","1000109","성수이로7길","15268","9362","5906","70","3328","4144","3343","2613","1770","44","1645","2669","2210","1538","1256","26","1683","1475","1133","1075","514"
"2021","2","A","골목상권","1000137","능동로13길","4553","2803","1750","7","669","1058","1229","1063","527","3","315","632","803","641","409","4","354","426","426","422","118"
"2021","2","A","골목상권","1000021","창경궁로35길","5813","2758","3055","27","756","1319","1559","1342","810","17","245","562","760","705","469","10","511","757","799","637","341"
"2021","2","A","골목상권","1000480","백범로16길","11843","6682","5161","92","2239","2925","2945","2427","1215","37","1118","1683","1682","1366","796","55","1121","1242","1263","1061","419"
"2021","2","A","골목상권","1000780","관악로10길","6564","4205","2359","15","997","2014","1505","1488","545","10","541","1285","942","1026","401","5","456","729","563","462","144"
"2021","2","A","골목상권","1000942","마천로51길","1842","1001","841","1","175","392","515","491","268","0","100","222","246","225","208","1","75","170","269","266","60"
"2021","2","A","골목상권","1000180","망우로18길","3637","1908","1729","3","523","764","946","984","417","1","160","354","548","589","256","2","363","410","398","395","161"
"2021","2","A","골목상권","1000349","한천로132길","4083","2319","1764","7","454","1047","975","1035","565","6","199","551","552","683","328","1","255","496","423","352","237"
"2021","2","A","골목상권","1000954","삼전로13길","14756","9769","4987","37","2148","3337","3761","3234","2239","19","1136","2194","2607","2186","1627","18","1012","1143","1154","1048","612"
"2021","2","A","골목상권","1000354","덕릉로60길","1084","606","478","2","100","216","311","274","181","1","31","122","184","148","120","1","69","94","127","126","61"
"2021","2","A","골목상권","1001004","천호대로170길","5760","3089","2671","12","898","999","1127","1075","1649","7","329","496","608","593","1056","5","569","503","519","482","593"
"2021","2","A","골목상권","1000012","옥인길","2008","1072","936","38","440","518","405","385","222","0","140","256","250","258","168","38","300","262","155","127","54"
"2021","2","A","골목상권","1000973","구천면로42길","2512","1353","1159","6","222","495","639","643","507","1","73","225","334","368","352","5","149","270","305","275","155"
"2021","2","A","골목상권","1000085","회나무로13길","1052","594","458","2","137","281","267","205","160","0","63","144","136","121","130","2","74","137","131","84","30"
"2021","2","A","골목상권","1000059","서빙고로71길","5642","3293","2349","2","725","1658","2088","833","336","0","250","673","1464","674","232","2","475","985","624","159","104"
"2021","2","A","골목상권","1000113","아차산로11길","17999","11757","6242","66","3025","4638","4518","3640","2112","48","1693","3158","3070","2212","1576","18","1332","1480","1448","1428","536"
"2021","2","A","골목상권","1000084","한남대로20길","18863","14261","4602","39","2876","5155","4808","5107","878","31","1410","3407","3963","4709","741","8","1466","1748","845","398","137"
"2021","2","A","골목상권","1000031","다산로36길","2442","1186","1256","5","357","635","640","491","314","4","106","262","333","271","210","1","251","373","307","220","104"
"2021","2","A","골목상권","1000026","평창길","13893","6673","7220","18","1203","3748","5345","2958","621","9","486","1608","2803","1418","349","9","717","2140","2542","1540","272"
"2021","2","A","골목상권","1000063","우사단로14길","5875","3406","2469","31","1371","2016","1430","723","304","16","503","1093","1025","555","214","15","868","923","405","168","90"
"2021","2","A","골목상권","1000119","왕십리로31길","3548","2008","1540","18","697","788","769","756","520","6","205","443","526","502","326","12","492","345","243","254","194"
"2021","2","A","골목상권","1000089","금호산2길","2853","1176","1677","16","339","857","1053","394","194","1","108","294","448","187","138","15","231","563","605","207","56"
"2021","2","A","골목상권","1000250","봉화산로30길","2185","1269","916","11","274","462","498","523","417","10","120","230","272","306","331","1","154","232","226","217","86"
"2021","2","A","골목상권","1000237","동일로157길","2828","1746","1082","2","371","654","717","740","344","2","195","416","418","482","233","0","176","238","299","258","111"
"2021","2","A","골목상권","1000241","면목로21길","1619","1149","470","1","128","228","394","595","273","1","63","138","260","478","209","0","65","90","134","117","64"
"2021","2","A","골목상권","1000293","인촌로5길","3744","2001","1743","8","384","927","1023","1089","313","2","132","383","542","741","201","6","252","544","481","348","112"
"2021","2","A","골목상권","1000231","동일로123길","2657","1671","986","4","253","497","628","611","664","2","112","252","362","403","540","2","141","245","266","208","124"
"2021","2","A","골목상권","1000335","솔매로41길","1599","892","707","1","186","336","458","426","192","0","83","170","253","259","127","1","103","166","205","167","65"
"2021","2","A","골목상권","1000333","삼양로77길","1258","524","734","1","124","256","353","391","133","0","45","102","142","156","79","1","79","154","211","235","54"
"2021","2","A","골목상권","1000273","보국문로16길","1473","809","664","2","134","166","324","455","392","0","44","77","162","269","257","2","90","89","162","186","135"
"2021","2","A","골목상권","1000294","인촌로6길","7167","5526","1641","11","781","2081","1360","1419","1515","5","480","1723","1109","1120","1089","6","301","358","251","299","426"
"2021","2","A","골목상권","1000281","삼양로8길","5716","2840","2876","421","2108","1423","856","565","343","178","934","772","460","247","249","243","1174","651","396","318","94"
"2021","2","A","골목상권","1000269","동소문로15길","13122","7940","5182","60","2012","3087","4057","2407","1499","26","932","1807","2691","1751","733","34","1080","1280","1366","656","766"
"2021","2","A","골목상권","1000463","독막로22길","2658","1530","1128","5","344","594","712","599","404","2","126","277","409","394","322","3","218","317","303","205","82"
"2021","2","A","골목상권","1000468","동교로25길","8136","4596","3540","29","1403","2144","1878","1494","1188","21","558","1182","1203","898","734","8","845","962","675","596","454"
"2021","2","A","골목상권","1000459","대흥로21길","5558","2516","3042","66","2280","1294","799","703","416","23","848","602","358","411","274","43","1432","692","441","292","142"
"2021","2","A","골목상권","1000479","방울내로9안길","5395","3168","2227","19","670","1008","1186","1654","858","10","361","737","806","762","492","9","309","271","380","892","366"
"2021","2","A","골목상권","1000688","당산로31길","10118","5475","4643","23","1984","2768","1970","1996","1377","12","921","1575","1172","1036","759","11","1063","1193","798","960","618"
"2021","2","A","골목상권","1000014","율곡로16길","10582","6889","3693","19","1923","3337","2847","1794","662","3","808","2083","2079","1460","456","16","1115","1254","768","334","206"
"2021","2","A","골목상권","1000837","행운길","6560","3975","2585","22","1181","1767","1468","1253","869","12","575","1123","909","722","634","10","606","644","559","531","235"
"2021","2","A","골목상권","1000818","신림로38길","1620","931","689","7","227","303","399","353","331","1","117","162","222","209","220","6","110","141","177","144","111"
"2021","2","A","골목상권","1000815","신림동길","2508","1472","1036","4","257","387","584","563","713","2","115","202","314","325","514","2","142","185","270","238","199"
"2021","2","A","골목상권","1000834","청룡길","3032","1441","1591","7","506","751","716","533","519","3","132","305","363","308","330","4","374","446","353","225","189"
"2021","2","A","골목상권","1000096","마조로1길","3520","2522","998","0","245","654","1049","1086","486","0","99","435","752","862","374","0","146","219","297","224","112"
"2021","2","A","골목상권","1000229","동일로101길","1342","738","604","2","111","223","316","394","296","1","38","102","165","210","222","1","73","121","151","184","74"
"2021","2","A","골목상권","1000260","중랑천로10길","3242","2165","1077","11","329","735","995","928","244","10","150","453","692","689","171","1","179","282","303","239","73"
"2021","2","A","골목상권","1000035","동호로11길","5028","3300","1728","12","759","1711","1310","878","358","3","388","1211","937","531","230","9","371","500","373","347","128"
"2021","2","A","골목상권","1000140","능동로3길","2129","1681","448","9","225","532","590","525","248","5","165","433","476","408","194","4","60","99","114","117","54"
"2021","2","A","골목상권","1000155","아차산로78길","13980","8708","5272","179","4372","3794","2639","2038","958","56","2128","2558","1845","1418","703","123","2244","1236","794","620","255"
"2021","2","A","골목상권","1000286","오패산로19길","1435","649","786","8","205","309","385","334","194","7","70","129","176","158","109","1","135","180","209","176","85"
"2021","2","A","골목상권","1000316","노해로23길","1488","1041","447","2","136","183","370","533","264","0","57","103","259","417","205","2","79","80","111","116","59"
"2021","2","A","골목상권","1000315","노해로17길","3379","1488","1891","5","286","662","736","802","888","4","89","266","337","462","330","1","197","396","399","340","558"
"2021","2","A","골목상권","1000350","한천로139가길","3365","1468","1897","10","307","680","719","776","873","8","97","267","327","445","324","2","210","413","392","331","549"
"2021","2","A","골목상권","1000494","와우산로29가길","5051","3328","1723","21","803","1159","1271","1061","736","13","427","759","872","692","565","8","376","400","399","369","171"
"2021","2","A","골목상권","1000438","모래내로15길","5054","3015","2039","12","419","756","963","1282","1622","8","251","488","593","697","978","4","168","268","370","585","644"
"2021","2","A","골목상권","1000485","성지3길","3664","2180","1484","10","552","1062","1011","686","343","8","213","554","666","485","254","2","339","508","345","201","89"
"2021","2","A","골목상권","1000367","도봉산4길","1096","811","285","0","23","63","199","380","431","0","9","36","157","317","292","0","14","27","42","63","139"
"2021","2","A","골목상권","1000422","증산로13길","2140","1515","625","3","216","497","551","539","334","3","112","344","398","384","274","0","104","153","153","155","60"
"2021","2","A","골목상권","1000582","까치산로4길","3059","1643","1416","17","504","787","803","634","314","13","203","444","433","368","182","4","301","343","370","266","132"
"2021","2","A","골목상권","1000667","문성로5길","4518","3205","1313","5","299","651","854","812","1897","4","173","355","505","470","1698","1","126","296","349","342","199"
"2021","2","A","골목상권","1000871","서초대로25길","24314","16435","7879","106","4990","7269","5855","4164","1930","58","2305","4767","4433","3344","1528","48","2685","2502","1422","820","402"
"2021","2","A","골목상권","1000865","사임당로17길","18885","10560","8325","54","3095","5532","5094","3752","1358","32","1353","3183","2952","2067","973","22","1742","2349","2142","1685","385"
"2021","2","A","골목상권","1001008","천호옛14길","2503","1310","1193","8","459","534","594","535","373","2","250","263","287","285","223","6","209","271","307","250","150"
"2021","2","A","골목상권","1000947","백제고분로33길","5340","3787","1553","11","566","969","1248","992","1554","8","281","596","841","687","1374","3","285","373","407","305","180"
"2021","2","A","골목상권","1000057","백범로79길","4502","2899","1603","22","667","1156","1105","895","657","13","361","755","740","584","446","9","306","401","365","311","211"
"2021","2","A","골목상권","1000343","인수봉로56길","2237","1341","896","0","190","405","586","707","349","0","63","185","366","456","271","0","127","220","220","251","78"
"2021","2","A","골목상권","1000334","삼양로93길","2583","1532","1051","0","221","467","693","790","412","0","66","225","438","496","307","0","155","242","255","294","105"
"2021","2","A","골목상권","1000838","호암로20길","2148","1594","554","8","357","601","628","393","161","1","240","436","498","294","125","7","117","165","130","99","36"
"2021","2","A","골목상권","1000828","장군봉2길","2452","1262","1190","4","370","521","484","571","502","2","128","264","257","288","323","2","242","257","227","283","179"
"2021","2","A","골목상권","1000183","무학로45길","3892","2514","1378","6","635","942","861","797","651","1","265","586","560","574","528","5","370","356","301","223","123"
"2021","2","A","골목상권","1000239","망우로68길","1840","1024","816","11","182","275","356","549","467","2","56","90","174","333","369","9","126","185","182","216","98"
"2021","2","A","골목상권","1000144","뚝섬로23길","1254","788","466","9","148","237","279","287","294","8","75","133","167","179","226","1","73","104","112","108","68"
"2021","2","A","골목상권","1000019","종로65길","4112","2215","1897","6","318","483","752","966","1587","0","109","241","412","484","969","6","209","242","340","482","618"
"2021","2","A","골목상권","1000881","효령로31길","10396","6972","3424","67","2283","3142","2320","1505","1079","54","1293","2175","1655","999","796","13","990","967","665","506","283"
"2021","2","A","골목상권","1000165","천호대로109길","4122","2443","1679","12","675","953","1056","806","620","7","368","568","606","448","446","5","307","385","450","358","174"
"2021","2","A","골목상권","1000726","영등포로25길","4637","2851","1786","11","528","977","1227","968","926","8","233","526","752","628","704","3","295","451","475","340","222"
"2021","2","A","골목상권","1000506","효창원로93길","2738","1473","1265","2","542","627","683","599","285","2","280","380","336","297","178","0","262","247","347","302","107"
"2021","2","A","골목상권","1000772","여의대방로22카길","18726","11820","6906","49","3543","3601","3077","4537","3919","25","2778","2902","1948","2136","2031","24","765","699","1129","2401","1888"
"2021","2","A","골목상권","1000792","난곡로74길","3239","2365","874","1","506","930","1014","595","193","1","239","690","834","464","137","0","267","240","180","131","56"
"2021","2","A","골목상권","1000401","연서로16길","3513","1430","2083","12","551","724","911","861","454","3","172","291","372","331","261","9","379","433","539","530","193"
"2021","2","A","골목상권","1000434","통일로92길","2182","1011","1171","7","335","535","557","460","288","5","118","274","240","197","177","2","217","261","317","263","111"
"2021","2","A","골목상권","1000393","갈현로7길","2513","1162","1351","8","465","592","616","529","303","2","160","291","307","215","187","6","305","301","309","314","116"
"2021","2","A","골목상권","1000402","연서로17길","4262","2441","1821","10","328","658","981","1413","872","3","130","338","493","861","616","7","198","320","488","552","256"
"2021","2","A","골목상권","1000421","응암로34길","2471","1323","1148","3","276","441","524","582","645","2","123","210","269","282","437","1","153","231","255","300","208"
"2021","2","A","골목상권","1000185","사가정로23가길","2757","1624","1133","7","243","514","745","769","479","4","107","272","387","451","403","3","136","242","358","318","76"
"2021","2","A","골목상권","1000618","경인로31길","1321","763","558","3","145","345","328","294","206","2","72","197","167","165","160","1","73","148","161","129","46"
"2021","2","A","골목상권","1000389","가좌로7길","2176","1151","1025","0","223","439","587","577","350","0","87","234","282","302","246","0","136","205","305","275","104"
"2021","2","A","골목상권","1000552","가로공원로76가길","2785","1828","957","5","213","451","706","945","465","3","113","266","432","654","360","2","100","185","274","291","105"
"2021","2","A","골목상권","1000644","디지털로32길","31052","18997","12055","82","6292","10839","8243","3635","1961","41","3001","6929","5356","2275","1395","41","3291","3910","2887","1360","566"
"2021","2","A","골목상권","1000899","논현로159길","7341","3388","3953","26","1678","2112","1628","1135","762","7","485","983","801","583","529","19","1193","1129","827","552","233"
"2021","2","A","골목상권","1000547","중앙로51길","3024","1674","1350","13","263","472","809","831","636","10","146","264","390","418","446","3","117","208","419","413","190"
"2021","2","A","골목상권","1000585","등촌로39길","3594","2050","1544","2","439","705","865","921","662","1","209","366","530","552","392","1","230","339","335","369","270"
"2021","2","A","골목상권","1000596","양천로71길","12540","4429","8111","21","2025","4005","3917","1801","771","9","628","1414","1004","748","626","12","1397","2591","2913","1053","145"
"2021","2","A","골목상권","1000578","공항대로59다길","6422","4014","2408","16","810","1474","1724","1593","805","12","342","868","1122","1036","634","4","468","606","602","557","171"
"2021","2","A","골목상권","1000579","공항대로61길","4789","3049","1740","16","648","1117","1101","1068","839","12","278","664","694","742","659","4","370","453","407","326","180"
"2021","2","A","골목상권","1000550","화곡로3길","1610","737","873","7","235","411","427","385","145","4","83","171","183","194","102","3","152","240","244","191","43"
"2021","2","A","골목상권","1000613","개봉로20길","6983","3822","3161","39","1217","1718","1520","1607","882","20","698","1124","756","688","536","19","519","594","764","919","346"
"2021","2","A","골목상권","1000615","개봉로2길","5631","2907","2724","35","1132","1548","1201","1212","503","17","640","1025","577","408","240","18","492","523","624","804","263"
"2021","2","A","골목상권","1000540","은행정로5길","1327","635","692","2","144","276","287","361","257","1","64","127","122","161","160","1","80","149","165","200","97"
"2021","2","A","골목상권","1000896","논현로115길","23492","15502","7990","91","5412","7277","5283","3492","1937","49","2759","4778","3934","2581","1401","42","2653","2499","1349","911","536"
"2021","2","A","골목상권","1000518","목동남로4길","2104","1223","881","7","250","507","529","468","343","4","135","297","283","263","241","3","115","210","246","205","102"
"2021","2","A","골목상권","1000617","경인로15길","1956","1167","789","6","166","351","482","573","378","5","82","195","271","328","286","1","84","156","211","245","92"
"2021","2","A","골목상권","1000605","화곡로31길","4177","2189","1988","5","936","866","839","823","708","2","261","447","439","500","540","3","675","419","400","323","168"
"2021","2","A","골목상권","1000631","구로동로7길","10253","7086","3167","39","1979","3388","2613","1445","789","26","1082","2345","1916","1080","637","13","897","1043","697","365","152"
"2021","2","A","골목상권","1000608","화곡로64길","13331","7853","5478","57","2469","3328","2997","2781","1699","22","1004","2243","2108","1478","998","35","1465","1085","889","1303","701"
"2021","2","A","골목상권","1000576","공항대로55길","9865","6181","3684","31","1979","2664","2300","1763","1128","17","724","1698","1692","1235","815","14","1255","966","608","528","313"
"2021","2","A","골목상권","1000666","독산로85길","1373","751","622","0","160","246","286","380","301","0","102","161","153","181","154","0","58","85","133","199","147"
"2021","2","A","골목상권","1000452","충정로6길","21254","12909","8345","55","3567","6876","5753","3722","1281","25","1596","4024","3722","2578","964","30","1971","2852","2031","1144","317"
"2021","2","A","골목상권","1000654","가산로3길","23895","16021","7874","85","4033","6853","5823","4192","2909","51","2156","4728","4260","2809","2017","34","1877","2125","1563","1383","892"
"2021","2","A","골목상권","1000878","주흥길","4434","2544","1890","5","758","1268","1079","818","506","1","301","746","698","452","346","4","457","522","381","366","160"
"2021","2","A","골목상권","1000670","벚꽃로56길","44541","28679","15862","163","9094","13920","10927","6197","4240","105","4666","9107","7715","4003","3083","58","4428","4813","3212","2194","1157"
"2021","2","A","골목상권","1000777","장승배기로27길","6829","3923","2906","19","976","2199","1812","1277","546","5","448","1164","1098","869","339","14","528","1035","714","408","207"
"2021","2","A","골목상권","1000889","개포로17길","28812","12804","16008","106","4586","6834","9279","5716","2291","55","2221","3947","3251","1802","1528","51","2365","2887","6028","3914","763"
"2021","2","A","골목상권","1000661","독산로40길","1493","907","586","13","224","305","427","378","146","10","140","213","255","180","109","3","84","92","172","198","37"
"2021","2","A","골목상권","1000756","사당로8길","3051","1713","1338","5","420","652","846","673","455","2","233","371","412","358","337","3","187","281","434","315","118"
"2021","2","A","골목상권","1000753","사당로29길","2228","971","1257","8","346","546","597","423","308","2","115","239","240","179","196","6","231","307","357","244","112"
"2021","2","A","골목상권","1000739","동작대로17길","5364","2626","2738","17","970","1213","1289","1038","837","7","293","560","624","565","577","10","677","653","665","473","260"
"2021","2","A","골목상권","1000749","사당로20길","2063","1118","945","2","202","327","503","461","568","1","68","173","235","242","399","1","134","154","268","219","169"
"2021","2","A","골목상권","1000363","도봉로152가길","1287","838","449","2","75","174","250","407","379","1","22","83","135","283","314","1","53","91","115","124","65"
"2021","2","A","골목상권","1000738","대방동2길","17384","11015","6369","45","3429","3433","2729","4199","3549","24","2705","2797","1735","1952","1802","21","724","636","994","2247","1747"
"2021","2","A","골목상권","1000765","서달로8가길","403","153","250","1","52","56","103","110","81","0","11","18","38","40","46","1","41","38","65","70","35"
"2021","2","A","골목상권","1000196","장한로25길","2822","1232","1590","11","422","622","742","672","353","8","155","291","285","291","202","3","267","331","457","381","151"
"2021","2","A","골목상권","1000915","봉은사로57길","9907","6461","3446","39","2215","3084","2106","1424","1039","25","1014","1834","1606","1150","832","14","1201","1250","500","274","207"
"2021","2","A","골목상권","1000937","학동로56길","14387","8425","5962","60","3263","4261","3139","2227","1437","29","1360","2374","2131","1487","1044","31","1903","1887","1008","740","393"
"2021","2","A","골목상권","1000924","선릉로121길","18000","11157","6843","53","3237","4976","4691","3250","1793","22","1435","2912","3203","2224","1361","31","1802","2064","1488","1026","432"
"2021","2","A","골목상권","1000929","압구정로2길","12859","8055","4804","41","2476","3955","3398","2011","978","23","1102","2519","2284","1381","746","18","1374","1436","1114","630","232"
"2021","2","A","골목상권","1000931","영동대로112길","79440","60824","18616","152","15774","21126","21341","16831","4216","87","10103","15983","17682","14479","2490","65","5671","5143","3659","2352","1726"
"2021","2","A","골목상권","1000359","도봉로109길","3318","1622","1696","7","603","745","790","742","431","4","153","339","417","416","293","3","450","406","373","326","138"
"2021","2","A","골목상권","1000387","한글비석로24길","1357","635","722","6","134","222","327","384","284","2","41","105","152","179","156","4","93","117","175","205","128"
"2021","2","A","골목상권","1000360","도봉로114길","1941","1023","918","5","269","361","447","514","345","1","92","141","236","305","248","4","177","220","211","209","97"
"2021","2","A","골목상권","1000965","오금로46길","5777","3859","1918","17","613","1012","1039","1099","1997","13","360","664","635","635","1552","4","253","348","404","464","445"
"2021","2","A","골목상권","1000955","송이로23길","14254","7809","6445","69","1826","3028","2781","2547","4003","32","814","1709","1647","1186","2421","37","1012","1319","1134","1361","1582"
"2021","2","A","골목상권","1000891","개포로28길","3568","2437","1131","10","596","991","913","613","445","3","294","656","675","423","386","7","302","335","238","190","59"
"2021","2","A","골목상권","1000990","양재대로91길","3486","2089","1397","12","425","714","818","829","688","10","215","433","480","480","471","2","210","281","338","349","217"
"2021","2","A","골목상권","1000184","사가정로13길","3844","2135","1709","3","409","833","1054","1019","526","1","191","398","597","596","352","2","218","435","457","423","174"
"2021","2","A","골목상권","1000950","백제고분로42길","8516","5295","3221","17","1073","2000","1949","1793","1684","4","500","1337","1292","1070","1092","13","573","663","657","723","592"
"2021","2","A","골목상권","1000212","천호대로77길","7115","4648","2467","42","1435","1733","1428","1183","1294","11","692","1167","993","781","1004","31","743","566","435","402","290"
"2021","2","A","골목상권","1000104","상원길","7684","5001","2683","33","1293","1930","1773","1442","1213","23","766","1276","1185","958","793","10","527","654","588","484","420"
"2021","2","A","골목상권","1000066","원효로41길","6829","4947","1882","28","1098","2181","1898","1182","442","15","626","1544","1466","944","352","13","472","637","432","238","90"
"2021","2","A","골목상권","1000337","솔매로50길","2145","1151","994","8","231","442","606","562","296","7","91","188","300","340","225","1","140","254","306","222","71"
"2021","2","A","골목상권","1000122","용답중앙길","5789","2733","3056","7","815","1244","1633","1519","571","2","560","857","601","343","370","5","255","387","1032","1176","201"
"2021","2","A","골목상권","1000306","창경궁로43길","6137","3067","3070","30","812","1435","1729","1420","711","19","288","670","898","770","422","11","524","765","831","650","289"
"2021","2","A","골목상권","1000276","보문로31길","6816","3595","3221","9","765","1759","2112","1724","447","2","270","782","1077","1187","277","7","495","977","1035","537","170"
"2021","2","A","골목상권","1000348","한천로130길","1159","597","562","1","133","204","272","293","256","1","41","90","149","145","171","0","92","114","123","148","85"
"2021","2","A","골목상권","1000208","천장산로7길","1507","887","620","1","143","268","481","414","200","1","46","118","281","284","157","0","97","150","200","130","43"
"2021","2","A","골목상권","1000995","올림픽로77길","1824","1010","814","9","219","358","425","396","417","5","104","187","227","203","284","4","115","171","198","193","133"
"2021","2","A","골목상권","1000054","녹사평대로46길","9993","4025","5968","16","3300","4161","1822","524","170","5","776","1717","997","398","132","11","2524","2444","825","126","38"
"2021","2","A","골목상권","1000071","이태원로54길","12930","8355","4575","42","2700","4776","3105","1813","494","23","1251","2857","2315","1566","343","19","1449","1919","790","247","151"
"2021","2","A","골목상권","1000055","대사관로34길","5784","4038","1746","52","932","1551","1468","1050","731","39","528","1057","1090","782","542","13","404","494","378","268","189"
"2021","2","A","골목상권","1000029","난계로21길","3313","1971","1342","13","399","606","723","744","828","12","216","362","413","456","512","1","183","244","310","288","316"
"2021","2","A","골목상권","1000075","청파로71길","6797","3510","3287","8","1504","1964","1330","1123","868","3","431","888","775","731","682","5","1073","1076","555","392","186"
"2021","2","A","골목상권","1000251","봉화산로4길","1177","649","528","7","163","237","282","241","247","6","79","99","141","134","190","1","84","138","141","107","57"
"2021","2","A","골목상권","1000182","무학로16길","6673","4996","1677","44","537","1158","1534","2228","1172","30","339","869","1214","1655","889","14","198","289","320","573","283"
"2021","2","A","골목상권","1000134","긴고랑로7길","3060","1768","1292","53","541","661","682","674","449","6","214","383","383","426","356","47","327","278","299","248","93"
"2021","2","A","골목상권","1000156","용마산로21길","3266","1755","1511","52","500","666","824","773","451","6","177","324","426","465","357","46","323","342","398","308","94"
"2021","2","A","골목상권","1000921","삼성로64길","35162","16304","18858","260","6558","8431","7767","7464","4682","105","3031","4961","4059","2487","1661","155","3527","3470","3708","4977","3021"
"2021","2","A","골목상권","1000385","석계로1길","1699","812","887","4","181","273","422","477","342","2","66","112","183","225","224","2","115","161","239","252","118"
"2021","2","A","골목상권","1000336","솔매로45길","1602","867","735","3","192","330","439","424","214","1","78","149","251","252","136","2","114","181","188","172","78"
"2021","2","A","골목상권","1000329","삼양로24길","1095","702","393","2","75","180","273","290","275","1","35","88","154","196","228","1","40","92","119","94","47"
"2021","2","A","골목상권","1000729","영등포로62길","1535","807","728","0","180","291","398","358","308","0","90","154","209","172","182","0","90","137","189","186","126"
"2021","2","A","골목상권","1000810","복은길","1880","1060","820","8","275","361","475","394","367","2","138","188","251","236","245","6","137","173","224","158","122"
"2021","2","A","골목상권","1000805","대학14길","1204","702","502","5","155","307","328","255","154","2","54","164","216","154","112","3","101","143","112","101","42"
"2021","2","A","골목상권","1000015","이화장길","11255","7059","4196","21","2049","3568","2887","1860","870","4","844","2133","2040","1452","586","17","1205","1435","847","408","284"
"2021","2","A","골목상권","1000097","매봉길","1094","570","524","1","102","264","300","308","119","0","29","126","178","163","74","1","73","138","122","145","45"
"2021","2","A","골목상권","1000238","동일로163길","1116","609","507","1","113","238","281","312","171","1","33","124","148","186","117","0","80","114","133","126","54"
"2021","2","A","골목상권","1000013","율곡로10길","16455","12606","3849","19","1992","5454","4925","3014","1051","7","1161","4109","3995","2506","828","12","831","1345","930","508","223"
"2021","2","A","골목상권","1000111","송정12라길","841","408","433","1","94","153","198","229","166","0","29","73","91","109","106","1","65","80","107","120","60"
"2021","2","A","골목상권","1000232","동일로130길","1739","907","832","0","221","381","428","392","317","0","80","163","212","207","245","0","141","218","216","185","72"
"2021","2","A","골목상권","1000330","삼양로27길","1407","729","678","1","238","381","422","238","127","0","94","204","231","110","90","1","144","177","191","128","37"
"2021","2","A","골목상권","1000325","도봉로8길","860","355","505","3","132","188","214","200","123","2","33","68","83","88","81","1","99","120","131","112","42"
"2021","2","A","골목상권","1000376","우이천로4다길","1311","783","528","4","134","226","369","393","185","1","50","132","220","253","127","3","84","94","149","140","58"
"2021","2","A","골목상권","1000493","양화진길","3858","2187","1671","6","650","1068","1001","766","367","5","243","557","643","507","232","1","407","511","358","259","135"
"2021","2","A","골목상권","1000717","신길로42길","2009","1150","859","1","285","382","450","463","428","0","134","216","245","248","307","1","151","166","205","215","121"
"2021","1","A","골목상권","1000283","솔샘로6길","912","567","345","0","69","143","230","271","199","0","25","73","132","188","149","0","44","70","98","83","50"
"2021","1","A","골목상권","1000841","양지길","354","148","206","2","30","61","112","93","56","1","5","15","49","44","34","1","25","46","63","49","22"
"2021","1","A","골목상권","1001003","천호대로162길","3635","2072","1563","6","405","532","675","667","1350","2","221","281","341","374","853","4","184","251","334","293","497"
"2021","1","A","골목상권","1001004","천호대로170길","5760","3089","2671","12","898","999","1127","1075","1649","7","329","496","608","593","1056","5","569","503","519","482","593"
"2021","1","A","골목상권","1001005","천호대로187길","4336","2078","2258","11","515","786","1018","1163","843","6","222","426","507","425","492","5","293","360","511","738","351"
"2021","1","A","골목상권","1001006","천호대로197길","2122","1190","932","2","260","374","420","580","486","2","147","232","225","279","305","0","113","142","195","301","181"
"2021","1","A","골목상권","1001007","천호대로219길","966","662","304","0","107","187","231","268","173","0","53","131","167","183","128","0","54","56","64","85","45"
"2021","1","A","골목상권","1001008","천호옛14길","2503","1310","1193","8","459","534","594","535","373","2","250","263","287","285","223","6","209","271","307","250","150"
"2021","1","A","골목상권","1001009","천호옛길","6064","3635","2429","9","803","1428","1488","1645","691","5","447","723","830","1088","542","4","356","705","658","557","149"
"2021","1","A","골목상권","1000001","계동길","13700","10172","3528","7","1421","4634","4218","2628","792","6","720","3381","3297","2165","603","1","701","1253","921","463","189"
"2021","1","A","골목상권","1000002","난계로27길","11773","6288","5485","24","1005","2306","3308","3030","2100","14","498","1408","1718","1410","1240","10","507","898","1590","1620","860"
"2021","1","A","골목상권","1000003","돈화문로11가길","39506","26181","13325","1279","10020","10738","9145","5958","2366","597","5207","7310","6817","4624","1626","682","4813","3428","2328","1334","740"
"2021","1","A","골목상권","1000004","명륜길","1696","957","739","11","323","483","360","296","223","11","133","250","224","177","162","0","190","233","136","119","61"
"2021","1","A","골목상권","1000005","백석동길","4252","2472","1780","18","780","1347","1116","729","262","8","313","748","710","510","183","10","467","599","406","219","79"
"2021","1","A","골목상권","1000006","북촌로11길","14654","11573","3081","5","1601","4779","4375","2998","896","5","968","3687","3606","2584","723","0","633","1092","769","414","173"
"2021","1","A","골목상권","1000007","북촌로5길","9139","7323","1816","3","1312","2611","2919","1877","417","1","890","2027","2453","1603","349","2","422","584","466","274","68"
"2021","1","A","골목상권","1000008","북촌로5나길","9434","7676","1758","1","1173","2620","3126","2003","511","0","866","2010","2638","1731","431","1","307","610","488","272","80"
"2021","1","A","골목상권","1000009","삼청로5길","8686","7310","1376","1","1103","2426","2948","1866","342","0","848","1946","2550","1663","303","1","255","480","398","203","39"
"2021","1","A","골목상권","1000010","성균관로5길","1914","1040","874","15","346","469","424","374","286","11","118","211","252","253","195","4","228","258","172","121","91"
"2021","1","A","골목상권","1000011","숭인동길","8281","3317","4964","7","870","1349","1601","2113","2341","0","245","580","725","633","1134","7","625","769","876","1480","1207"
"2021","1","A","골목상권","1000012","옥인길","2008","1072","936","38","440","518","405","385","222","0","140","256","250","258","168","38","300","262","155","127","54"
"2021","1","A","골목상권","1000013","율곡로10길","16455","12606","3849","19","1992","5454","4925","3014","1051","7","1161","4109","3995","2506","828","12","831","1345","930","508","223"
"2021","1","A","골목상권","1000014","율곡로16길","10582","6889","3693","19","1923","3337","2847","1794","662","3","808","2083","2079","1460","456","16","1115","1254","768","334","206"
"2021","1","A","골목상권","1000015","이화장길","11255","7059","4196","21","2049","3568","2887","1860","870","4","844","2133","2040","1452","586","17","1205","1435","847","408","284"
"2021","1","A","골목상권","1000016","자하문로7길","9639","6195","3444","47","1451","2302","2548","2135","1156","2","887","1634","1874","1195","603","45","564","668","674","940","553"
"2021","1","A","골목상권","1000017","종로24길","6369","4113","2256","22","689","1588","1642","1347","1081","5","312","969","1103","899","825","17","377","619","539","448","256"
"2021","1","A","골목상권","1000018","종로58가길","2197","954","1243","7","359","425","597","483","326","7","105","157","231","243","211","0","254","268","366","240","115"
"2021","1","A","골목상권","1000019","종로65길","4112","2215","1897","6","318","483","752","966","1587","0","109","241","412","484","969","6","209","242","340","482","618"
"2021","1","A","골목상권","1000020","지봉로8길","1900","811","1089","4","226","368","551","466","285","0","63","141","194","232","181","4","163","227","357","234","104"
"2021","1","A","골목상권","1000021","창경궁로35길","5813","2758","3055","27","756","1319","1559","1342","810","17","245","562","760","705","469","10","511","757","799","637","341"
"2021","1","A","골목상권","1000022","창신2길","901","410","491","3","106","169","222","210","191","1","27","58","107","106","111","2","79","111","115","104","80"
"2021","1","A","골목상권","1000023","창신5길","1560","587","973","2","184","311","477","360","226","1","43","101","156","150","136","1","141","210","321","210","90"
"2021","1","A","골목상권","1000024","창신길","773","266","507","2","118","150","173","195","135","1","25","45","76","70","49","1","93","105","97","125","86"
"2021","1","A","골목상권","1000025","통일로12길","1099","504","595","9","253","305","259","176","97","8","83","129","128","87","69","1","170","176","131","89","28"
"2021","1","A","골목상권","1000026","평창길","13893","6673","7220","18","1203","3748","5345","2958","621","9","486","1608","2803","1418","349","9","717","2140","2542","1540","272"
"2021","1","A","골목상권","1000027","필운대로1길","4413","1985","2428","11","618","710","826","1256","992","4","322","378","383","434","464","7","296","332","443","822","528"
"2021","1","A","골목상권","1000028","난계로11길","2321","1306","1015","5","366","628","595","452","275","4","181","347","311","260","203","1","185","281","284","192","72"
"2021","1","A","골목상권","1000029","난계로21길","3313","1971","1342","13","399","606","723","744","828","12","216","362","413","456","512","1","183","244","310","288","316"
"2021","1","A","골목상권","1000030","다산로33길","5574","2897","2677","12","790","1334","1468","1445","525","4","266","632","791","863","341","8","524","702","677","582","184"
"2021","1","A","골목상권","1000031","다산로36길","2442","1186","1256","5","357","635","640","491","314","4","106","262","333","271","210","1","251","373","307","220","104"
"2021","1","A","골목상권","1000032","다산로38길","2273","1114","1159","11","398","551","534","446","333","4","128","219","275","260","228","7","270","332","259","186","105"
"2021","1","A","골목상권","1000033","다산로39길","2618","1371","1247","9","425","591","630","561","402","2","144","273","347","330","275","7","281","318","283","231","127"
"2021","1","A","골목상권","1000034","동호로10길","6836","3723","3113","17","1312","1820","1519","1314","854","6","483","1029","936","745","524","11","829","791","583","569","330"
"2021","1","A","골목상권","1000035","동호로11길","5028","3300","1728","12","759","1711","1310","878","358","3","388","1211","937","531","230","9","371","500","373","347","128"
"2021","1","A","골목상권","1000036","동호로15길","7812","4287","3525","16","1500","2148","1861","1562","725","7","567","1144","1111","952","506","9","933","1004","750","610","219"
"2021","1","A","골목상권","1000037","동호로20길","12817","6753","6064","45","2550","3524","3201","2598","899","8","851","1970","1848","1463","613","37","1699","1554","1353","1135","286"
"2021","1","A","골목상권","1000038","동호로8길","4658","2510","2148","13","958","1262","1054","838","533","5","331","731","664","442","337","8","627","531","390","396","196"
"2021","1","A","골목상권","1000039","명동길","71495","34548","36947","303","20557","24257","14903","9392","2083","97","6091","10970","9400","6561","1429","206","14466","13287","5503","2831","654"
"2021","1","A","골목상권","1000040","삼일대로4길","30429","16439","13990","112","5902","9352","8151","4979","1933","33","2050","5138","4755","3182","1281","79","3852","4214","3396","1797","652"
"2021","1","A","골목상권","1000041","장충단로8길","11253","6178","5075","32","1960","3119","3017","2360","765","5","686","1825","1809","1370","483","27","1274","1294","1208","990","282"
"2021","1","A","골목상권","1000042","청구로17길","8635","4699","3936","17","1623","2359","2025","1733","878","6","591","1271","1211","1044","576","11","1032","1088","814","689","302"
"2021","1","A","골목상권","1000043","청구로1길","3640","1960","1680","6","508","951","871","792","512","3","172","478","531","479","297","3","336","473","340","313","215"
"2021","1","A","골목상권","1000044","퇴계로12길","26422","13011","13411","140","4810","8216","7892","4320","1044","42","1706","3903","3780","2936","644","98","3104","4313","4112","1384","400"
"2021","1","A","골목상권","1000045","퇴계로18길","21805","10426","11379","69","3104","6809","7093","3775","955","11","996","3010","3117","2725","567","58","2108","3799","3976","1050","388"
"2021","1","A","골목상권","1000046","퇴계로46길","7358","4531","2827","39","1345","1788","1912","1395","879","20","585","1039","1276","967","644","19","760","749","636","428","235"
"2021","1","A","골목상권","1000047","퇴계로56길","46130","22957","23173","475","13559","12158","9834","7281","2823","195","6451","7253","5636","2525","897","280","7108","4905","4198","4756","1926"
"2021","1","A","골목상권","1000048","퇴계로8길","40352","22269","18083","168","7554","13382","11011","6350","1887","49","3063","7131","6203","4612","1211","119","4491","6251","4808","1738","676"
"2021","1","A","골목상권","1000049","퇴계로90길","2340","1262","1078","6","384","594","555","454","347","6","172","281","281","269","253","0","212","313","274","185","94"
"2021","1","A","골목상권","1000050","녹사평대로11길","2064","1125","939","2","295","517","651","378","221","0","90","266","388","247","134","2","205","251","263","131","87"
"2021","1","A","골목상권","1000051","녹사평대로26길","6173","3582","2591","31","1164","1704","1560","1176","538","18","527","929","944","791","373","13","637","775","616","385","165"
"2021","1","A","골목상권","1000052","녹사평대로32길","2868","1497","1371","14","486","847","659","621","241","11","177","375","350","402","182","3","309","472","309","219","59"
"2021","1","A","골목상권","1000053","녹사평대로40나길","2385","1253","1132","6","316","719","598","567","179","5","113","319","313","371","132","1","203","400","285","196","47"
"2021","1","A","골목상권","1000054","녹사평대로46길","9993","4025","5968","16","3300","4161","1822","524","170","5","776","1717","997","398","132","11","2524","2444","825","126","38"
"2021","1","A","골목상권","1000055","대사관로34길","5784","4038","1746","52","932","1551","1468","1050","731","39","528","1057","1090","782","542","13","404","494","378","268","189"
"2021","1","A","골목상권","1000056","두텁바위로1길","8157","4692","3465","19","1343","2358","2180","1545","712","8","412","1114","1467","1139","552","11","931","1244","713","406","160"
"2021","1","A","골목상권","1000057","백범로79길","4502","2899","1603","22","667","1156","1105","895","657","13","361","755","740","584","446","9","306","401","365","311","211"
"2021","1","A","골목상권","1000058","백범로90길","5637","3729","1908","38","1004","1627","1387","992","589","23","564","1101","985","658","398","15","440","526","402","334","191"
"2021","1","A","골목상권","1000059","서빙고로71길","5642","3293","2349","2","725","1658","2088","833","336","0","250","673","1464","674","232","2","475","985","624","159","104"
"2021","1","A","골목상권","1000060","소월로20길","2112","1428","684","0","196","392","707","673","144","0","77","220","527","502","102","0","119","172","180","171","42"
"2021","1","A","골목상권","1000061","신흥로20길","2563","1659","904","2","324","477","813","752","195","2","118","274","586","545","134","0","206","203","227","207","61"
"2021","1","A","골목상권","1000062","우사단로10길","4890","2621","2269","26","907","1656","1262","703","336","10","249","845","824","501","192","16","658","811","438","202","144"
"2021","1","A","골목상권","1000063","우사단로14길","5875","3406","2469","31","1371","2016","1430","723","304","16","503","1093","1025","555","214","15","868","923","405","168","90"
"2021","1","A","골목상권","1000064","우사단로4길","2880","1830","1050","3","448","948","794","491","196","2","133","579","586","385","145","1","315","369","208","106","51"
"2021","1","A","골목상권","1000065","원효로19길","8012","5809","2203","31","1316","2537","2176","1373","579","15","750","1802","1695","1091","456","16","566","735","481","282","123"
"2021","1","A","골목상권","1000066","원효로41길","6829","4947","1882","28","1098","2181","1898","1182","442","15","626","1544","1466","944","352","13","472","637","432","238","90"
"2021","1","A","골목상권","1000067","원효로53길","5634","3975","1659","25","859","1695","1558","892","605","18","526","1240","1133","617","441","7","333","455","425","275","164"
"2021","1","A","골목상권","1000068","원효로89길","8896","6141","2755","41","1655","2966","2333","1332","569","16","888","1947","1799","1072","419","25","767","1019","534","260","150"
"2021","1","A","골목상권","1000069","이촌로22길","3232","2176","1056","11","493","860","915","676","277","4","252","552","689","507","172","7","241","308","226","169","105"
"2021","1","A","골목상권","1000070","이태원로27길","17872","8709","9163","49","4899","6777","3836","1789","522","28","1439","3078","2376","1391","397","21","3460","3699","1460","398","125"
"2021","1","A","골목상권","1000071","이태원로54길","12930","8355","4575","42","2700","4776","3105","1813","494","23","1251","2857","2315","1566","343","19","1449","1919","790","247","151"
"2021","1","A","골목상권","1000072","장문로45길","4115","2951","1164","32","578","1180","1192","829","304","22","313","825","916","643","232","10","265","355","276","186","72"
"2021","1","A","골목상권","1000073","청파로47길","7345","4142","3203","31","1393","2513","1795","1096","517","14","618","1336","1078","735","361","17","775","1177","717","361","156"
"2021","1","A","골목상권","1000074","청파로47나길","6480","3174","3306","11","1149","1831","1425","1178","886","6","301","709","739","749","670","5","848","1122","686","429","216"
"2021","1","A","골목상권","1000075","청파로71길","6797","3510","3287","8","1504","1964","1330","1123","868","3","431","888","775","731","682","5","1073","1076","555","392","186"
"2021","1","A","골목상권","1000076","청파로73길","4721","2547","2174","10","913","1365","965","784","684","5","300","628","566","511","537","5","613","737","399","273","147"
"2021","1","A","골목상권","1000077","한강대로104길","36052","21422","14630","180","11153","11590","7342","3944","1843","24","3407","7445","5886","3240","1420","156","7746","4145","1456","704","423"
"2021","1","A","골목상권","1000078","한강대로15길","8277","4527","3750","11","827","1963","2797","1995","684","6","309","971","1448","1323","470","5","518","992","1349","672","214"
"2021","1","A","골목상권","1000079","한강대로43길","27127","10372","16755","153","7139","9391","7217","2423","804","71","2574","3620","2609","980","518","82","4565","5771","4608","1443","286"
"2021","1","A","골목상권","1000080","한강대로52길","25834","9922","15912","128","6440","8327","7146","2984","809","54","2309","3034","2590","1432","503","74","4131","5293","4556","1552","306"
"2021","1","A","골목상권","1000081","한강대로62길","15932","7729","8203","61","3485","5114","4374","2273","625","30","1377","2333","2253","1355","381","31","2108","2781","2121","918","244"
"2021","1","A","골목상권","1000082","한강대로7길","9300","5247","4053","15","1043","2286","3042","2124","790","7","453","1206","1646","1405","530","8","590","1080","1396","719","260"
"2021","1","A","골목상권","1000083","한강대로88길","3952","1815","2137","11","649","1471","1056","506","259","4","167","568","572","327","177","7","482","903","484","179","82"
"2021","1","A","골목상권","1000084","한남대로20길","18863","14261","4602","39","2876","5155","4808","5107","878","31","1410","3407","3963","4709","741","8","1466","1748","845","398","137"
"2021","1","A","골목상권","1000085","회나무로13길","1052","594","458","2","137","281","267","205","160","0","63","144","136","121","130","2","74","137","131","84","30"
"2021","1","A","골목상권","1000086","효창원로39길","6649","4579","2070","21","1208","1796","1823","1289","512","14","670","1302","1313","906","374","7","538","494","510","383","138"
"2021","1","A","골목상권","1000087","후암로28길","3499","2332","1167","5","330","605","1151","1006","402","4","135","345","844","725","279","1","195","260","307","281","123"
"2021","1","A","골목상권","1000088","고산자로6길","4971","2984","1987","12","659","1084","1372","1214","630","2","206","570","863","850","493","10","453","514","509","364","137"
"2021","1","A","골목상권","1000089","금호산2길","2853","1176","1677","16","339","857","1053","394","194","1","108","294","448","187","138","15","231","563","605","207","56"
"2021","1","A","골목상권","1000090","금호산길","1475","833","642","2","190","354","362","303","264","2","63","180","206","184","198","0","127","174","156","119","66"
"2021","1","A","골목상권","1000091","둘레9길","3374","2333","1041","7","364","796","895","832","480","5","211","628","643","554","292","2","153","168","252","278","188"
"2021","1","A","골목상권","1000092","뚝섬로5길","8814","5702","3112","35","1634","2623","2123","1448","951","20","875","1689","1433","989","696","15","759","934","690","459","255"
"2021","1","A","골목상권","1000093","마장로27길","8509","5092","3417","39","917","1342","1816","2804","1591","29","425","861","1213","1670","894","10","492","481","603","1134","697"
"2021","1","A","골목상권","1000094","마장로39길","1481","987","494","1","145","233","349","437","316","1","87","154","216","291","238","0","58","79","133","146","78"
"2021","1","A","골목상권","1000095","마조로16길","1505","918","587","1","177","277","358","417","275","1","78","162","206","264","207","0","99","115","152","153","68"
"2021","1","A","골목상권","1000096","마조로1길","3520","2522","998","0","245","654","1049","1086","486","0","99","435","752","862","374","0","146","219","297","224","112"
"2021","1","A","골목상권","1000097","매봉길","1094","570","524","1","102","264","300","308","119","0","29","126","178","163","74","1","73","138","122","145","45"
"2021","1","A","골목상권","1000098","무수막길","679","380","299","0","75","129","163","160","152","0","25","60","89","90","116","0","50","69","74","70","36"
"2021","1","A","골목상권","1000099","무학로6길","5587","2607","2980","19","915","985","1139","1446","1083","4","332","567","644","620","440","15","583","418","495","826","643"
"2021","1","A","골목상권","1000100","무학봉28길","3725","2164","1561","12","559","795","870","897","592","2","212","465","548","574","363","10","347","330","322","323","229"
"2021","1","A","골목상권","1000101","무학봉길","1081","535","546","1","139","248","287","259","147","1","52","115","138","124","105","0","87","133","149","135","42"
"2021","1","A","골목상권","1000102","사근동길","2512","1782","730","2","144","443","815","743","365","2","54","289","563","579","295","0","90","154","252","164","70"
"2021","1","A","골목상권","1000103","상원12길","4697","3328","1369","19","695","908","930","1048","1097","14","419","634","651","746","864","5","276","274","279","302","233"
"2021","1","A","골목상권","1000104","상원길","7684","5001","2683","33","1293","1930","1773","1442","1213","23","766","1276","1185","958","793","10","527","654","588","484","420"
"2021","1","A","골목상권","1000105","서울숲2길","2591","1654","937","5","386","534","625","594","447","4","159","321","384","419","367","1","227","213","241","175","80"
"2021","1","A","골목상권","1000106","성덕정17길","4785","3353","1432","79","805","1244","1217","956","484","39","481","882","887","680","384","40","324","362","330","276","100"
"2021","1","A","골목상권","1000107","성덕정길","2631","1722","909","3","239","473","607","782","527","2","125","317","393","540","345","1","114","156","214","242","182"
"2021","1","A","골목상권","1000108","성수이로18길","19110","12036","7074","144","3817","4756","4454","3682","2257","89","1922","3107","2991","2302","1625","55","1895","1649","1463","1380","632"
"2021","1","A","골목상권","1000109","성수이로7길","15268","9362","5906","70","3328","4144","3343","2613","1770","44","1645","2669","2210","1538","1256","26","1683","1475","1133","1075","514"
"2021","1","A","골목상권","1000110","성수일로6길","19921","12818","7103","79","3614","5323","4621","3601","2683","56","2042","3547","3112","2240","1821","23","1572","1776","1509","1361","862"
"2021","1","A","골목상권","1000111","송정12라길","841","408","433","1","94","153","198","229","166","0","29","73","91","109","106","1","65","80","107","120","60"
"2021","1","A","골목상권","1000112","송정4가길","5430","3327","2103","9","898","1444","1399","1020","660","3","455","898","890","601","480","6","443","546","509","419","180"
"2021","1","A","골목상권","1000113","아차산로11길","17999","11757","6242","66","3025","4638","4518","3640","2112","48","1693","3158","3070","2212","1576","18","1332","1480","1448","1428","536"
"2021","1","A","골목상권","1000114","아차산로15길","12223","8023","4200","52","1906","3102","3255","2484","1424","41","1007","2064","2204","1616","1091","11","899","1038","1051","868","333"
"2021","1","A","골목상권","1000115","아차산로5길","9775","6281","3494","38","1502","2414","2298","1907","1616","25","865","1548","1526","1214","1103","13","637","866","772","693","513"
"2021","1","A","골목상권","1000116","왕십리로14길","5086","3544","1542","18","769","999","1018","1140","1142","14","450","658","670","835","917","4","319","341","348","305","225"
"2021","1","A","골목상권","1000117","왕십리로21길","1515","781","734","1","187","321","403","404","199","0","71","141","204","221","144","1","116","180","199","183","55"
"2021","1","A","골목상권","1000118","왕십리로26길","6654","3331","3323","18","1042","1228","1446","1783","1137","4","381","706","866","893","481","14","661","522","580","890","656"
"2021","1","A","골목상권","1000119","왕십리로31길","3548","2008","1540","18","697","788","769","756","520","6","205","443","526","502","326","12","492","345","243","254","194"
"2021","1","A","골목상권","1000120","왕십리로6길","7264","4704","2560","27","1259","1744","1605","1402","1227","19","714","1132","1034","944","861","8","545","612","571","458","366"
"2021","1","A","골목상권","1000121","용답29길","8662","5091","3571","27","1495","2040","2283","1941","876","22","1118","1520","1135","669","627","5","377","520","1148","1272","249"
"2021","1","A","골목상권","1000122","용답중앙길","5789","2733","3056","7","815","1244","1633","1519","571","2","560","857","601","343","370","5","255","387","1032","1176","201"
"2021","1","A","골목상권","1000123","장터길","934","408","526","1","110","227","249","238","109","0","28","86","114","112","68","1","82","141","135","126","41"
"2021","1","A","골목상권","1000124","청계천로10나길","8716","5845","2871","46","796","1707","2077","2834","1256","33","441","1062","1400","2005","904","13","355","645","677","829","352"
"2021","1","A","골목상권","1000125","한림말3길","4514","1697","2817","5","1162","1329","1012","717","289","0","285","463","467","332","150","5","877","866","545","385","139"
"2021","1","A","골목상권","1000126","한림말길","13906","9816","4090","21","1965","4373","4011","2983","553","15","733","2938","3234","2518","378","6","1232","1435","777","465","175"
"2021","1","A","골목상권","1000127","광나루로12길","3398","1952","1446","4","531","874","868","700","421","1","268","518","526","340","299","3","263","356","342","360","122"
"2021","1","A","골목상권","1000128","광나루로24길","1255","912","343","2","99","164","339","443","208","0","47","108","239","342","176","2","52","56","100","101","32"
"2021","1","A","골목상권","1000129","광나루로36길","2682","1763","919","3","398","720","634","630","297","1","216","459","407","436","244","2","182","261","227","194","53"
"2021","1","A","골목상권","1000130","광나루로37길","1980","1078","902","2","219","408","502","523","326","1","76","190","254","301","256","1","143","218","248","222","70"
"2021","1","A","골목상권","1000131","광나루로40길","1969","1079","890","3","238","444","549","492","243","1","97","227","302","276","176","2","141","217","247","216","67"
"2021","1","A","골목상권","1000132","광나루로52길","9838","5349","4489","11","1019","1942","2434","2779","1653","6","585","1271","1501","1178","808","5","434","671","933","1601","845"
"2021","1","A","골목상권","1000133","긴고랑로20길","3283","1719","1564","57","615","678","815","706","412","10","280","394","410","366","259","47","335","284","405","340","153"
"2021","1","A","골목상권","1000134","긴고랑로7길","3060","1768","1292","53","541","661","682","674","449","6","214","383","383","426","356","47","327","278","299","248","93"
"2021","1","A","골목상권","1000135","긴고랑로8길","5420","2611","2809","79","1401","1029","1086","1266","559","25","598","551","538","502","397","54","803","478","548","764","162"
"2021","1","A","골목상권","1000136","긴고랑로9길","1980","983","997","53","378","344","489","433","283","6","118","181","232","239","207","47","260","163","257","194","76"
"2021","1","A","골목상권","1000137","능동로13길","4553","2803","1750","7","669","1058","1229","1063","527","3","315","632","803","641","409","4","354","426","426","422","118"
"2021","1","A","골목상권","1000138","능동로19길","1993","1264","729","2","200","302","497","650","342","0","76","165","320","437","266","2","124","137","177","213","76"
"2021","1","A","골목상권","1000139","능동로34길","4493","2629","1864","9","675","1001","1143","949","716","4","373","577","667","509","499","5","302","424","476","440","217"
"2021","1","A","골목상권","1000140","능동로3길","2129","1681","448","9","225","532","590","525","248","5","165","433","476","408","194","4","60","99","114","117","54"
"2021","1","A","골목상권","1000141","능동로4길","2258","1685","573","7","267","584","648","542","210","2","189","451","491","398","154","5","78","133","157","144","56"
"2021","1","A","골목상권","1000142","동일로18길","4424","2913","1511","26","523","877","1104","1066","828","20","262","551","712","743","625","6","261","326","392","323","203"
"2021","1","A","골목상권","1000143","동일로24길","3094","2015","1079","13","419","693","812","642","515","6","211","440","547","411","400","7","208","253","265","231","115"
"2021","1","A","골목상권","1000144","뚝섬로23길","1254","788","466","9","148","237","279","287","294","8","75","133","167","179","226","1","73","104","112","108","68"
"2021","1","A","골목상권","1000145","뚝섬로24길","764","520","244","5","87","139","162","166","205","4","47","93","102","107","167","1","40","46","60","59","38"
"2021","1","A","골목상권","1000146","뚝섬로48길","2096","1462","634","7","385","414","538","518","234","4","273","293","365","350","177","3","112","121","173","168","57"
"2021","1","A","골목상권","1000147","뚝섬로54길","2167","1408","759","14","469","477","538","459","210","10","355","322","305","250","166","4","114","155","233","209","44"
"2021","1","A","골목상권","1000148","뚝섬로58길","3129","1834","1295","13","357","640","850","913","356","9","224","372","481","482","266","4","133","268","369","431","90"
"2021","1","A","골목상권","1000149","뚝섬로64길","3109","1715","1394","4","279","676","816","901","433","1","128","384","446","452","304","3","151","292","370","449","129"
"2021","1","A","골목상권","1000150","면목로17길","1926","1424","502","3","185","382","468","611","277","0","108","283","338","487","208","3","77","99","130","124","69"
"2021","1","A","골목상권","1000151","아차산로40길","2465","1497","968","8","381","560","656","533","327","5","188","318","401","323","262","3","193","242","255","210","65"
"2021","1","A","골목상권","1000152","아차산로51길","14145","10878","3267","14","898","2236","3957","5628","1412","11","462","1418","3051","4759","1177","3","436","818","906","869","235"
"2021","1","A","골목상권","1000153","아차산로55길","6399","3241","3158","11","462","1050","1872","2133","871","8","211","550","1006","966","500","3","251","500","866","1167","371"
"2021","1","A","골목상권","1000154","아차산로65길","5416","3292","2124","9","825","1240","1171","1078","1093","3","489","877","821","559","543","6","336","363","350","519","550"
"2021","1","A","골목상권","1000155","아차산로78길","13980","8708","5272","179","4372","3794","2639","2038","958","56","2128","2558","1845","1418","703","123","2244","1236","794","620","255"
"2021","1","A","골목상권","1000156","용마산로21길","3266","1755","1511","52","500","666","824","773","451","6","177","324","426","465","357","46","323","342","398","308","94"
"2021","1","A","골목상권","1000157","용마산로3길","3963","2259","1704","12","592","827","1025","859","648","4","333","474","558","438","452","8","259","353","467","421","196"
"2021","1","A","골목상권","1000158","자양로11길","4146","2273","1873","13","510","846","1120","1097","560","9","194","432","630","617","391","4","316","414","490","480","169"
"2021","1","A","골목상권","1000159","자양로15길","14033","10711","3322","15","963","2057","3878","5600","1520","11","438","1259","3031","4713","1259","4","525","798","847","887","261"
"2021","1","A","골목상권","1000160","자양로26길","11120","9301","1819","8","645","1498","3166","4721","1082","7","395","1137","2640","4179","943","1","250","361","526","542","139"
"2021","1","A","골목상권","1000161","자양로45길","3528","1956","1572","18","389","699","906","884","632","8","170","399","508","438","433","10","219","300","398","446","199"
"2021","1","A","골목상권","1000162","자양로50길","3389","2111","1278","55","516","563","871","921","463","24","288","333","588","579","299","31","228","230","283","342","164"
"2021","1","A","골목상권","1000163","자양로53길","3133","1922","1211","7","338","584","936","852","416","3","155","354","590","521","299","4","183","230","346","331","117"
"2021","1","A","골목상권","1000164","자양번영로3길","2410","1751","659","5","268","492","717","699","229","3","184","349","521","521","173","2","84","143","196","178","56"
"2021","1","A","골목상권","1000165","천호대로109길","4122","2443","1679","12","675","953","1056","806","620","7","368","568","606","448","446","5","307","385","450","358","174"
"2021","1","A","골목상권","1000166","천호대로123길","3663","2023","1640","12","472","752","948","854","625","4","247","428","501","410","433","8","225","324","447","444","192"
"2021","1","A","골목상권","1000167","천호대로129길","4015","2458","1557","57","613","763","1054","994","534","25","326","456","705","595","351","32","287","307","349","399","183"
"2021","1","A","골목상권","1000168","경희대로3길","1887","985","902","3","421","627","363","278","195","2","150","306","216","169","142","1","271","321","147","109","53"
"2021","1","A","골목상권","1000169","경희대로4길","2471","851","1620","1","635","796","539","319","181","1","118","263","205","132","132","0","517","533","334","187","49"
"2021","1","A","골목상권","1000170","난계로30길","11888","6465","5423","26","1011","2333","3278","3040","2200","15","518","1425","1712","1450","1345","11","493","908","1566","1590","855"
"2021","1","A","골목상권","1000171","답십리로23길","621","354","267","0","53","109","142","155","162","0","36","69","95","81","73","0","17","40","47","74","89"
"2021","1","A","골목상권","1000172","답십리로56길","1642","966","676","7","193","331","415","414","282","5","84","182","226","261","208","2","109","149","189","153","74"
"2021","1","A","골목상권","1000173","답십리로60길","2814","1528","1286","10","218","367","546","730","943","8","104","213","339","376","488","2","114","154","207","354","455"
"2021","1","A","골목상권","1000174","답십리로63길","3950","2081","1869","49","1679","741","663","541","277","31","917","445","284","227","177","18","762","296","379","314","100"
"2021","1","A","골목상권","1000175","답십리로64길","3592","1860","1732","14","351","550","734","948","995","11","178","315","412","456","488","3","173","235","322","492","507"
"2021","1","A","골목상권","1000176","답십리로68길","4296","2087","2209","10","547","830","982","1006","921","9","238","431","475","481","453","1","309","399","507","525","468"
"2021","1","A","골목상권","1000177","답십리로69길","2975","1406","1569","4","394","595","796","749","437","2","133","276","322","362","311","2","261","319","474","387","126"
"2021","1","A","골목상권","1000178","답십리로72길","4692","2705","1987","14","840","1135","1265","971","467","10","456","674","650","563","352","4","384","461","615","408","115"
"2021","1","A","골목상권","1000179","망우로18가길","1678","939","739","2","157","343","451","474","251","0","74","131","251","308","175","2","83","212","200","166","76"
"2021","1","A","골목상권","1000180","망우로18길","3637","1908","1729","3","523","764","946","984","417","1","160","354","548","589","256","2","363","410","398","395","161"
"2021","1","A","골목상권","1000181","망우로21길","2985","1539","1446","4","476","624","771","769","341","1","138","335","448","437","180","3","338","289","323","332","161"
"2021","1","A","골목상권","1000182","무학로16길","6673","4996","1677","44","537","1158","1534","2228","1172","30","339","869","1214","1655","889","14","198","289","320","573","283"
"2021","1","A","골목상권","1000183","무학로45길","3892","2514","1378","6","635","942","861","797","651","1","265","586","560","574","528","5","370","356","301","223","123"
"2021","1","A","골목상권","1000184","사가정로13길","3844","2135","1709","3","409","833","1054","1019","526","1","191","398","597","596","352","2","218","435","457","423","174"
"2021","1","A","골목상권","1000185","사가정로23가길","2757","1624","1133","7","243","514","745","769","479","4","107","272","387","451","403","3","136","242","358","318","76"
"2021","1","A","골목상권","1000186","사가정로2길","5921","2739","3182","6","842","1281","1651","1543","598","1","558","846","593","346","395","5","284","435","1058","1197","203"
"2021","1","A","골목상권","1000187","서울시립대로16길","1212","705","507","2","157","239","338","315","161","1","73","132","206","200","93","1","84","107","132","115","68"
"2021","1","A","골목상권","1000188","서울시립대로29길","2817","1495","1322","5","375","592","640","678","527","2","120","239","337","390","407","3","255","353","303","288","120"
"2021","1","A","골목상권","1000189","서울시립대로4길","1374","920","454","5","205","281","370","322","191","3","135","171","236","225","150","2","70","110","134","97","41"
"2021","1","A","골목상권","1000190","약령시로17길","1197","647","550","0","100","194","256","364","283","0","47","96","132","171","201","0","53","98","124","193","82"
"2021","1","A","골목상권","1000191","왕산로32길","2790","1398","1392","4","356","682","704","775","269","3","136","293","297","488","181","1","220","389","407","287","88"
"2021","1","A","골목상권","1000192","왕산로33길","1277","685","592","3","165","207","251","351","300","2","71","118","146","162","186","1","94","89","105","189","114"
"2021","1","A","골목상권","1000193","왕산로43길","2884","1522","1362","2","423","750","539","578","592","2","174","472","259","286","329","0","249","278","280","292","263"
"2021","1","A","골목상권","1000194","이문로42길","1875","896","979","2","236","373","458","469","337","1","77","189","213","209","207","1","159","184","245","260","130"
"2021","1","A","골목상권","1000195","장한로14길","2657","1721","936","1","344","567","590","714","441","0","183","363","374","464","337","1","161","204","216","250","104"
"2021","1","A","골목상권","1000196","장한로25길","2822","1232","1590","11","422","622","742","672","353","8","155","291","285","291","202","3","267","331","457","381","151"
"2021","1","A","골목상권","1000197","장한로26가길","3157","1546","1611","2","436","691","837","757","434","1","156","334","371","389","295","1","280","357","466","368","139"
"2021","1","A","골목상권","1000198","장한로26길","4475","2559","1916","13","776","1044","1177","953","512","9","415","600","587","556","392","4","361","444","590","397","120"
"2021","1","A","골목상권","1000199","장한로27가길","5462","2697","2765","50","1892","1073","1078","938","431","31","977","583","448","388","270","19","915","490","630","550","161"
"2021","1","A","골목상권","1000200","장한로27길","5011","2537","2474","51","1855","967","882","799","457","31","974","542","372","353","265","20","881","425","510","446","192"
"2021","1","A","골목상권","1000201","장한로5길","5323","3412","1911","16","511","879","1104","1211","1602","12","281","571","744","755","1049","4","230","308","360","456","553"
"2021","1","A","골목상권","1000202","장한로8길","5023","3212","1811","13","542","925","1072","1109","1362","9","274","576","665","701","987","4","268","349","407","408","375"
"2021","1","A","골목상권","1000203","전농로29길","2714","1526","1188","4","365","562","704","736","343","1","149","259","429","454","234","3","216","303","275","282","109"
"2021","1","A","골목상권","1000204","전농로3길","5028","2106","2922","6","712","1005","1480","1452","373","3","484","665","450","279","225","3","228","340","1030","1173","148"
"2021","1","A","골목상권","1000205","전농로4길","4531","3351","1180","21","816","1152","1084","816","642","20","613","873","800","557","488","1","203","279","284","259","154"
"2021","1","A","골목상권","1000206","제기로21길","2839","1722","1117","3","462","786","682","637","269","2","167","399","457","465","232","1","295","387","225","172","37"
"2021","1","A","골목상권","1000207","제기로5길","935","590","345","1","67","174","296","222","175","1","33","90","177","153","136","0","34","84","119","69","39"
"2021","1","A","골목상권","1000208","천장산로7길","1507","887","620","1","143","268","481","414","200","1","46","118","281","284","157","0","97","150","200","130","43"
"2021","1","A","골목상권","1000209","천호대로12길","7588","3791","3797","17","654","1869","2390","2008","650","5","311","1118","1104","826","427","12","343","751","1286","1182","223"
"2021","1","A","골목상권","1000210","천호대로17길","6749","4474","2275","19","1205","1945","1500","1062","1018","8","649","1242","1040","758","777","11","556","703","460","304","241"
"2021","1","A","골목상권","1000211","천호대로45길","3003","1572","1431","4","394","735","773","837","260","3","173","340","347","530","179","1","221","395","426","307","81"
"2021","1","A","골목상권","1000212","천호대로77길","7115","4648","2467","42","1435","1733","1428","1183","1294","11","692","1167","993","781","1004","31","743","566","435","402","290"
"2021","1","A","골목상권","1000213","천호대로97길","2965","1783","1182","3","272","446","561","649","1034","1","124","255","305","374","724","2","148","191","256","275","310"
"2021","1","A","골목상권","1000214","한천로14길","4755","3015","1740","10","482","875","1053","1151","1184","8","265","564","729","724","725","2","217","311","324","427","459"
"2021","1","A","골목상권","1000215","한천로33길","3866","2281","1585","44","1555","669","619","604","375","25","889","443","365","303","256","19","666","226","254","301","119"
"2021","1","A","골목상권","1000216","한천로40길","3901","2396","1505","42","1579","638","549","630","463","24","890","432","324","364","362","18","689","206","225","266","101"
"2021","1","A","골목상권","1000217","한천로46길","2745","1664","1081","7","257","609","744","699","429","4","108","329","405","450","368","3","149","280","339","249","61"
"2021","1","A","골목상권","1000218","휘경로14길","1479","863","616","2","157","276","399","372","273","0","59","153","246","256","149","2","98","123","153","116","124"
"2021","1","A","골목상권","1000219","휘경로23길","614","320","294","1","67","110","160","169","107","1","22","58","78","92","69","0","45","52","82","77","38"
"2021","1","A","골목상권","1000220","휘경로2길","3049","1311","1738","1","618","820","765","547","298","0","109","292","374","339","197","1","509","528","391","208","101"
"2021","1","A","골목상권","1000221","휘경로3길","1648","978","670","1","105","240","504","490","308","1","31","114","291","337","204","0","74","126","213","153","104"
"2021","1","A","골목상권","1000222","겸재로29길","2514","1442","1072","3","356","591","717","548","299","0","154","393","354","299","242","3","202","198","363","249","57"
"2021","1","A","골목상권","1000223","겸재로36길","1894","1125","769","2","224","410","491","451","316","1","99","235","263","282","245","1","125","175","228","169","71"
"2021","1","A","골목상권","1000224","겸재로54길","1723","989","734","2","149","360","435","489","288","0","52","182","235","314","206","2","97","178","200","175","82"
"2021","1","A","골목상권","1000225","공릉로12가길","1387","675","712","5","120","302","379","375","206","1","41","141","168","184","140","4","79","161","211","191","66"
"2021","1","A","골목상권","1000226","공릉로2길","1693","846","847","0","190","354","448","430","271","0","59","167","211","219","190","0","131","187","237","211","81"
"2021","1","A","골목상권","1000227","답십리로75길","1647","1158","489","2","146","269","413","594","223","1","61","158","284","477","177","1","85","111","129","117","46"
"2021","1","A","골목상권","1000228","동일로100길","3062","1918","1144","5","382","644","840","712","479","1","186","437","469","435","390","4","196","207","371","277","89"
"2021","1","A","골목상권","1000229","동일로101길","1342","738","604","2","111","223","316","394","296","1","38","102","165","210","222","1","73","121","151","184","74"
"2021","1","A","골목상권","1000230","동일로112길","4163","2571","1592","5","455","878","1184","921","720","0","216","554","654","565","582","5","239","324","530","356","138"
"2021","1","A","골목상권","1000231","동일로123길","2657","1671","986","4","253","497","628","611","664","2","112","252","362","403","540","2","141","245","266","208","124"
"2021","1","A","골목상권","1000232","동일로130길","1739","907","832","0","221","381","428","392","317","0","80","163","212","207","245","0","141","218","216","185","72"
"2021","1","A","골목상권","1000233","동일로139가길","2323","1520","803","2","338","578","560","546","299","2","202","364","338","382","232","0","136","214","222","164","67"
"2021","1","A","골목상권","1000234","동일로139길","1911","1335","576","2","290","481","447","429","262","2","182","319","296","333","203","0","108","162","151","96","59"
"2021","1","A","골목상권","1000235","동일로140길","2688","1741","947","1","373","630","649","637","398","1","212","366","386","448","328","0","161","264","263","189","70"
"2021","1","A","골목상권","1000236","동일로149길","1644","1148","496","1","250","431","408","418","136","1","160","301","274","311","101","0","90","130","134","107","35"
"2021","1","A","골목상권","1000237","동일로157길","2828","1746","1082","2","371","654","717","740","344","2","195","416","418","482","233","0","176","238","299","258","111"
"2021","1","A","골목상권","1000238","동일로163길","1116","609","507","1","113","238","281","312","171","1","33","124","148","186","117","0","80","114","133","126","54"
"2021","1","A","골목상권","1000239","망우로68길","1840","1024","816","11","182","275","356","549","467","2","56","90","174","333","369","9","126","185","182","216","98"
"2021","1","A","골목상권","1000240","망우로73길","1580","995","585","2","129","243","331","503","372","1","48","97","162","350","337","1","81","146","169","153","35"
"2021","1","A","골목상권","1000241","면목로21길","1619","1149","470","1","128","228","394","595","273","1","63","138","260","478","209","0","65","90","134","117","64"
"2021","1","A","골목상권","1000242","면목로33길","1771","1210","561","3","146","273","467","639","243","2","61","154","307","496","190","1","85","119","160","143","53"
"2021","1","A","골목상권","1000243","면목로45길","2478","1502","976","5","260","477","642","635","459","2","95","236","362","453","354","3","165","241","280","182","105"
"2021","1","A","골목상권","1000244","면목로48길","2802","1706","1096","6","308","506","636","752","594","2","99","241","361","531","472","4","209","265","275","221","122"
"2021","1","A","골목상권","1000245","면목로49길","2892","1746","1146","6","325","625","796","681","459","3","139","346","451","460","347","3","186","279","345","221","112"
"2021","1","A","골목상권","1000246","면목로55길","2381","1425","956","4","284","506","594","560","433","1","120","285","316","372","331","3","164","221","278","188","102"
"2021","1","A","골목상권","1000247","면목로56길","2604","1612","992","5","254","532","633","676","504","0","94","286","378","479","375","5","160","246","255","197","129"
"2021","1","A","골목상권","1000248","면목로78길","2567","1467","1100","3","353","606","757","571","277","0","176","401","378","294","218","3","177","205","379","277","59"
"2021","1","A","골목상권","1000249","봉우재로33길","2885","1792","1093","6","408","726","863","553","329","3","226","499","471","322","271","3","182","227","392","231","58"
"2021","1","A","골목상권","1000250","봉화산로30길","2185","1269","916","11","274","462","498","523","417","10","120","230","272","306","331","1","154","232","226","217","86"
"2021","1","A","골목상권","1000251","봉화산로4길","1177","649","528","7","163","237","282","241","247","6","79","99","141","134","190","1","84","138","141","107","57"
"2021","1","A","골목상권","1000252","봉화산로56길","6034","3615","2419","7","777","1325","1309","1525","1091","6","404","672","687","972","874","1","373","653","622","553","217"
"2021","1","A","골목상권","1000253","사가정로42길","1480","984","496","2","143","326","437","379","193","2","79","194","297","268","144","0","64","132","140","111","49"
"2021","1","A","골목상권","1000254","사가정로54길","2447","1561","886","4","257","394","587","682","523","4","98","209","351","486","413","0","159","185","236","196","110"
"2021","1","A","골목상권","1000255","신내로7가길","2885","1702","1183","7","421","599","614","650","594","4","252","346","321","339","440","3","169","253","293","311","154"
"2021","1","A","골목상권","1000256","용마산로100길","1375","864","511","0","108","178","316","388","385","0","39","93","188","261","283","0","69","85","128","127","102"
"2021","1","A","골목상권","1000257","용마산로112길","1061","691","370","3","77","147","200","352","282","1","29","62","111","243","245","2","48","85","89","109","37"
"2021","1","A","골목상권","1000258","용마산로118길","1833","1219","614","3","134","257","368","560","511","1","50","110","200","400","458","2","84","147","168","160","53"
"2021","1","A","골목상권","1000259","용마산로94길","1479","1008","471","1","135","212","335","428","368","0","46","122","218","335","287","1","89","90","117","93","81"
"2021","1","A","골목상권","1000260","중랑천로10길","3242","2165","1077","11","329","735","995","928","244","10","150","453","692","689","171","1","179","282","303","239","73"
"2021","1","A","골목상권","1000261","길음로7길","2033","690","1343","9","643","584","388","269","140","0","112","217","147","119","95","9","531","367","241","150","45"
"2021","1","A","골목상권","1000262","돌곶이로14길","1130","729","401","3","138","285","273","289","142","0","69","183","170","195","112","3","69","102","103","94","30"
"2021","1","A","골목상권","1000263","돌곶이로22길","2523","1745","778","4","227","361","362","436","1133","0","104","229","227","270","915","4","123","132","135","166","218"
"2021","1","A","골목상권","1000264","돌곶이로27길","1146","638","508","1","113","202","254","253","323","0","35","95","119","131","258","1","78","107","135","122","65"
"2021","1","A","골목상권","1000265","돌곶이로28길","2464","1679","785","6","192","251","323","451","1241","1","75","134","182","273","1014","5","117","117","141","178","227"
"2021","1","A","골목상권","1000266","돌곶이로41길","578","281","297","5","93","145","159","113","63","3","42","78","81","42","35","2","51","67","78","71","28"
"2021","1","A","골목상권","1000267","돌곶이로8길","1501","991","510","3","168","348","339","377","266","0","78","211","198","280","224","3","90","137","141","97","42"
"2021","1","A","골목상권","1000268","동소문로13길","15530","8923","6607","61","2321","3756","4947","2768","1677","27","1042","2114","3047","1895","798","34","1279","1642","1900","873","879"
"2021","1","A","골목상권","1000269","동소문로15길","13122","7940","5182","60","2012","3087","4057","2407","1499","26","932","1807","2691","1751","733","34","1080","1280","1366","656","766"
"2021","1","A","골목상권","1000270","동소문로26가길","2325","1062","1263","23","336","488","529","546","403","11","90","178","233","281","269","12","246","310","296","265","134"
"2021","1","A","골목상권","1000271","동소문로2길","2629","1268","1361","8","361","575","735","574","376","5","162","334","362","209","196","3","199","241","373","365","180"
"2021","1","A","골목상권","1000272","동소문로6길","3075","1751","1324","11","285","567","1022","837","353","4","130","325","582","467","243","7","155","242","440","370","110"
"2021","1","A","골목상권","1000273","보국문로16길","1473","809","664","2","134","166","324","455","392","0","44","77","162","269","257","2","90","89","162","186","135"
"2021","1","A","골목상권","1000274","보문로13길","6379","4803","1576","7","521","1743","1183","1318","1607","1","318","1444","946","1014","1080","6","203","299","237","304","527"
"2021","1","A","골목상권","1000275","보문로26길","1538","813","725","1","285","437","401","268","146","0","127","270","209","121","86","1","158","167","192","147","60"
"2021","1","A","골목상권","1000276","보문로31길","6816","3595","3221","9","765","1759","2112","1724","447","2","270","782","1077","1187","277","7","495","977","1035","537","170"
"2021","1","A","골목상권","1000277","보문로32길","3795","2025","1770","12","402","961","1025","1093","302","5","150","395","543","737","195","7","252","566","482","356","107"
"2021","1","A","골목상권","1000278","삼선교로10길","2448","1319","1129","4","222","314","722","727","459","2","76","134","409","421","277","2","146","180","313","306","182"
"2021","1","A","골목상권","1000279","삼선교로10다길","2140","1279","861","3","162","256","647","619","453","0","60","121","380","400","318","3","102","135","267","219","135"
"2021","1","A","골목상권","1000280","삼선교로16가길","2374","1509","865","2","288","621","698","570","195","0","104","382","484","420","119","2","184","239","214","150","76"
"2021","1","A","골목상권","1000281","삼양로8길","5716","2840","2876","421","2108","1423","856","565","343","178","934","772","460","247","249","243","1174","651","396","318","94"
"2021","1","A","골목상권","1000282","성북로8길","4182","2354","1828","23","494","912","1411","968","374","12","211","482","771","591","287","11","283","430","640","377","87"
"2021","1","A","골목상권","1000284","아리랑로4길","2365","1201","1164","21","341","481","540","576","406","16","110","203","273","322","277","5","231","278","267","254","129"
"2021","1","A","골목상권","1000285","안암로5길","4306","2796","1510","12","544","890","945","942","973","5","289","608","638","609","647","7","255","282","307","333","326"
"2021","1","A","골목상권","1000286","오패산로19길","1435","649","786","8","205","309","385","334","194","7","70","129","176","158","109","1","135","180","209","176","85"
"2021","1","A","골목상권","1000287","오패산로3길","2850","1845","1005","4","209","352","537","564","1184","4","84","169","284","372","932","0","125","183","253","192","252"
"2021","1","A","골목상권","1000288","오패산로4길","4408","2833","1575","4","583","1149","982","932","758","2","286","749","590","605","601","2","297","400","392","327","157"
"2021","1","A","골목상권","1000289","인촌로17가길","1215","677","538","1","241","377","311","175","110","0","115","240","168","88","66","1","126","137","143","87","44"
"2021","1","A","골목상권","1000290","인촌로1길","5136","2931","2205","11","550","1230","1246","1337","762","3","244","628","732","871","453","8","306","602","514","466","309"
"2021","1","A","골목상권","1000291","개운사길","1657","853","804","1","198","454","562","333","109","0","70","197","309","202","75","1","128","257","253","131","34"
"2021","1","A","골목상권","1000292","인촌로24길","3279","2060","1219","3","363","782","950","756","425","0","148","448","603","521","340","3","215","334","347","235","85"
"2021","1","A","골목상권","1000293","인촌로5길","3744","2001","1743","8","384","927","1023","1089","313","2","132","383","542","741","201","6","252","544","481","348","112"
"2021","1","A","골목상권","1000294","인촌로6길","7167","5526","1641","11","781","2081","1360","1419","1515","5","480","1723","1109","1120","1089","6","301","358","251","299","426"
"2021","1","A","골목상권","1000295","장월로1길","3837","2383","1454","5","671","1155","920","721","365","1","334","778","573","433","264","4","337","377","347","288","101"
"2021","1","A","골목상권","1000296","장위로50길","2540","1674","866","6","201","300","339","457","1237","2","67","159","170","269","1007","4","134","141","169","188","230"
"2021","1","A","골목상권","1000297","정릉로26길","1495","568","927","1","255","373","406","316","144","0","62","153","129","131","93","1","193","220","277","185","51"
"2021","1","A","골목상권","1000298","정릉로27길","2503","1119","1384","2","395","517","679","574","336","0","110","215","269","295","230","2","285","302","410","279","106"
"2021","1","A","골목상권","1000299","정릉로8길","1934","1384","550","15","321","601","450","314","233","14","185","439","354","247","145","1","136","162","96","67","88"
"2021","1","A","골목상권","1000300","종암로16길","1435","562","873","3","196","255","347","385","249","1","61","104","137","147","112","2","135","151","210","238","137"
"2021","1","A","골목상권","1000301","종암로19길","19081","9789","9292","57","1523","4879","6999","5431","192","13","621","1616","3100","4314","125","44","902","3263","3899","1117","67"
"2021","1","A","골목상권","1000302","종암로21길","21348","11507","9841","61","1725","5284","7395","5936","947","12","757","1915","3385","4717","721","49","968","3369","4010","1219","226"
"2021","1","A","골목상권","1000303","종암로24가길","1829","1059","770","2","233","409","426","551","208","0","115","271","248","336","89","2","118","138","178","215","119"
"2021","1","A","골목상권","1000304","종암로5길","976","488","488","0","107","230","308","227","104","0","37","97","153","139","62","0","70","133","155","88","42"
"2021","1","A","골목상권","1000305","지봉로20길","7371","5614","1757","7","803","2211","1513","1469","1368","2","447","1781","1218","1191","975","5","356","430","295","278","393"
"2021","1","A","골목상권","1000306","창경궁로43길","6137","3067","3070","30","812","1435","1729","1420","711","19","288","670","898","770","422","11","524","765","831","650","289"
"2021","1","A","골목상권","1000307","한천로101가길","700","312","388","6","87","145","201","154","107","4","36","61","84","55","72","2","51","84","117","99","35"
"2021","1","A","골목상권","1000308","한천로76길","1061","657","404","2","138","204","254","283","180","0","66","104","141","203","143","2","72","100","113","80","37"
"2021","1","A","골목상권","1000309","화랑로13길","3666","2389","1277","1","489","1018","810","696","652","0","231","675","508","447","528","1","258","343","302","249","124"
"2021","1","A","골목상권","1000310","화랑로14길","3348","2039","1309","3","554","1083","785","586","337","0","266","704","461","360","248","3","288","379","324","226","89"
"2021","1","A","골목상권","1000311","화랑로19길","1924","1083","841","4","339","477","528","372","204","1","153","280","296","204","149","3","186","197","232","168","55"
"2021","1","A","골목상권","1000312","화랑로1길","3846","2556","1290","6","357","646","771","887","1179","3","178","396","449","596","934","3","179","250","322","291","245"
"2021","1","A","골목상권","1000313","화랑로32길","1528","947","581","4","186","373","394","357","214","0","71","233","235","238","170","4","115","140","159","119","44"
"2021","1","A","골목상권","1000314","화랑로40길","2188","1476","712","1","140","177","301","419","1150","0","52","85","162","259","918","1","88","92","139","160","232"
"2021","1","A","골목상권","1000315","노해로17길","3379","1488","1891","5","286","662","736","802","888","4","89","266","337","462","330","1","197","396","399","340","558"
"2021","1","A","골목상권","1000316","노해로23길","1488","1041","447","2","136","183","370","533","264","0","57","103","259","417","205","2","79","80","111","116","59"
"2021","1","A","골목상권","1000317","노해로33길","1032","522","510","1","143","197","273","255","163","0","44","97","126","133","122","1","99","100","147","122","41"
"2021","1","A","골목상권","1000318","덕릉로40길","981","475","506","2","125","130","270","309","145","0","52","61","101","172","89","2","73","69","169","137","56"
"2021","1","A","골목상권","1000319","덕릉로41길","4574","2478","2096","10","512","1051","1028","1202","771","8","199","522","530","774","445","2","313","529","498","428","326"
"2021","1","A","골목상권","1000320","도봉로13길","931","573","358","1","93","187","219","267","164","1","37","98","126","181","130","0","56","89","93","86","34"
"2021","1","A","골목상권","1000321","도봉로18길","1442","705","737","7","132","243","417","378","265","6","39","87","162","199","212","1","93","156","255","179","53"
"2021","1","A","골목상권","1000322","도봉로45길","1984","992","992","1","190","389","536","486","382","1","82","178","276","282","173","0","108","211","260","204","209"
"2021","1","A","골목상권","1000323","도봉로67길","1676","842","834","3","218","339","441","433","242","1","78","158","230","231","144","2","140","181","211","202","98"
"2021","1","A","골목상권","1000324","도봉로76길","4137","2376","1761","5","482","796","901","1078","875","1","210","455","513","657","540","4","272","341","388","421","335"
"2021","1","A","골목상권","1000325","도봉로8길","860","355","505","3","132","188","214","200","123","2","33","68","83","88","81","1","99","120","131","112","42"
"2021","1","A","골목상권","1000326","도봉로99길","1726","787","939","1","383","412","412","379","139","0","101","196","193","201","96","1","282","216","219","178","43"
"2021","1","A","골목상권","1000327","삼각산로28길","4686","2178","2508","9","400","813","913","1212","1339","8","129","336","409","677","619","1","271","477","504","535","720"
"2021","1","A","골목상권","1000328","삼양로20길","5023","2590","2433","416","1990","1284","666","420","247","177","890","703","373","240","207","239","1100","581","293","180","40"
"2021","1","A","골목상권","1000329","삼양로24길","1095","702","393","2","75","180","273","290","275","1","35","88","154","196","228","1","40","92","119","94","47"
"2021","1","A","골목상권","1000330","삼양로27길","1407","729","678","1","238","381","422","238","127","0","94","204","231","110","90","1","144","177","191","128","37"
"2021","1","A","골목상권","1000331","삼양로41길","1030","584","446","5","119","193","245","241","227","3","52","86","124","148","171","2","67","107","121","93","56"
"2021","1","A","골목상권","1000332","삼양로54길","1233","592","641","2","94","151","242","315","429","2","29","62","121","168","210","0","65","89","121","147","219"
"2021","1","A","골목상권","1000333","삼양로77길","1258","524","734","1","124","256","353","391","133","0","45","102","142","156","79","1","79","154","211","235","54"
"2021","1","A","골목상권","1000334","삼양로93길","2583","1532","1051","0","221","467","693","790","412","0","66","225","438","496","307","0","155","242","255","294","105"
"2021","1","A","골목상권","1000335","솔매로41길","1599","892","707","1","186","336","458","426","192","0","83","170","253","259","127","1","103","166","205","167","65"
"2021","1","A","골목상권","1000336","솔매로45길","1602","867","735","3","192","330","439","424","214","1","78","149","251","252","136","2","114","181","188","172","78"
"2021","1","A","골목상권","1000337","솔매로50길","2145","1151","994","8","231","442","606","562","296","7","91","188","300","340","225","1","140","254","306","222","71"
"2021","1","A","골목상권","1000338","솔샘로65길","1680","791","889","8","123","270","394","410","475","7","33","99","167","220","265","1","90","171","227","190","210"
"2021","1","A","골목상권","1000339","수유로12길","3114","1486","1628","5","344","454","641","822","848","1","84","188","264","398","551","4","260","266","377","424","297"
"2021","1","A","골목상권","1000340","오패산로30길","1173","548","625","8","119","172","341","288","245","6","52","74","144","127","145","2","67","98","197","161","100"
"2021","1","A","골목상권","1000341","오패산로52길","1713","1004","709","2","181","340","484","464","242","2","88","176","274","293","171","0","93","164","210","171","71"
"2021","1","A","골목상권","1000342","오패산로67길","3448","1963","1485","8","408","621","684","869","858","4","167","359","360","538","535","4","241","262","324","331","323"
"2021","1","A","골목상권","1000343","인수봉로56길","2237","1341","896","0","190","405","586","707","349","0","63","185","366","456","271","0","127","220","220","251","78"
"2021","1","A","골목상권","1000344","인수봉로72길","3985","2568","1417","0","249","550","888","1099","1199","0","80","281","601","772","834","0","169","269","287","327","365"
"2021","1","A","골목상권","1000345","인수봉로79길","2108","1156","952","6","278","520","511","519","274","6","117","278","273","275","207","0","161","242","238","244","67"
"2021","1","A","골목상권","1000346","한천로109길","1731","911","820","10","206","332","401","448","334","7","68","155","215","251","215","3","138","177","186","197","119"
"2021","1","A","골목상권","1000347","한천로124나길","1582","1052","530","0","241","388","333","398","222","0","121","259","215","305","152","0","120","129","118","93","70"
"2021","1","A","골목상권","1000348","한천로130길","1159","597","562","1","133","204","272","293","256","1","41","90","149","145","171","0","92","114","123","148","85"
"2021","1","A","골목상권","1000349","한천로132길","4083","2319","1764","7","454","1047","975","1035","565","6","199","551","552","683","328","1","255","496","423","352","237"
"2021","1","A","골목상권","1000350","한천로139가길","3365","1468","1897","10","307","680","719","776","873","8","97","267","327","445","324","2","210","413","392","331","549"
"2021","1","A","골목상권","1000351","한천로140길","3507","1801","1706","6","375","859","910","874","483","5","143","394","473","511","275","1","232","465","437","363","208"
"2021","1","A","골목상권","1000352","노해로60길","2005","1119","886","7","258","399","475","517","349","4","89","178","266","326","256","3","169","221","209","191","93"
"2021","1","A","골목상권","1000353","노해로63다길","5926","3931","1995","6","637","1379","1476","1182","1246","4","352","984","1046","677","868","2","285","395","430","505","378"
"2021","1","A","골목상권","1000354","덕릉로60길","1084","606","478","2","100","216","311","274","181","1","31","122","184","148","120","1","69","94","127","126","61"
"2021","1","A","골목상권","1000355","도당로13가길","742","396","346","1","86","149","193","177","136","1","41","79","88","97","90","0","45","70","105","80","46"
"2021","1","A","골목상권","1000356","도당로13바길","1045","467","578","0","92","205","263","215","270","0","37","93","114","102","121","0","55","112","149","113","149"
"2021","1","A","골목상권","1000357","도당로19길","1552","583","969","3","174","260","433","537","145","3","86","151","140","127","76","0","88","109","293","410","69"
"2021","1","A","골목상권","1000358","도당로29길","2804","1527","1277","6","275","496","683","858","486","5","150","329","325","355","363","1","125","167","358","503","123"
"2021","1","A","골목상권","1000359","도봉로109길","3318","1622","1696","7","603","745","790","742","431","4","153","339","417","416","293","3","450","406","373","326","138"
"2021","1","A","골목상권","1000360","도봉로114길","1941","1023","918","5","269","361","447","514","345","1","92","141","236","305","248","4","177","220","211","209","97"
"2021","1","A","골목상권","1000361","도봉로143길","1706","982","724","5","215","362","408","444","272","4","97","219","241","254","167","1","118","143","167","190","105"
"2021","1","A","골목상권","1000362","도봉로147길","2653","1366","1287","6","287","448","600","920","392","2","150","267","298","428","221","4","137","181","302","492","171"
"2021","1","A","골목상권","1000363","도봉로152가길","1287","838","449","2","75","174","250","407","379","1","22","83","135","283","314","1","53","91","115","124","65"
"2021","1","A","골목상권","1000364","도봉로156길","1281","929","352","1","66","160","250","386","418","0","22","92","148","293","374","1","44","68","102","93","44"
"2021","1","A","골목상권","1000365","도봉로169나길","1230","878","352","2","64","188","229","399","348","1","24","106","144","296","307","1","40","82","85","103","41"
"2021","1","A","골목상권","1000366","도봉로181길","749","388","361","0","59","110","179","202","199","0","13","51","75","106","143","0","46","59","104","96","56"
"2021","1","A","골목상권","1000367","도봉산4길","1096","811","285","0","23","63","199","380","431","0","9","36","157","317","292","0","14","27","42","63","139"
"2021","1","A","골목상권","1000368","도봉산길","1275","888","387","0","43","90","247","427","468","0","15","52","178","333","310","0","28","38","69","94","158"
"2021","1","A","골목상권","1000369","방학로10길","1322","623","699","3","143","331","353","297","195","2","49","153","162","134","123","1","94","178","191","163","72"
"2021","1","A","골목상권","1000370","방학로15길","2236","1446","790","7","437","536","516","461","279","7","294","319","346","250","230","0","143","217","170","211","49"
"2021","1","A","골목상권","1000371","방학로5길","1988","902","1086","4","311","470","491","452","260","2","93","231","236","191","149","2","218","239","255","261","111"
"2021","1","A","골목상권","1000372","방학로6가길","941","461","480","1","99","154","245","255","187","1","50","76","111","123","100","0","49","78","134","132","87"
"2021","1","A","골목상권","1000373","삼양로144길","721","298","423","0","103","108","183","165","162","0","19","38","81","65","95","0","84","70","102","100","67"
"2021","1","A","골목상권","1000374","시루봉로23길","2007","1393","614","7","171","326","422","562","519","5","88","210","238","396","456","2","83","116","184","166","63"
"2021","1","A","골목상권","1000375","우이천로32길","1433","692","741","0","202","304","375","355","197","0","60","133","156","173","170","0","142","171","219","182","27"
"2021","1","A","골목상권","1000376","우이천로4다길","1311","783","528","4","134","226","369","393","185","1","50","132","220","253","127","3","84","94","149","140","58"
"2021","1","A","골목상권","1000377","해등로16길","6159","3977","2182","2","696","1378","1486","1288","1309","0","374","978","1050","696","879","2","322","400","436","592","430"
"2021","1","A","골목상권","1000378","공릉로58길","3479","2325","1154","5","354","680","894","1015","531","2","168","397","576","768","414","3","186","283","318","247","117"
"2021","1","A","골목상권","1000379","동일로173가길","4507","2423","2084","7","423","581","929","1317","1250","3","198","330","466","658","768","4","225","251","463","659","482"
"2021","1","A","골목상권","1000380","동일로192길","2933","1744","1189","7","250","389","576","757","954","3","125","174","285","514","643","4","125","215","291","243","311"
"2021","1","A","골목상권","1000381","동일로242길","1655","907","748","4","185","318","384","419","345","4","87","188","203","233","192","0","98","130","181","186","153"
"2021","1","A","골목상권","1000382","상계로12길","2778","1526","1252","15","390","539","719","680","435","11","153","297","366","381","318","4","237","242","353","299","117"
"2021","1","A","골목상권","1000383","상계로1길","1710","765","945","3","199","318","434","471","285","0","74","174","195","192","130","3","125","144","239","279","155"
"2021","1","A","골목상권","1000384","상계로9가길","1790","778","1012","6","219","309","471","494","291","4","76","161","196","203","138","2","143","148","275","291","153"
"2021","1","A","골목상권","1000385","석계로1길","1699","812","887","4","181","273","422","477","342","2","66","112","183","225","224","2","115","161","239","252","118"
"2021","1","A","골목상권","1000386","한글비석로22길","1955","947","1008","7","220","393","505","492","338","2","81","195","259","208","202","5","139","198","246","284","136"
"2021","1","A","골목상권","1000387","한글비석로24길","1357","635","722","6","134","222","327","384","284","2","41","105","152","179","156","4","93","117","175","205","128"
"2021","1","A","골목상권","1000388","한글비석로44길","1614","800","814","3","101","158","255","416","681","2","45","84","104","182","383","1","56","74","151","234","298"
"2021","1","A","골목상권","1000389","가좌로7길","2176","1151","1025","0","223","439","587","577","350","0","87","234","282","302","246","0","136","205","305","275","104"
"2021","1","A","골목상권","1000390","갈현로1길","1825","900","925","6","304","414","399","358","344","1","100","195","204","167","233","5","204","219","195","191","111"
"2021","1","A","골목상권","1000391","갈현로33길","1587","732","855","5","210","381","379","418","194","2","90","175","175","167","123","3","120","206","204","251","71"
"2021","1","A","골목상권","1000392","갈현로41길","1687","960","727","7","251","413","396","381","239","4","139","253","226","189","149","3","112","160","170","192","90"
"2021","1","A","골목상권","1000393","갈현로7길","2513","1162","1351","8","465","592","616","529","303","2","160","291","307","215","187","6","305","301","309","314","116"
"2021","1","A","골목상권","1000394","불광천길","1739","1013","726","2","175","341","436","474","311","2","94","177","240","274","226","0","81","164","196","200","85"
"2021","1","A","골목상권","1000395","서오릉로21길","2587","1706","881","2","196","423","582","951","433","0","71","199","318","750","368","2","125","224","264","201","65"
"2021","1","A","골목상권","1000396","서오릉로8길","2126","1123","1003","11","274","456","566","478","341","8","113","217","290","250","245","3","161","239","276","228","96"
"2021","1","A","골목상권","1000397","수색로18길","570","385","185","0","61","95","137","169","108","0","25","54","96","122","88","0","36","41","41","47","20"
"2021","1","A","골목상권","1000398","역말로9길","2151","1132","1019","3","261","472","592","464","359","3","101","238","301","230","259","0","160","234","291","234","100"
"2021","1","A","골목상권","1000399","연서로11길","2285","1161","1124","10","456","477","497","471","374","3","193","221","235","256","253","7","263","256","262","215","121"
"2021","1","A","골목상권","1000400","연서로13길","4099","2157","1942","11","554","694","881","1307","652","2","181","304","429","794","447","9","373","390","452","513","205"
"2021","1","A","골목상권","1000401","연서로16길","3513","1430","2083","12","551","724","911","861","454","3","172","291","372","331","261","9","379","433","539","530","193"
"2021","1","A","골목상권","1000402","연서로17길","4262","2441","1821","10","328","658","981","1413","872","3","130","338","493","861","616","7","198","320","488","552","256"
"2021","1","A","골목상권","1000403","연서로21길","4079","2411","1668","10","316","591","958","1350","854","6","125","324","486","850","620","4","191","267","472","500","234"
"2021","1","A","골목상권","1000404","연서로27길","2703","1310","1393","12","373","580","685","599","454","7","109","276","302","294","322","5","264","304","383","305","132"
"2021","1","A","골목상권","1000405","연서로28길","2622","1207","1415","11","448","580","692","556","335","6","144","281","297","265","214","5","304","299","395","291","121"
"2021","1","A","골목상권","1000406","연서로29길","2086","818","1268","9","331","486","525","473","262","6","84","193","201","183","151","3","247","293","324","290","111"
"2021","1","A","골목상권","1000407","연서로33길","2718","1375","1343","3","170","344","389","525","1287","1","57","190","184","226","717","2","113","154","205","299","570"
"2021","1","A","골목상권","1000408","연서로34길","2541","1241","1300","4","149","280","401","486","1221","2","53","139","160","202","685","2","96","141","241","284","536"
"2021","1","A","골목상권","1000409","연서로3길","2341","1159","1182","5","259","448","668","606","355","2","111","227","323","264","232","3","148","221","345","342","123"
"2021","1","A","골목상권","1000410","연서로41길","2016","1078","938","1","100","185","246","350","1134","0","42","105","102","176","653","1","58","80","144","174","481"
"2021","1","A","골목상권","1000411","연서로5길","3063","1436","1627","3","492","601","791","742","434","1","202","274","346","323","290","2","290","327","445","419","144"
"2021","1","A","골목상권","1000412","은평로10길","2810","1504","1306","6","287","449","620","714","734","4","131","216","311","338","504","2","156","233","309","376","230"
"2021","1","A","골목상권","1000413","은평로13길","4882","2635","2247","11","464","981","1167","1295","964","5","204","443","579","730","674","6","260","538","588","565","290"
"2021","1","A","골목상권","1000414","은평로20길","3249","1745","1504","5","395","859","865","854","271","3","193","415","422","525","187","2","202","444","443","329","84"
"2021","1","A","골목상권","1000415","은평로3길","2891","1471","1420","3","254","536","804","767","527","1","96","257","390","370","357","2","158","279","414","397","170"
"2021","1","A","골목상권","1000416","은평로8길","2497","1530","967","3","244","406","580","610","654","2","113","215","332","354","514","1","131","191","248","256","140"
"2021","1","A","골목상권","1000417","응암로12길","1435","563","872","1","166","271","408","394","195","0","45","84","145","163","126","1","121","187","263","231","69"
"2021","1","A","골목상권","1000418","응암로13길","1445","689","756","2","130","245","361","401","306","1","40","79","135","204","230","1","90","166","226","197","76"
"2021","1","A","골목상권","1000419","응암로14길","1013","417","596","1","128","206","284","266","128","0","35","71","108","122","81","1","93","135","176","144","47"
"2021","1","A","골목상권","1000420","응암로22길","1297","807","490","1","145","210","288","366","287","1","79","121","163","219","224","0","66","89","125","147","63"
"2021","1","A","골목상권","1000421","응암로34길","2471","1323","1148","3","276","441","524","582","645","2","123","210","269","282","437","1","153","231","255","300","208"
"2021","1","A","골목상권","1000422","증산로13길","2140","1515","625","3","216","497","551","539","334","3","112","344","398","384","274","0","104","153","153","155","60"
"2021","1","A","골목상권","1000423","증산로15길","1952","1466","486","3","198","393","502","526","330","3","141","289","360","382","291","0","57","104","142","144","39"
"2021","1","A","골목상권","1000424","증산로17길","1533","971","562","1","158","267","349","407","351","1","105","154","187","236","288","0","53","113","162","171","63"
"2021","1","A","골목상권","1000425","증산로21길","2416","1375","1041","1","253","492","645","577","448","1","133","247","349","321","324","0","120","245","296","256","124"
"2021","1","A","골목상권","1000426","증산로5길","2072","1401","671","0","258","547","578","460","229","0","121","397","406","324","153","0","137","150","172","136","76"
"2021","1","A","골목상권","1000427","증산로9길","2163","1494","669","2","280","583","607","471","220","2","139","419","427","332","175","0","141","164","180","139","45"
"2021","1","A","골목상권","1000428","증산서길","2915","2010","905","0","232","477","547","595","1064","0","102","264","283","399","962","0","130","213","264","196","102"
"2021","1","A","골목상권","1000429","진흥로12길","2905","1340","1565","8","388","754","791","621","343","6","145","313","368","289","219","2","243","441","423","332","124"
"2021","1","A","골목상권","1000430","진흥로1길","3173","1417","1756","4","333","557","870","870","539","0","110","254","400","372","281","4","223","303","470","498","258"
"2021","1","A","골목상권","1000431","통일로69길","1346","637","709","8","153","255","386","330","214","7","69","128","175","134","124","1","84","127","211","196","90"
"2021","1","A","골목상권","1000432","통일로78길","3460","1707","1753","7","332","481","609","702","1329","2","143","252","274","297","739","5","189","229","335","405","590"
"2021","1","A","골목상권","1000433","통일로87길","2146","1024","1122","9","346","519","538","443","291","6","121","268","251","200","178","3","225","251","287","243","113"
"2021","1","A","골목상권","1000434","통일로92길","2182","1011","1171","7","335","535","557","460","288","5","118","274","240","197","177","2","217","261","317","263","111"
"2021","1","A","골목상권","1000435","가재울로6길","888","539","349","0","77","134","240","276","161","0","36","70","145","173","115","0","41","64","95","103","46"
"2021","1","A","골목상권","1000436","독립문로8길","4382","2674","1708","6","482","812","1071","1165","846","3","222","487","686","712","564","3","260","325","385","453","282"
"2021","1","A","골목상권","1000437","명지대길","3551","2329","1222","30","580","1061","886","691","303","26","350","746","591","413","203","4","230","315","295","278","100"
"2021","1","A","골목상권","1000438","모래내로15길","5054","3015","2039","12","419","756","963","1282","1622","8","251","488","593","697","978","4","168","268","370","585","644"
"2021","1","A","골목상권","1000439","북아현로4길","4173","2515","1658","3","713","1133","1023","806","495","1","334","709","630","512","329","2","379","424","393","294","166"
"2021","1","A","골목상권","1000440","세검정로1길","7951","1661","6290","3","250","578","2095","3756","1269","1","93","194","366","496","511","2","157","384","1729","3260","758"
"2021","1","A","골목상권","1000441","세무서2길","1768","917","851","4","192","268","468","568","268","2","55","142","231","312","175","2","137","126","237","256","93"
"2021","1","A","골목상권","1000442","세무서길","1599","845","754","5","180","231","420","513","250","1","46","119","204","309","166","4","134","112","216","204","84"
"2021","1","A","골목상권","1000443","수색로8길","2218","1603","615","0","96","232","309","462","1119","0","38","113","136","297","1019","0","58","119","173","165","100"
"2021","1","A","골목상권","1000444","신촌로37길","3846","2292","1554","2","702","1092","944","679","427","1","330","659","579","444","279","1","372","433","365","235","148"
"2021","1","A","골목상권","1000445","연희로10길","7041","5233","1808","4","896","1621","1470","2337","713","1","563","1074","991","2003","601","3","333","547","479","334","112"
"2021","1","A","골목상권","1000446","응암로1길","3491","1774","1717","7","541","903","813","720","507","3","175","500","462","351","283","4","366","403","351","369","224"
"2021","1","A","골목상권","1000447","증가로10길","3090","1973","1117","30","543","972","736","605","204","27","332","651","463","354","146","3","211","321","273","251","58"
"2021","1","A","골목상권","1000448","증가로20가길","2033","1107","926","1","239","515","577","488","213","0","83","293","306","266","159","1","156","222","271","222","54"
"2021","1","A","골목상권","1000449","증가로23나길","3726","1805","1921","9","539","808","864","920","586","4","162","387","432","471","349","5","377","421","432","449","237"
"2021","1","A","골목상권","1000450","증가로6길","2897","2017","880","35","517","820","647","602","276","30","323","586","463","407","208","5","194","234","184","195","68"
"2021","1","A","골목상권","1000451","충정로4길","10911","6497","4414","17","1800","3206","2959","2041","888","11","900","1947","1794","1228","617","6","900","1259","1165","813","271"
"2021","1","A","골목상권","1000452","충정로6길","21254","12909","8345","55","3567","6876","5753","3722","1281","25","1596","4024","3722","2578","964","30","1971","2852","2031","1144","317"
"2021","1","A","골목상권","1000453","통일로11길","1521","816","705","4","161","295","393","422","246","2","53","134","211","250","166","2","108","161","182","172","80"
"2021","1","A","골목상권","1000454","통일로37길","1828","904","924","3","190","271","490","592","282","1","55","136","237","310","165","2","135","135","253","282","117"
"2021","1","A","골목상권","1000455","통일로39길","1448","749","699","3","167","225","380","479","194","1","48","109","194","270","127","2","119","116","186","209","67"
"2021","1","A","골목상권","1000456","홍연길","2909","1921","988","55","808","746","494","546","260","30","461","584","302","346","198","25","347","162","192","200","62"
"2021","1","A","골목상권","1000457","홍제내길","1474","745","729","1","180","256","379","425","233","1","74","127","203","209","131","0","106","129","176","216","102"
"2021","1","A","골목상권","1000458","광성로6길","4309","2311","1998","8","585","1137","1113","1048","418","5","221","510","610","672","293","3","364","627","503","376","125"
"2021","1","A","골목상권","1000459","대흥로21길","5558","2516","3042","66","2280","1294","799","703","416","23","848","602","358","411","274","43","1432","692","441","292","142"
"2021","1","A","골목상권","1000460","대흥로28길","947","375","572","2","105","198","264","236","142","1","26","55","84","118","91","1","79","143","180","118","51"
"2021","1","A","골목상권","1000461","도화4길","16876","9892","6984","39","2983","3895","3920","3784","2255","21","1543","2617","2510","1864","1337","18","1440","1278","1410","1920","918"
"2021","1","A","골목상권","1000462","도화길","17974","9976","7998","28","3098","4346","4235","3811","2456","16","1498","2609","2619","1790","1444","12","1600","1737","1616","2021","1012"
"2021","1","A","골목상권","1000463","독막로22길","2658","1530","1128","5","344","594","712","599","404","2","126","277","409","394","322","3","218","317","303","205","82"
"2021","1","A","골목상권","1000464","독막로32길","5866","3312","2554","13","738","1526","1597","1417","575","10","314","725","890","950","423","3","424","801","707","467","152"
"2021","1","A","골목상권","1000465","독막로8길","3879","2189","1690","16","779","1135","970","653","326","8","300","606","606","432","237","8","479","529","364","221","89"
"2021","1","A","골목상권","1000466","동교로17길","9387","5193","4194","24","1595","2393","2243","1567","1565","15","606","1172","1268","928","1204","9","989","1221","975","639","361"
"2021","1","A","골목상권","1000467","동교로19길","7995","4255","3740","21","1245","2157","2011","1503","1058","16","468","1122","1242","803","604","5","777","1035","769","700","454"
"2021","1","A","골목상권","1000468","동교로25길","8136","4596","3540","29","1403","2144","1878","1494","1188","21","558","1182","1203","898","734","8","845","962","675","596","454"
"2021","1","A","골목상권","1000469","동교로27길","7445","4120","3325","26","1274","1892","1719","1388","1146","18","516","1053","1063","794","676","8","758","839","656","594","470"
"2021","1","A","골목상권","1000470","동교로38길","4017","2115","1902","12","763","1016","954","794","478","8","301","513","522","438","333","4","462","503","432","356","145"
"2021","1","A","골목상권","1000471","마포대로12길","16374","9997","6377","89","3461","4980","4450","2701","693","33","1440","2797","3042","2155","530","56","2021","2183","1408","546","163"
"2021","1","A","골목상권","1000472","마포대로20길","6189","3402","2787","3","1075","2041","1828","915","327","2","565","1167","973","506","189","1","510","874","855","409","138"
"2021","1","A","골목상권","1000473","마포대로4길","12997","8041","4956","19","1972","3107","3139","2694","2066","14","945","1877","2168","1723","1314","5","1027","1230","971","971","752"
"2021","1","A","골목상권","1000474","만리재옛길","7898","4890","3008","27","1351","2535","2248","1325","412","3","689","1516","1496","931","255","24","662","1019","752","394","157"
"2021","1","A","골목상권","1000475","망원로11길","6899","4290","2609","16","825","1251","1414","1794","1599","8","432","864","941","892","1153","8","393","387","473","902","446"
"2021","1","A","골목상권","1000476","망원로2길","3573","1970","1603","12","911","970","773","517","390","5","529","512","375","277","272","7","382","458","398","240","118"
"2021","1","A","골목상권","1000477","매봉산로2길","7758","4869","2889","7","1643","2988","2130","779","211","4","769","1962","1426","552","156","3","874","1026","704","227","55"
"2021","1","A","골목상권","1000478","모래내로7길","1886","1205","681","3","178","335","447","527","396","2","80","176","294","372","281","1","98","159","153","155","115"
"2021","1","A","골목상권","1000479","방울내로9안길","5395","3168","2227","19","670","1008","1186","1654","858","10","361","737","806","762","492","9","309","271","380","892","366"
"2021","1","A","골목상권","1000480","백범로16길","11843","6682","5161","92","2239","2925","2945","2427","1215","37","1118","1683","1682","1366","796","55","1121","1242","1263","1061","419"
"2021","1","A","골목상권","1000481","성미산로11길","4046","2664","1382","13","538","998","1026","845","626","11","263","603","695","608","484","2","275","395","331","237","142"
"2021","1","A","골목상권","1000482","성미산로1길","7338","4500","2838","19","916","1345","1544","1879","1635","11","463","915","1012","927","1172","8","453","430","532","952","463"
"2021","1","A","골목상권","1000483","성미산로32길","2558","1512","1046","6","463","625","587","513","364","5","196","354","324","336","297","1","267","271","263","177","67"
"2021","1","A","골목상권","1000484","성산로4길","7479","4521","2958","22","897","1523","1696","2154","1187","12","500","1039","1117","1133","720","10","397","484","579","1021","467"
"2021","1","A","골목상권","1000485","성지3길","3664","2180","1484","10","552","1062","1011","686","343","8","213","554","666","485","254","2","339","508","345","201","89"
"2021","1","A","골목상권","1000486","숭문8길","2735","1664","1071","0","255","423","605","849","603","0","76","246","380","560","402","0","179","177","225","289","201"
"2021","1","A","골목상권","1000487","숭문길","6842","4186","2656","89","1444","1619","1501","1382","807","34","700","979","985","950","538","55","744","640","516","432","269"
"2021","1","A","골목상권","1000488","신촌로12길","3946","1781","2165","10","815","883","900","792","546","3","354","427","403","298","296","7","461","456","497","494","250"
"2021","1","A","골목상권","1000489","신촌로28가길","752","296","456","1","103","194","203","152","99","1","32","69","62","63","69","0","71","125","141","89","30"
"2021","1","A","골목상권","1000490","신촌로30길","1379","724","655","2","346","446","283","177","125","1","133","247","148","106","89","1","213","199","135","71","36"
"2021","1","A","골목상권","1000491","양화로11길","10929","5400","5529","63","2297","3451","2604","1577","937","44","939","1550","1336","868","663","19","1358","1901","1268","709","274"
"2021","1","A","골목상권","1000492","양화로1길","4275","2265","2010","10","759","1169","1058","771","508","7","296","545","634","448","335","3","463","624","424","323","173"
"2021","1","A","골목상권","1000493","양화진길","3858","2187","1671","6","650","1068","1001","766","367","5","243","557","643","507","232","1","407","511","358","259","135"
"2021","1","A","골목상권","1000494","와우산로29가길","5051","3328","1723","21","803","1159","1271","1061","736","13","427","759","872","692","565","8","376","400","399","369","171"
"2021","1","A","골목상권","1000495","와우산로29길","3716","1999","1717","20","767","935","869","695","430","12","394","551","457","325","260","8","373","384","412","370","170"
"2021","1","A","골목상권","1000496","와우산로3길","3074","1839","1235","31","670","929","704","480","260","20","304","547","460","315","193","11","366","382","244","165","67"
"2021","1","A","골목상권","1000497","월드컵로10길","6092","3082","3010","13","1002","1583","1610","1144","740","9","385","750","851","614","473","4","617","833","759","530","267"
"2021","1","A","골목상권","1000498","월드컵로11길","3309","1814","1495","5","567","778","860","607","492","3","240","408","469","357","337","2","327","370","391","250","155"
"2021","1","A","골목상권","1000499","월드컵로16길","5122","2926","2196","8","667","1007","1290","994","1156","6","275","518","675","560","892","2","392","489","615","434","264"
"2021","1","A","골목상권","1000500","월드컵로19길","3830","2335","1495","6","552","727","826","640","1079","4","245","377","435","391","883","2","307","350","391","249","196"
"2021","1","A","골목상권","1000501","월드컵로25길","1959","1087","872","2","220","387","547","456","347","1","108","213","284","253","228","1","112","174","263","203","119"
"2021","1","A","골목상권","1000502","월드컵로36길","2648","1228","1420","9","317","493","697","735","397","5","115","244","323","308","233","4","202","249","374","427","164"
"2021","1","A","골목상권","1000503","월드컵로7길","4418","2232","2186","10","765","1063","1090","828","662","5","284","491","597","448","407","5","481","572","493","380","255"
"2021","1","A","골목상권","1000504","월드컵로8길","11509","5833","5676","65","2414","3563","2751","1693","1023","44","994","1657","1451","962","725","21","1420","1906","1300","731","298"
"2021","1","A","골목상권","1000505","토정로37길","13888","8500","5388","13","2141","3321","3206","2759","2448","9","1058","2025","2191","1716","1501","4","1083","1296","1015","1043","947"
"2021","1","A","골목상권","1000506","효창원로93길","2738","1473","1265","2","542","627","683","599","285","2","280","380","336","297","178","0","262","247","347","302","107"
"2021","1","A","골목상권","1000507","가로공원로58길","1014","585","429","0","101","169","214","309","221","0","36","63","107","199","180","0","65","106","107","110","41"
"2021","1","A","골목상권","1000508","곰달래로10길","2455","1620","835","7","239","416","579","788","426","4","126","267","371","520","332","3","113","149","208","268","94"
"2021","1","A","골목상권","1000509","곰달래로2길","2257","1536","721","7","230","371","520","739","390","3","127","237","340","512","317","4","103","134","180","227","73"
"2021","1","A","골목상권","1000510","곰달래로3길","2129","1259","870","4","211","408","549","685","272","2","109","227","303","420","198","2","102","181","246","265","74"
"2021","1","A","골목상권","1000511","곰달래로5길","2566","1425","1141","4","268","481","549","681","583","2","114","246","271","409","383","2","154","235","278","272","200"
"2021","1","A","골목상권","1000512","남부순환로33길","2613","1436","1177","1","269","561","577","680","525","1","123","285","299","393","335","0","146","276","278","287","190"
"2021","1","A","골목상권","1000513","남부순환로40길","1841","1020","821","1","202","347","410","483","398","0","76","153","193","291","307","1","126","194","217","192","91"
"2021","1","A","골목상권","1000514","남부순환로58길","1480","847","633","5","182","327","383","415","168","2","95","187","217","232","114","3","87","140","166","183","54"
"2021","1","A","골목상권","1000515","남부순환로70길","3594","2662","932","4","319","506","739","1074","952","2","174","321","493","818","854","2","145","185","246","256","98"
"2021","1","A","골목상권","1000516","남부순환로79길","1692","1022","670","2","120","245","415","542","368","0","52","135","225","326","284","2","68","110","190","216","84"
"2021","1","A","골목상권","1000517","남부순환로88길","1848","1273","575","3","104","257","445","634","405","0","44","151","292","462","324","3","60","106","153","172","81"
"2021","1","A","골목상권","1000518","목동남로4길","2104","1223","881","7","250","507","529","468","343","4","135","297","283","263","241","3","115","210","246","205","102"
"2021","1","A","골목상권","1000519","목동동로12길","18134","10297","7837","113","3684","5643","4400","2944","1350","79","1501","3168","2724","1900","925","34","2183","2475","1676","1044","425"
"2021","1","A","골목상권","1000520","목동동로8길","7239","4481","2758","17","1024","2056","1883","1549","710","7","587","1395","1220","855","417","10","437","661","663","694","293"
"2021","1","A","골목상권","1000521","목동로19길","4271","2529","1742","5","433","753","802","903","1375","2","127","341","390","513","1156","3","306","412","412","390","219"
"2021","1","A","골목상권","1000522","목동로9길","3502","1840","1662","9","474","817","876","787","539","6","193","430","467","419","325","3","281","387","409","368","214"
"2021","1","A","골목상권","1000523","목동중앙남로3가길","1936","1069","867","4","198","454","465","515","300","4","84","266","236","278","201","0","114","188","229","237","99"
"2021","1","A","골목상권","1000524","목동중앙로13나길","1935","1252","683","3","235","575","543","388","191","2","117","338","357","309","129","1","118","237","186","79","62"
"2021","1","A","골목상권","1000525","목동중앙로3길","2498","1211","1287","5","284","548","763","592","306","3","124","269","308","274","233","2","160","279","455","318","73"
"2021","1","A","골목상권","1000526","목동중앙본로7길","1797","936","861","4","178","368","433","510","304","4","74","204","205","262","187","0","104","164","228","248","117"
"2021","1","A","골목상권","1000527","목동중앙북로16길","4358","2547","1811","4","563","963","1287","1088","453","3","237","480","842","697","288","1","326","483","445","391","165"
"2021","1","A","골목상권","1000528","목동중앙북로8길","5137","3009","2128","3","654","1082","1257","1263","878","1","306","610","760","777","555","2","348","472","497","486","323"
"2021","1","A","골목상권","1000529","목동중앙서로7길","3933","2050","1883","5","799","1056","935","771","367","1","207","513","540","490","299","4","592","543","395","281","68"
"2021","1","A","골목상권","1000530","목동중앙서로8가길","3429","1541","1888","4","775","990","813","625","222","2","162","421","430","357","169","2","613","569","383","268","53"
"2021","1","A","골목상권","1000531","신목로2길","12127","6779","5348","66","2275","3961","3073","2106","646","31","881","2114","1895","1374","484","35","1394","1847","1178","732","162"
"2021","1","A","골목상권","1000532","신목로5길","16076","9739","6337","89","2806","5277","4081","2815","1008","66","1341","3237","2618","1825","652","23","1465","2040","1463","990","356"
"2021","1","A","골목상권","1000533","신목로6길","12839","7152","5687","66","2407","4118","3253","2274","721","31","945","2195","1983","1461","537","35","1462","1923","1270","813","184"
"2021","1","A","골목상권","1000534","신월로15길","2407","1676","731","3","127","263","503","781","730","1","55","139","295","540","646","2","72","124","208","241","84"
"2021","1","A","골목상권","1000535","신월로20길","1527","957","570","4","142","247","376","387","371","1","63","127","219","235","312","3","79","120","157","152","59"
"2021","1","A","골목상권","1000536","오목로23길","3264","1648","1616","17","848","638","695","686","380","12","275","352","381","355","273","5","573","286","314","331","107"
"2021","1","A","골목상권","1000537","오목로30길","4088","2402","1686","10","840","599","639","729","1271","4","255","300","329","403","1111","6","585","299","310","326","160"
"2021","1","A","골목상권","1000538","오목로3길","2742","1990","752","4","147","302","554","918","817","1","67","167","346","666","743","3","80","135","208","252","74"
"2021","1","A","골목상권","1000539","오목로5길","2561","1546","1015","4","195","376","587","789","610","2","85","207","321","472","459","2","110","169","266","317","151"
"2021","1","A","골목상권","1000540","은행정로5길","1327","635","692","2","144","276","287","361","257","1","64","127","122","161","160","1","80","149","165","200","97"
"2021","1","A","골목상권","1000541","은행정로7길","3893","2310","1583","12","838","600","564","661","1218","5","255","285","302","379","1084","7","583","315","262","282","134"
"2021","1","A","골목상권","1000542","중앙로25길","7155","4352","2803","28","946","1851","2058","1487","785","23","504","1161","1353","798","513","5","442","690","705","689","272"
"2021","1","A","골목상권","1000543","중앙로32길","8051","4620","3431","28","1512","2034","1907","1652","918","24","525","1230","1141","1015","685","4","987","804","766","637","233"
"2021","1","A","골목상권","1000544","중앙로36길","791","390","401","2","98","168","182","188","153","1","34","74","76","101","104","1","64","94","106","87","49"
"2021","1","A","골목상권","1000545","중앙로45길","3498","2631","867","7","219","369","584","690","1629","2","100","196","307","489","1537","5","119","173","277","201","92"
"2021","1","A","골목상권","1000546","중앙로47길","3972","3000","972","4","365","821","893","526","1363","1","161","497","664","384","1293","3","204","324","229","142","70"
"2021","1","A","골목상권","1000547","중앙로51길","3024","1674","1350","13","263","472","809","831","636","10","146","264","390","418","446","3","117","208","419","413","190"
"2021","1","A","골목상권","1000548","중앙로55길","2507","1271","1236","9","217","443","656","756","426","8","101","261","324","332","245","1","116","182","332","424","181"
"2021","1","A","골목상권","1000549","지양로7길","2827","1640","1187","3","253","384","528","705","954","3","148","238","319","415","517","0","105","146","209","290","437"
"2021","1","A","골목상권","1000550","화곡로3길","1610","737","873","7","235","411","427","385","145","4","83","171","183","194","102","3","152","240","244","191","43"
"2021","1","A","골목상권","1000551","화곡로4길","2028","986","1042","0","243","472","465","510","338","0","79","193","198","269","247","0","164","279","267","241","91"
"2021","1","A","골목상권","1000552","가로공원로76가길","2785","1828","957","5","213","451","706","945","465","3","113","266","432","654","360","2","100","185","274","291","105"
"2021","1","A","골목상권","1000553","가로공원로80길","2802","1680","1122","7","268","522","665","806","534","4","127","316","384","519","330","3","141","206","281","287","204"
"2021","1","A","골목상권","1000554","강서로15길","3243","2104","1139","16","288","577","845","1038","479","14","156","350","503","697","384","2","132","227","342","341","95"
"2021","1","A","골목상권","1000555","강서로17가길","1813","1078","735","5","151","300","482","566","309","3","65","172","258","359","221","2","86","128","224","207","88"
"2021","1","A","골목상권","1000556","강서로18길","3094","1910","1184","8","395","789","840","724","338","6","204","465","465","506","264","2","191","324","375","218","74"
"2021","1","A","골목상권","1000557","강서로29길","2908","1388","1520","8","437","616","661","679","507","5","155","333","333","310","252","3","282","283","328","369","255"
"2021","1","A","골목상권","1000558","강서로35길","2339","1233","1106","3","315","457","541","584","439","2","120","244","274","298","295","1","195","213","267","286","144"
"2021","1","A","골목상권","1000559","강서로45길","5233","3255","1978","11","661","1237","1345","1320","659","7","374","831","801","751","491","4","287","406","544","569","168"
"2021","1","A","골목상권","1000560","강서로45다길","5741","3586","2155","10","725","1321","1435","1418","832","8","394","860","870","833","621","2","331","461","565","585","211"
"2021","1","A","골목상권","1000561","강서로47길","1969","880","1089","2","184","371","567","584","261","0","65","170","200","256","189","2","119","201","367","328","72"
"2021","1","A","골목상권","1000562","강서로47라길","1942","898","1044","3","163","335","537","634","270","1","67","145","191","295","199","2","96","190","346","339","71"
"2021","1","A","골목상권","1000563","강서로5가길","2258","1213","1045","14","236","427","598","647","336","14","110","260","336","316","177","0","126","167","262","331","159"
"2021","1","A","골목상권","1000564","강서로5나길","2286","1480","806","16","205","464","622","688","291","14","108","299","404","432","223","2","97","165","218","256","68"
"2021","1","A","골목상권","1000565","강서로5라길","1890","1096","794","2","190","367","491","500","340","2","100","215","266","260","253","0","90","152","225","240","87"
"2021","1","A","골목상권","1000566","강서로8길","2287","1239","1048","7","267","470","599","607","337","6","107","274","315","309","228","1","160","196","284","298","109"
"2021","1","A","골목상권","1000567","개화동로23길","33039","17452","15587","6","5602","10936","8956","6162","1377","3","1294","4523","5237","5403","992","3","4308","6413","3719","759","385"
"2021","1","A","골목상권","1000568","개화동로25길","32037","16958","15079","3","5511","10823","8819","5927","954","0","1268","4466","5153","5250","821","3","4243","6357","3666","677","133"
"2021","1","A","골목상권","1000569","곰달래로25길","1684","862","822","4","226","323","432","439","260","4","93","173","200","216","176","0","133","150","232","223","84"
"2021","1","A","골목상권","1000570","곰달래로31길","2412","1359","1053","7","336","644","672","497","256","6","167","356","345","309","176","1","169","288","327","188","80"
"2021","1","A","골목상권","1000571","곰달래로47길","2067","1097","970","8","272","603","564","430","190","5","138","324","274","230","126","3","134","279","290","200","64"
"2021","1","A","골목상권","1000572","곰달래로53길","1091","644","447","6","124","230","256","292","183","3","64","138","139","170","130","3","60","92","117","122","53"
"2021","1","A","골목상권","1000573","곰달래로60길","3810","1592","2218","2","835","1029","833","744","367","1","201","419","386","358","227","1","634","610","447","386","140"
"2021","1","A","골목상권","1000574","공항대로38길","3757","1683","2074","5","359","584","714","748","1347","3","140","299","351","300","590","2","219","285","363","448","757"
"2021","1","A","골목상권","1000575","공항대로42길","3316","1427","1889","1","310","526","643","669","1167","0","105","248","294","275","505","1","205","278","349","394","662"
"2021","1","A","골목상권","1000576","공항대로55길","9865","6181","3684","31","1979","2664","2300","1763","1128","17","724","1698","1692","1235","815","14","1255","966","608","528","313"
"2021","1","A","골목상권","1000577","공항대로59길","5310","3325","1985","18","847","1253","1193","1161","838","13","380","761","731","777","663","5","467","492","462","384","175"
"2021","1","A","골목상권","1000578","공항대로59다길","6422","4014","2408","16","810","1474","1724","1593","805","12","342","868","1122","1036","634","4","468","606","602","557","171"
"2021","1","A","골목상권","1000579","공항대로61길","4789","3049","1740","16","648","1117","1101","1068","839","12","278","664","694","742","659","4","370","453","407","326","180"
"2021","1","A","골목상권","1000580","공항대로8길","1968","1203","765","5","230","409","479","485","360","1","96","238","291","308","269","4","134","171","188","177","91"
"2021","1","A","골목상권","1000581","국회대로7길","3300","1523","1777","3","685","796","697","710","409","2","176","352","364","372","257","1","509","444","333","338","152"
"2021","1","A","골목상권","1000582","까치산로4길","3059","1643","1416","17","504","787","803","634","314","13","203","444","433","368","182","4","301","343","370","266","132"
"2021","1","A","골목상권","1000583","남부순환로11길","1314","880","434","1","137","302","376","307","191","0","65","187","249","219","160","1","72","115","127","88","31"
"2021","1","A","골목상권","1000584","등촌로13길","1203","700","503","1","108","234","301","339","220","1","43","137","149","206","164","0","65","97","152","133","56"
"2021","1","A","골목상권","1000585","등촌로39길","3594","2050","1544","2","439","705","865","921","662","1","209","366","530","552","392","1","230","339","335","369","270"
"2021","1","A","골목상권","1000586","등촌로51길","2282","1364","918","6","305","436","562","553","420","2","122","234","317","346","343","4","183","202","245","207","77"
"2021","1","A","골목상권","1000587","등촌로55길","2946","1834","1112","12","417","636","755","673","453","6","182","401","449","436","360","6","235","235","306","237","93"
"2021","1","A","골목상권","1000588","등촌로5길","2909","1351","1558","1","685","836","638","492","257","0","154","367","327","300","203","1","531","469","311","192","54"
"2021","1","A","골목상권","1000589","방화대로21길","4053","2046","2007","9","399","636","737","1110","1162","2","171","370","450","466","587","7","228","266","287","644","575"
"2021","1","A","골목상권","1000590","방화대로6라길","1476","921","555","1","151","323","422","380","199","0","75","205","270","236","135","1","76","118","152","144","64"
"2021","1","A","골목상권","1000591","양천로14길","3079","2104","975","7","260","550","863","863","536","5","152","337","608","574","428","2","108","213","255","289","108"
"2021","1","A","골목상권","1000592","양천로24가길","3150","2066","1084","10","315","559","942","851","473","8","176","349","645","541","347","2","139","210","297","310","126"
"2021","1","A","골목상권","1000593","양천로24길","1923","1097","826","6","242","403","499","508","265","5","130","249","270","267","176","1","112","154","229","241","89"
"2021","1","A","골목상권","1000594","양천로26길","1360","872","488","2","176","295","335","366","186","1","97","186","187","243","158","1","79","109","148","123","28"
"2021","1","A","골목상권","1000595","양천로49길","5710","3599","2111","14","619","1180","1278","1459","1160","8","317","748","781","891","854","6","302","432","497","568","306"
"2021","1","A","골목상권","1000596","양천로71길","12540","4429","8111","21","2025","4005","3917","1801","771","9","628","1414","1004","748","626","12","1397","2591","2913","1053","145"
"2021","1","A","골목상권","1000597","양천로73가길","3841","2556","1285","6","468","916","933","886","632","5","216","579","604","617","535","1","252","337","329","269","97"
"2021","1","A","골목상권","1000598","우장산로6길","1666","914","752","0","263","279","400","447","277","0","121","145","190","247","211","0","142","134","210","200","66"
"2021","1","A","골목상권","1000599","월정로20길","1930","1221","709","16","185","388","520","593","228","14","101","241","326","364","175","2","84","147","194","229","53"
"2021","1","A","골목상권","1000600","초록마을로3길","4067","2605","1462","5","851","847","792","820","752","1","292","509","512","627","664","4","559","338","280","193","88"
"2021","1","A","골목상권","1000601","초록마을로8길","1780","1021","759","8","205","404","487","444","232","6","98","257","294","223","143","2","107","147","193","221","89"
"2021","1","A","골목상권","1000602","초원로16길","3604","1800","1804","11","311","461","647","1096","1078","4","143","281","387","446","539","7","168","180","260","650","539"
"2021","1","A","골목상권","1000603","화곡로13길","1740","973","767","0","175","324","466","509","266","0","88","167","239","280","199","0","87","157","227","229","67"
"2021","1","A","골목상권","1000604","화곡로20길","2589","1431","1158","2","298","541","572","670","506","1","151","319","306","360","294","1","147","222","266","310","212"
"2021","1","A","골목상권","1000605","화곡로31길","4177","2189","1988","5","936","866","839","823","708","2","261","447","439","500","540","3","675","419","400","323","168"
"2021","1","A","골목상권","1000606","화곡로44나길","5789","3797","1992","7","665","1442","1348","1460","867","3","304","817","856","1079","738","4","361","625","492","381","129"
"2021","1","A","골목상권","1000607","화곡로59길","11331","6520","4811","40","1642","2904","2786","2885","1074","12","758","1821","1740","1562","627","28","884","1083","1046","1323","447"
"2021","1","A","골목상권","1000608","화곡로64길","13331","7853","5478","57","2469","3328","2997","2781","1699","22","1004","2243","2108","1478","998","35","1465","1085","889","1303","701"
"2021","1","A","골목상권","1000609","개봉로11길","2872","1300","1572","8","426","520","734","793","391","6","221","284","279","271","239","2","205","236","455","522","152"
"2021","1","A","골목상권","1000610","개봉로17길","4721","2485","2236","38","1140","1373","992","856","322","20","640","925","436","272","192","18","500","448","556","584","130"
"2021","1","A","골목상권","1000611","개봉로17다길","5444","3013","2431","39","1161","1422","1168","1064","590","20","647","952","554","430","410","19","514","470","614","634","180"
"2021","1","A","골목상권","1000612","개봉로1길","1291","852","439","1","188","309","317","260","216","1","87","216","219","170","159","0","101","93","98","90","57"
"2021","1","A","골목상권","1000613","개봉로20길","6983","3822","3161","39","1217","1718","1520","1607","882","20","698","1124","756","688","536","19","519","594","764","919","346"
"2021","1","A","골목상권","1000614","개봉로23가길","7606","3974","3632","10","649","1443","1959","2251","1294","6","369","795","938","1066","800","4","280","648","1021","1185","494"
"2021","1","A","골목상권","1000615","개봉로2길","5631","2907","2724","35","1132","1548","1201","1212","503","17","640","1025","577","408","240","18","492","523","624","804","263"
"2021","1","A","골목상권","1000616","개봉로3길","1322","779","543","1","198","272","305","307","239","1","89","152","174","189","174","0","109","120","131","118","65"
"2021","1","A","골목상권","1000617","경인로15길","1956","1167","789","6","166","351","482","573","378","5","82","195","271","328","286","1","84","156","211","245","92"
"2021","1","A","골목상권","1000618","경인로31길","1321","763","558","3","145","345","328","294","206","2","72","197","167","165","160","1","73","148","161","129","46"
"2021","1","A","골목상권","1000619","경인로35길","3129","1831","1298","12","258","628","829","788","614","10","132","353","463","446","427","2","126","275","366","342","187"
"2021","1","A","골목상권","1000620","경인로47길","3644","2363","1281","2","400","761","863","902","716","2","204","446","507","589","615","0","196","315","356","313","101"
"2021","1","A","골목상권","1000621","고척로21나길","2229","1322","907","6","254","485","526","593","365","1","143","291","294","322","271","5","111","194","232","271","94"
"2021","1","A","골목상권","1000622","고척로27길","1596","885","711","1","163","351","388","405","288","0","84","177","178","219","227","1","79","174","210","186","61"
"2021","1","A","골목상권","1000623","고척로27다길","1272","690","582","2","130","300","292","316","232","0","67","141","129","171","182","2","63","159","163","145","50"
"2021","1","A","골목상권","1000624","고척로52길","5315","3889","1426","9","400","1118","1534","1736","518","8","220","818","1142","1346","355","1","180","300","392","390","163"
"2021","1","A","골목상권","1000625","공원로6가길","6922","4441","2481","32","1107","1791","1942","1338","712","25","618","1156","1274","878","490","7","489","635","668","460","222"
"2021","1","A","골목상권","1000626","구로동로15길","9924","6864","3060","40","1967","3389","2578","1344","606","26","1065","2359","1911","1002","501","14","902","1030","667","342","105"
"2021","1","A","골목상권","1000627","구로동로28길","4421","2563","1858","7","555","1246","1028","1084","501","3","246","655","557","765","337","4","309","591","471","319","164"
"2021","1","A","골목상권","1000628","구로동로38길","4541","2539","2002","7","562","1227","1055","1197","493","3","265","649","588","744","290","4","297","578","467","453","203"
"2021","1","A","골목상권","1000629","구로동로41길","1500","697","803","4","173","249","328","434","312","2","70","131","172","153","169","2","103","118","156","281","143"
"2021","1","A","골목상권","1000630","구로동로42길","4570","2045","2525","17","721","1027","1027","1117","661","6","260","393","430","567","389","11","461","634","597","550","272"
"2021","1","A","골목상권","1000631","구로동로7길","10253","7086","3167","39","1979","3388","2613","1445","789","26","1082","2345","1916","1080","637","13","897","1043","697","365","152"
"2021","1","A","골목상권","1000632","구로동로8길","1826","1008","818","8","227","363","411","392","425","5","109","206","208","203","277","3","118","157","203","189","148"
"2021","1","A","골목상권","1000633","구로중앙로19길","5187","2873","2314","7","627","1401","1218","1332","602","3","283","752","655","825","355","4","344","649","563","507","247"
"2021","1","A","골목상권","1000634","구로중앙로28길","11038","7181","3857","17","1421","2453","2823","2514","1810","11","859","1802","1962","1466","1081","6","562","651","861","1048","729"
"2021","1","A","골목상권","1000635","구로중앙로34길","4585","2949","1636","10","784","1122","1177","922","570","5","474","763","783","561","363","5","310","359","394","361","207"
"2021","1","A","골목상권","1000636","구로중앙로42길","8795","6396","2399","17","795","2277","2343","1997","1366","12","449","1687","1744","1454","1050","5","346","590","599","543","316"
"2021","1","A","골목상권","1000637","구로중앙로7길","2087","1421","666","5","155","309","476","695","447","4","69","168","321","517","342","1","86","141","155","178","105"
"2021","1","A","골목상권","1000638","구로중앙로8길","3151","2084","1067","3","289","590","787","902","580","2","135","345","514","657","431","1","154","245","273","245","149"
"2021","1","A","골목상권","1000639","남부순환로97길","6429","3568","2861","39","1174","1596","1362","1449","809","20","683","1075","689","609","492","19","491","521","673","840","317"
"2021","1","A","골목상권","1000640","도림로12길","4678","3284","1394","31","973","1404","1228","671","371","25","611","1005","911","451","281","6","362","399","317","220","90"
"2021","1","A","골목상권","1000641","도림로6길","6429","3922","2507","27","1035","1625","1619","1139","984","17","516","990","1001","717","681","10","519","635","618","422","303"
"2021","1","A","골목상권","1000642","디지털로27길","25237","17450","7787","110","5318","8414","6118","3275","2002","74","2853","5869","4654","2327","1673","36","2465","2545","1464","948","329"
"2021","1","A","골목상권","1000643","디지털로32가길","30685","18890","11795","91","6090","10431","8067","3738","2268","44","2879","6638","5296","2379","1654","47","3211","3793","2771","1359","614"
"2021","1","A","골목상권","1000644","디지털로32길","31052","18997","12055","82","6292","10839","8243","3635","1961","41","3001","6929","5356","2275","1395","41","3291","3910","2887","1360","566"
"2021","1","A","골목상권","1000645","부일로11길","1720","1024","696","5","168","338","435","483","291","2","80","194","255","302","191","3","88","144","180","181","100"
"2021","1","A","골목상권","1000646","부일로15길","1310","802","508","5","102","218","319","369","297","3","47","111","192","236","213","2","55","107","127","133","84"
"2021","1","A","골목상권","1000647","부일로1길","1888","1465","423","18","192","326","368","542","442","18","141","226","251","420","409","0","51","100","117","122","33"
"2021","1","A","골목상권","1000648","새말로18길","4598","2651","1947","27","706","1196","1260","917","492","22","309","679","715","580","346","5","397","517","545","337","146"
"2021","1","A","골목상권","1000649","신도림로13길","4873","3666","1207","8","483","1532","1346","976","528","7","274","1166","1084","739","396","1","209","366","262","237","132"
"2021","1","A","골목상권","1000650","오류로8길","3811","2518","1293","0","495","828","1007","944","537","0","343","518","637","630","390","0","152","310","370","314","147"
"2021","1","A","골목상권","1000651","우마길","5342","3270","2072","25","833","1287","1361","1038","798","17","423","788","849","644","549","8","410","499","512","394","249"
"2021","1","A","골목상권","1000652","중앙로15길","1933","1250","683","4","260","436","459","525","249","2","164","302","293","302","187","2","96","134","166","223","62"
"2021","1","A","골목상권","1000653","중앙로1길","4765","2842","1923","4","529","1030","1138","1158","906","3","272","559","578","685","745","1","257","471","560","473","161"
"2021","1","A","골목상권","1000654","가산로3길","23895","16021","7874","85","4033","6853","5823","4192","2909","51","2156","4728","4260","2809","2017","34","1877","2125","1563","1383","892"
"2021","1","A","골목상권","1000655","가산로5길","9154","5413","3741","23","1390","2300","2163","1803","1475","18","787","1411","1336","1023","838","5","603","889","827","780","637"
"2021","1","A","골목상권","1000656","금하로14길","1288","607","681","2","125","205","348","360","248","1","49","93","161","171","132","1","76","112","187","189","116"
"2021","1","A","골목상권","1000657","금하로1길","1309","861","448","13","192","244","273","324","263","11","121","165","185","179","200","2","71","79","88","145","63"
"2021","1","A","골목상권","1000658","금하로24길","1694","977","717","6","190","373","401","418","306","6","101","216","209","248","197","0","89","157","192","170","109"
"2021","1","A","골목상권","1000659","남부순환로112길","3662","2186","1476","10","389","688","793","691","1091","6","223","423","513","447","574","4","166","265","280","244","517"
"2021","1","A","골목상권","1000660","독산로108길","5051","3636","1415","3","382","851","963","951","1901","2","222","511","600","604","1697","1","160","340","363","347","204"
"2021","1","A","골목상권","1000661","독산로40길","1493","907","586","13","224","305","427","378","146","10","140","213","255","180","109","3","84","92","172","198","37"
"2021","1","A","골목상권","1000662","독산로50길","969","596","373","9","148","191","288","236","97","6","89","132","169","128","72","3","59","59","119","108","25"
"2021","1","A","골목상권","1000663","독산로64길","1552","838","714","1","188","284","316","426","337","0","104","110","124","234","266","1","84","174","192","192","71"
"2021","1","A","골목상권","1000664","독산로70길","1667","951","716","1","164","263","322","430","487","0","89","139","159","241","323","1","75","124","163","189","164"
"2021","1","A","골목상권","1000665","독산로78다길","1317","707","610","0","120","198","249","349","401","0","74","119","119","165","230","0","46","79","130","184","171"
"2021","1","A","골목상권","1000666","독산로85길","1373","751","622","0","160","246","286","380","301","0","102","161","153","181","154","0","58","85","133","199","147"
"2021","1","A","골목상권","1000667","문성로5길","4518","3205","1313","5","299","651","854","812","1897","4","173","355","505","470","1698","1","126","296","349","342","199"
"2021","1","A","골목상권","1000668","범안로11길","24441","16601","7840","68","2868","5378","5207","4561","6359","51","1714","3778","3789","3075","4194","17","1154","1600","1418","1486","2165"
"2021","1","A","골목상권","1000669","범안로17길","8980","5829","3151","19","545","998","1226","1814","4378","17","335","683","803","1147","2844","2","210","315","423","667","1534"
"2021","1","A","골목상권","1000670","벚꽃로56길","44541","28679","15862","163","9094","13920","10927","6197","4240","105","4666","9107","7715","4003","3083","58","4428","4813","3212","2194","1157"
"2021","1","A","골목상권","1000671","시흥대로120길","2685","1613","1072","5","314","444","570","715","637","2","180","268","334","415","414","3","134","176","236","300","223"
"2021","1","A","골목상권","1000672","시흥대로138길","1885","1086","799","3","234","356","463","464","365","2","140","212","278","251","203","1","94","144","185","213","162"
"2021","1","A","골목상권","1000673","시흥대로141길","2749","1758","991","11","335","507","624","710","562","1","182","304","358","472","441","10","153","203","266","238","121"
"2021","1","A","골목상권","1000674","시흥대로150길","2340","1417","923","11","307","444","603","596","379","2","156","255","331","374","299","9","151","189","272","222","80"
"2021","1","A","골목상권","1000675","시흥대로153길","2904","1507","1397","14","271","410","599","654","956","3","147","225","331","361","440","11","124","185","268","293","516"
"2021","1","A","골목상권","1000676","시흥대로22길","7401","4380","3021","13","527","1004","1703","1940","2214","4","281","663","978","1049","1405","9","246","341","725","891","809"
"2021","1","A","골목상권","1000677","시흥대로36길","6991","3889","3102","12","537","1047","1616","1813","1966","3","263","660","896","911","1156","9","274","387","720","902","810"
"2021","1","A","골목상권","1000678","시흥대로62가길","1944","884","1060","7","319","366","487","501","264","6","131","171","219","198","159","1","188","195","268","303","105"
"2021","1","A","골목상권","1000679","시흥대로63길","4531","2302","2229","14","696","1219","1043","1045","514","9","287","547","499","618","342","5","409","672","544","427","172"
"2021","1","A","골목상권","1000680","시흥대로68길","3004","1558","1446","17","589","756","680","628","334","12","262","413","337","291","243","5","327","343","343","337","91"
"2021","1","A","골목상권","1000681","시흥대로84길","2024","1141","883","7","263","457","509","515","273","7","154","272","276","239","193","0","109","185","233","276","80"
"2021","1","A","골목상권","1000682","시흥대로94길","3087","1766","1321","5","376","577","670","873","586","1","181","319","357","475","433","4","195","258","313","398","153"
"2021","1","A","골목상권","1000683","가마산로61길","1070","583","487","2","103","236","288","262","179","2","38","119","148","149","127","0","65","117","140","113","52"
"2021","1","A","골목상권","1000684","경인로77길","9316","5310","4006","29","1778","2513","2454","1603","939","13","707","1384","1482","980","744","16","1071","1129","972","623","195"
"2021","1","A","골목상권","1000685","경인로80길","7895","4673","3222","27","1441","2116","2130","1375","806","12","590","1213","1330","869","659","15","851","903","800","506","147"
"2021","1","A","골목상권","1000686","경인로90길","8808","5069","3739","42","1724","2588","2335","1430","689","12","663","1422","1475","944","553","30","1061","1166","860","486","136"
"2021","1","A","골목상권","1000687","국회대로56길","7059","4101","2958","19","1498","1616","1611","1355","960","8","503","894","1064","912","720","11","995","722","547","443","240"
"2021","1","A","골목상권","1000688","당산로31길","10118","5475","4643","23","1984","2768","1970","1996","1377","12","921","1575","1172","1036","759","11","1063","1193","798","960","618"
"2021","1","A","골목상권","1000689","당산로37길","15876","8761","7115","47","3483","4772","3765","2292","1517","19","1432","2703","2175","1412","1020","28","2051","2069","1590","880","497"
"2021","1","A","골목상권","1000690","당산로38길","8580","5024","3556","27","1840","2474","1641","1561","1037","16","831","1378","1033","1030","736","11","1009","1096","608","531","301"
"2021","1","A","골목상권","1000691","당산로46길","8780","6183","2597","24","1222","2120","2253","1927","1234","7","607","1407","1660","1519","983","17","615","713","593","408","251"
"2021","1","A","골목상권","1000692","대림로22길","2553","1429","1124","4","346","439","576","665","523","0","120","239","318","379","373","4","226","200","258","286","150"
"2021","1","A","골목상권","1000693","대림로29길","4656","2704","1952","8","477","756","1032","1146","1237","3","202","437","581","669","812","5","275","319","451","477","425"
"2021","1","A","골목상권","1000694","대림로31길","10368","6914","3454","23","1094","2203","2562","2468","2018","10","623","1669","1934","1500","1178","13","471","534","628","968","840"
"2021","1","A","골목상권","1000695","대림로34길","4794","3313","1481","17","573","1130","1337","1040","697","5","302","803","978","691","534","12","271","327","359","349","163"
"2021","1","A","골목상권","1000696","대림로44길","3546","2539","1007","12","462","923","1058","707","384","4","238","679","832","498","288","8","224","244","226","209","96"
"2021","1","A","골목상권","1000697","대림로7길","4645","2570","2075","23","889","1417","1171","731","414","10","390","839","617","439","275","13","499","578","554","292","139"
"2021","1","A","골목상권","1000698","대림로8길","4605","2251","2354","2","1248","1295","964","692","404","2","397","692","541","364","255","0","851","603","423","328","149"
"2021","1","A","골목상권","1000699","도림로112길","2150","1459","691","15","234","495","588","503","315","12","114","332","403","351","247","3","120","163","185","152","68"
"2021","1","A","골목상권","1000700","도림로147길","7404","4074","3330","18","1114","1583","1783","1996","910","8","551","993","1053","914","555","10","563","590","730","1082","355"
"2021","1","A","골목상권","1000701","도림로63길","1116","737","379","1","109","196","295","301","214","1","67","121","196","185","167","0","42","75","99","116","47"
"2021","1","A","골목상권","1000702","도림천로21길","16544","9657","6887","62","3622","5751","4140","1811","1158","25","1584","3459","2646","1167","776","37","2038","2292","1494","644","382"
"2021","1","A","골목상권","1000703","도신로15길","2731","1586","1145","13","351","604","689","593","481","9","113","303","382","417","362","4","238","301","307","176","119"
"2021","1","A","골목상권","1000704","도신로29길","1719","1132","587","6","200","400","496","391","226","4","96","271","345","264","152","2","104","129","151","127","74"
"2021","1","A","골목상권","1000705","도신로60길","1226","653","573","0","195","316","261","240","214","0","101","172","136","130","114","0","94","144","125","110","100"
"2021","1","A","골목상권","1000706","도신로62길","2200","1144","1056","1","286","498","432","527","456","0","136","293","252","234","229","1","150","205","180","293","227"
"2021","1","A","골목상권","1000707","디지털로37길","4034","2188","1846","14","496","685","822","869","1148","4","168","334","424","498","760","10","328","351","398","371","388"
"2021","1","A","골목상권","1000708","디지털로57길","3660","2126","1534","6","365","498","748","904","1139","2","138","274","418","537","757","4","227","224","330","367","382"
"2021","1","A","골목상권","1000709","디지털로74길","3431","1633","1798","8","825","802","852","647","297","5","236","391","415","370","216","3","589","411","437","277","81"
"2021","1","A","골목상권","1000710","선유로55길","11192","6156","5036","34","2214","3241","3133","1594","976","12","909","1925","1762","863","685","22","1305","1316","1371","731","291"
"2021","1","A","골목상권","1000711","선유서로24길","21565","11414","10151","134","5245","5295","4660","4210","2021","41","2258","3680","2454","1433","1548","93","2987","1615","2206","2777","473"
"2021","1","A","골목상권","1000712","선유서로25길","5139","3803","1336","16","639","1291","1234","1015","944","8","380","982","931","738","764","8","259","309","303","277","180"
"2021","1","A","골목상권","1000713","선유서로28길","8052","4859","3193","42","1648","1899","1904","1475","1084","16","782","1211","1134","885","831","26","866","688","770","590","253"
"2021","1","A","골목상권","1000714","신길로17길","2074","1208","866","10","201","480","645","489","249","6","111","294","326","293","178","4","90","186","319","196","71"
"2021","1","A","골목상권","1000715","신길로39길","1624","885","739","3","153","276","372","412","408","3","56","129","191","217","289","0","97","147","181","195","119"
"2021","1","A","골목상권","1000716","신길로42가길","2613","1392","1221","2","300","531","552","602","626","0","115","242","257","330","448","2","185","289","295","272","178"
"2021","1","A","골목상권","1000717","신길로42길","2009","1150","859","1","285","382","450","463","428","0","134","216","245","248","307","1","151","166","205","215","121"
"2021","1","A","골목상권","1000718","신길로60길","2096","1143","953","6","233","502","492","463","400","3","101","231","241","257","310","3","132","271","251","206","90"
"2021","1","A","골목상권","1000719","양평로19길","12312","6912","5400","37","2423","3545","3426","1789","1092","14","1069","2162","1915","964","788","23","1354","1383","1511","825","304"
"2021","1","A","골목상권","1000720","양평로22라길","3947","2397","1550","9","528","912","1053","971","474","7","246","533","641","592","378","2","282","379","412","379","96"
"2021","1","A","골목상권","1000721","양평로28길","4121","2648","1473","9","479","886","1062","1067","618","5","262","568","640","676","497","4","217","318","422","391","121"
"2021","1","A","골목상권","1000722","여의대방로35길","3514","2250","1264","10","543","813","758","681","709","6","255","551","506","431","501","4","288","262","252","250","208"
"2021","1","A","골목상권","1000723","여의대방로39길","4878","3529","1349","7","977","1162","986","1391","355","4","580","851","736","1108","250","3","397","311","250","283","105"
"2021","1","A","골목상권","1000724","여의대방로43나길","5885","4255","1630","6","967","1226","1133","1796","757","3","627","927","831","1350","517","3","340","299","302","446","240"
"2021","1","A","골목상권","1000725","여의대방로61길","2949","1404","1545","7","608","751","745","478","360","1","203","349","366","243","242","6","405","402","379","235","118"
"2021","1","A","골목상권","1000726","영등포로25길","4637","2851","1786","11","528","977","1227","968","926","8","233","526","752","628","704","3","295","451","475","340","222"
"2021","1","A","골목상권","1000727","영등포로27길","5132","3063","2069","16","646","1200","1379","1042","849","7","257","654","882","657","606","9","389","546","497","385","243"
"2021","1","A","골목상권","1000728","영등포로35길","3743","2275","1468","13","481","839","982","801","627","3","199","498","671","501","403","10","282","341","311","300","224"
"2021","1","A","골목상권","1000729","영등포로62길","1535","807","728","0","180","291","398","358","308","0","90","154","209","172","182","0","90","137","189","186","126"
"2021","1","A","골목상권","1000730","영등포로80길","3868","1857","2011","5","675","857","902","843","586","0","227","446","467","376","341","5","448","411","435","467","245"
"2021","1","A","골목상권","1000731","영등포로84길","3623","1678","1945","5","644","828","853","768","525","0","208","415","432","325","298","5","436","413","421","443","227"
"2021","1","A","골목상권","1000732","영신로9길","4324","2392","1932","35","628","983","987","1093","598","16","266","472","564","669","405","19","362","511","423","424","193"
"2021","1","A","골목상권","1000733","국사봉1길","1584","785","799","1","131","293","392","425","342","1","56","160","203","193","172","0","75","133","189","232","170"
"2021","1","A","골목상권","1000734","국사봉2길","16980","10887","6093","45","3354","3282","2656","4132","3511","24","2691","2728","1718","1933","1793","21","663","554","938","2199","1718"
"2021","1","A","골목상권","1000735","국사봉길","1329","794","535","0","156","279","375","333","186","0","89","167","226","187","125","0","67","112","149","146","61"
"2021","1","A","골목상권","1000736","노량진로6길","6430","3598","2832","12","829","2037","1763","1276","513","3","377","1057","1021","823","317","9","452","980","742","453","196"
"2021","1","A","골목상권","1000737","대방동27길","6476","4371","2105","8","1104","1427","1274","1795","868","4","608","983","873","1329","574","4","496","444","401","466","294"
"2021","1","A","골목상권","1000738","대방동2길","17384","11015","6369","45","3429","3433","2729","4199","3549","24","2705","2797","1735","1952","1802","21","724","636","994","2247","1747"
"2021","1","A","골목상권","1000739","동작대로17길","5364","2626","2738","17","970","1213","1289","1038","837","7","293","560","624","565","577","10","677","653","665","473","260"
"2021","1","A","골목상권","1000740","동작대로29길","994","517","477","11","141","240","257","220","125","4","62","144","150","95","62","7","79","96","107","125","63"
"2021","1","A","골목상권","1000741","동작대로33길","11847","5006","6841","21","2065","3104","3615","2141","901","7","655","1273","1648","1003","420","14","1410","1831","1967","1138","481"
"2021","1","A","골목상권","1000742","동작대로35길","10962","4797","6165","17","1959","2951","3541","1891","603","7","626","1219","1646","977","322","10","1333","1732","1895","914","281"
"2021","1","A","골목상권","1000743","동작대로7길","6637","3536","3101","14","1181","1731","1791","1201","719","5","378","879","981","748","545","9","803","852","810","453","174"
"2021","1","A","골목상권","1000744","등용로14길","7845","4648","3197","23","1135","2520","2134","1471","562","5","551","1437","1312","971","372","18","584","1083","822","500","190"
"2021","1","A","골목상권","1000745","만양로14길","2229","1309","920","5","276","620","582","441","305","3","124","366","376","257","183","2","152","254","206","184","122"
"2021","1","A","골목상권","1000746","만양로8길","3874","2130","1744","16","458","910","1022","916","552","12","220","525","600","457","316","4","238","385","422","459","236"
"2021","1","A","골목상권","1000747","사당로16가길","2654","1356","1298","4","250","442","656","587","715","1","100","198","276","290","491","3","150","244","380","297","224"
"2021","1","A","골목상권","1000748","사당로16길","2477","1382","1095","5","230","400","562","527","753","4","89","206","258","287","538","1","141","194","304","240","215"
"2021","1","A","골목상권","1000749","사당로20길","2063","1118","945","2","202","327","503","461","568","1","68","173","235","242","399","1","134","154","268","219","169"
"2021","1","A","골목상권","1000750","사당로23길","2564","1477","1087","2","375","669","724","589","205","0","155","372","462","340","148","2","220","297","262","249","57"
"2021","1","A","골목상권","1000751","사당로23나길","812","325","487","6","86","151","226","231","112","2","31","64","86","83","59","4","55","87","140","148","53"
"2021","1","A","골목상권","1000752","사당로26길","2913","1431","1482","9","462","693","827","564","358","3","125","313","394","328","268","6","337","380","433","236","90"
"2021","1","A","골목상권","1000753","사당로29길","2228","971","1257","8","346","546","597","423","308","2","115","239","240","179","196","6","231","307","357","244","112"
"2021","1","A","골목상권","1000754","사당로2차길","1302","661","641","1","117","247","369","351","217","0","51","97","163","189","161","1","66","150","206","162","56"
"2021","1","A","골목상권","1000755","사당로30길","4369","2277","2092","10","835","1153","1133","825","413","3","260","553","638","536","287","7","575","600","495","289","126"
"2021","1","A","골목상권","1000756","사당로8길","3051","1713","1338","5","420","652","846","673","455","2","233","371","412","358","337","3","187","281","434","315","118"
"2021","1","A","골목상권","1000757","상도로15길","1942","868","1074","3","243","407","492","433","364","1","97","191","200","190","189","2","146","216","292","243","175"
"2021","1","A","골목상권","1000758","상도로37길","3599","2069","1530","10","672","958","800","740","419","2","280","566","495","470","256","8","392","392","305","270","163"
"2021","1","A","골목상권","1000759","상도로47길","4010","2271","1739","9","727","1086","924","812","452","2","295","617","564","515","278","7","432","469","360","297","174"
"2021","1","A","골목상권","1000760","상도로61길","3697","2231","1466","2","394","1053","1227","711","310","1","181","582","728","474","265","1","213","471","499","237","45"
"2021","1","A","골목상권","1000761","상도로62길","1933","1117","816","1","153","362","550","527","340","0","61","169","314","311","262","1","92","193","236","216","78"
"2021","1","A","골목상권","1000762","서달로10길","654","357","297","0","96","152","157","148","101","0","55","95","81","69","57","0","41","57","76","79","44"
"2021","1","A","골목상권","1000763","서달로14길","539","257","282","1","64","98","142","136","98","0","19","40","63","71","64","1","45","58","79","65","34"
"2021","1","A","골목상권","1000764","서달로15길","594","279","315","1","66","104","168","155","100","0","16","40","81","78","64","1","50","64","87","77","36"
"2021","1","A","골목상권","1000765","서달로8가길","403","153","250","1","52","56","103","110","81","0","11","18","38","40","46","1","41","38","65","70","35"
"2021","1","A","골목상권","1000766","성대로1길","1289","555","734","2","117","238","324","321","287","1","40","113","135","128","138","1","77","125","189","193","149"
"2021","1","A","골목상권","1000767","성대로29길","1658","762","896","2","224","316","366","429","321","1","97","153","150","202","159","1","127","163","216","227","162"
"2021","1","A","골목상권","1000768","신대방길","5744","3165","2579","19","1364","1446","1297","971","647","13","504","867","791","542","448","6","860","579","506","429","199"
"2021","1","A","골목상권","1000769","양녕로26길","1882","1191","691","3","208","407","440","527","297","2","106","241","296","399","147","1","102","166","144","128","150"
"2021","1","A","골목상권","1000770","여의대방로22길","18481","11777","6704","51","3563","3569","2965","4450","3883","27","2804","2909","1894","2125","2018","24","759","660","1071","2325","1865"
"2021","1","A","골목상권","1000771","여의대방로22나길","18445","11776","6669","50","3585","3615","2945","4402","3848","26","2813","2950","1896","2090","2001","24","772","665","1049","2312","1847"
"2021","1","A","골목상권","1000772","여의대방로22카길","18726","11820","6906","49","3543","3601","3077","4537","3919","25","2778","2902","1948","2136","2031","24","765","699","1129","2401","1888"
"2021","1","A","골목상권","1000773","여의대방로24길","20339","12832","7507","53","3857","4058","3357","4807","4207","28","2884","3206","2158","2339","2217","25","973","852","1199","2468","1990"
"2021","1","A","골목상권","1000774","여의대방로46길","6848","3977","2871","21","1161","2066","1822","1195","583","6","496","1267","1140","684","384","15","665","799","682","511","199"
"2021","1","A","골목상권","1000775","장승배기로10길","2989","1629","1360","14","453","643","709","723","447","8","284","369","374","340","254","6","169","274","335","383","193"
"2021","1","A","골목상권","1000776","장승배기로19길","2239","1229","1010","2","386","493","520","518","320","1","253","268","252","270","185","1","133","225","268","248","135"
"2021","1","A","골목상권","1000777","장승배기로27길","6829","3923","2906","19","976","2199","1812","1277","546","5","448","1164","1098","869","339","14","528","1035","714","408","207"
"2021","1","A","골목상권","1000778","흑석로13길","910","490","420","1","116","197","247","209","140","0","50","108","131","112","89","1","66","89","116","97","51"
"2021","1","A","골목상권","1000779","흑석로9길","670","368","302","1","107","148","180","141","93","0","48","87","98","71","64","1","59","61","82","70","29"
"2021","1","A","골목상권","1000780","관악로10길","6564","4205","2359","15","997","2014","1505","1488","545","10","541","1285","942","1026","401","5","456","729","563","462","144"
"2021","1","A","골목상권","1000781","관악로14길","6902","3781","3121","24","1181","2103","1553","1366","675","13","463","1100","860","849","496","11","718","1003","693","517","179"
"2021","1","A","골목상권","1000782","관악로28길","2354","1060","1294","7","280","460","567","648","392","4","95","189","275","291","206","3","185","271","292","357","186"
"2021","1","A","골목상권","1000783","관악로30길","3154","1519","1635","8","425","656","786","797","482","5","168","308","407","372","259","3","257","348","379","425","223"
"2021","1","A","골목상권","1000784","관천로15길","3272","2397","875","2","508","897","1026","641","198","2","245","663","829","518","140","0","263","234","197","123","58"
"2021","1","A","골목상권","1000785","관천로22길","3943","2336","1607","8","544","963","1075","789","564","6","260","543","618","485","424","2","284","420","457","304","140"
"2021","1","A","골목상권","1000786","구암길","1433","682","751","1","240","383","445","255","109","1","74","172","224","138","73","0","166","211","221","117","36"
"2021","1","A","골목상권","1000787","국회단지길","2886","1216","1670","14","430","565","664","833","380","2","117","248","322","288","239","12","313","317","342","545","141"
"2021","1","A","골목상권","1000788","낙성대역길","5705","3605","2100","21","1084","1588","1265","940","807","11","500","1026","806","616","646","10","584","562","459","324","161"
"2021","1","A","골목상권","1000789","난곡로24길","1189","652","537","0","120","238","301","353","177","0","53","114","146","202","137","0","67","124","155","151","40"
"2021","1","A","골목상권","1000790","난곡로26길","1137","601","536","0","134","223","287","316","177","0","52","108","139","170","132","0","82","115","148","146","45"
"2021","1","A","골목상권","1000791","난곡로34길","818","394","424","9","105","170","199","250","85","7","41","88","92","115","51","2","64","82","107","135","34"
"2021","1","A","골목상권","1000792","난곡로74길","3239","2365","874","1","506","930","1014","595","193","1","239","690","834","464","137","0","267","240","180","131","56"
"2021","1","A","골목상권","1000793","난우길","1334","638","696","21","163","273","289","354","234","16","67","117","125","168","145","5","96","156","164","186","89"
"2021","1","A","골목상권","1000794","난향길","1320","654","666","1","150","285","366","288","230","0","41","130","153","147","183","1","109","155","213","141","47"
"2021","1","A","골목상권","1000795","남부순환로142길","5112","3566","1546","18","457","846","934","918","1939","13","227","487","579","550","1710","5","230","359","355","368","229"
"2021","1","A","골목상권","1000796","남부순환로151길","4734","3287","1447","6","738","1345","1363","927","355","4","350","948","1065","664","256","2","388","397","298","263","99"
"2021","1","A","골목상권","1000797","남부순환로161길","4573","3124","1449","2","711","1290","1260","880","430","2","331","893","969","644","285","0","380","397","291","236","145"
"2021","1","A","골목상권","1000798","남부순환로172길","1997","1171","826","1","280","526","428","417","345","1","124","298","254","264","230","0","156","228","174","153","115"
"2021","1","A","골목상권","1000799","남부순환로234길","4031","2679","1352","9","636","1259","802","714","611","6","309","864","515","479","506","3","327","395","287","235","105"
"2021","1","A","골목상권","1000800","남부순환로248길","1853","971","882","9","291","518","486","332","217","7","104","267","245","173","175","2","187","251","241","159","42"
"2021","1","A","골목상권","1000801","남현2길","3073","1912","1161","0","427","708","848","596","494","0","186","432","557","363","374","0","241","276","291","233","120"
"2021","1","A","골목상권","1000802","남현3길","5523","3108","2415","8","1036","1416","1438","974","651","4","446","769","810","589","490","4","590","647","628","385","161"
"2021","1","A","골목상권","1000803","남현길","2714","1713","1001","0","391","639","718","504","462","0","171","393","485","315","349","0","220","246","233","189","113"
"2021","1","A","골목상권","1000804","당곡길","3119","1744","1375","9","481","627","732","635","635","5","228","340","406","324","441","4","253","287","326","311","194"
"2021","1","A","골목상권","1000805","대학14길","1204","702","502","5","155","307","328","255","154","2","54","164","216","154","112","3","101","143","112","101","42"
"2021","1","A","골목상권","1000806","대학길","2550","2069","481","3","369","588","728","612","250","1","250","467","625","522","204","2","119","121","103","90","46"
"2021","1","A","골목상권","1000807","미성5길","1372","661","711","16","179","256","305","348","268","13","76","132","150","137","153","3","103","124","155","211","115"
"2021","1","A","골목상권","1000808","법원단지9길","902","487","415","10","108","180","219","248","137","7","39","95","115","142","89","3","69","85","104","106","48"
"2021","1","A","골목상권","1000809","법원단지길","767","374","393","10","102","156","168","202","129","7","39","77","79","92","80","3","63","79","89","110","49"
"2021","1","A","골목상권","1000810","복은길","1880","1060","820","8","275","361","475","394","367","2","138","188","251","236","245","6","137","173","224","158","122"
"2021","1","A","골목상권","1000811","봉천로13길","2022","1107","915","4","267","425","445","460","421","1","114","220","243","242","287","3","153","205","202","218","134"
"2021","1","A","골목상권","1000812","봉천로33길","4896","2257","2639","12","705","949","1077","1311","842","1","214","419","507","611","505","11","491","530","570","700","337"
"2021","1","A","골목상권","1000813","서림7길","1807","1219","588","3","188","296","492","545","283","1","94","164","333","401","226","2","94","132","159","144","57"
"2021","1","A","골목상권","1000814","승방길","3114","2065","1049","7","575","763","809","576","384","5","304","522","561","400","273","2","271","241","248","176","111"
"2021","1","A","골목상권","1000815","신림동길","2508","1472","1036","4","257","387","584","563","713","2","115","202","314","325","514","2","142","185","270","238","199"
"2021","1","A","골목상권","1000816","신림로11길","2928","2185","743","3","448","733","802","692","250","1","273","511","640","557","203","2","175","222","162","135","47"
"2021","1","A","골목상권","1000817","신림로28길","3185","2328","857","10","485","649","876","744","421","2","323","487","658","570","288","8","162","162","218","174","133"
"2021","1","A","골목상권","1000818","신림로38길","1620","931","689","7","227","303","399","353","331","1","117","162","222","209","220","6","110","141","177","144","111"
"2021","1","A","골목상권","1000819","신림로48길","1224","556","668","6","173","227","241","296","281","1","75","122","119","108","131","5","98","105","122","188","150"
"2021","1","A","골목상권","1000820","신림로64길","2304","913","1391","6","538","542","475","455","288","2","132","202","231","166","180","4","406","340","244","289","108"
"2021","1","A","골목상권","1000821","신림로65길","2412","1329","1083","6","213","327","521","544","801","2","78","164","278","282","525","4","135","163","243","262","276"
"2021","1","A","골목상권","1000822","신사로20길","2857","2160","697","1","454","818","905","519","160","1","216","615","773","439","116","0","238","203","132","80","44"
"2021","1","A","골목상권","1000823","신원로3길","1829","969","860","5","172","307","365","418","562","0","82","163","207","212","305","5","90","144","158","206","257"
"2021","1","A","골목상권","1000824","양녕로6길","2361","1110","1251","7","291","416","526","587","534","4","107","202","242","297","258","3","184","214","284","290","276"
"2021","1","A","골목상권","1000825","은천로25길","1614","689","925","1","259","404","464","313","173","0","76","186","206","138","83","1","183","218","258","175","90"
"2021","1","A","골목상권","1000826","인헌길","1704","889","815","7","274","443","484","355","141","4","127","246","248","161","103","3","147","197","236","194","38"
"2021","1","A","골목상권","1000827","장군봉1길","2517","1160","1357","2","375","556","567","551","466","1","126","266","274","269","224","1","249","290","293","282","242"
"2021","1","A","골목상권","1000828","장군봉2길","2452","1262","1190","4","370","521","484","571","502","2","128","264","257","288","323","2","242","257","227","283","179"
"2021","1","A","골목상권","1000829","조원로10길","16779","9737","7042","39","3618","5716","4238","1962","1206","17","1555","3402","2671","1244","848","22","2063","2314","1567","718","358"
"2021","1","A","골목상권","1000830","조원로18길","6128","4664","1464","4","721","1400","1460","1014","1529","2","343","995","1136","762","1426","2","378","405","324","252","103"
"2021","1","A","골목상권","1000831","조원중앙로2길","6070","4212","1858","10","723","1022","1192","1113","2010","5","360","655","733","691","1768","5","363","367","459","422","242"
"2021","1","A","골목상권","1000832","중앙길","2697","1260","1437","8","412","587","710","591","389","4","126","274","344","310","202","4","286","313","366","281","187"
"2021","1","A","골목상권","1000833","청룡8길","2383","1069","1314","2","343","507","533","536","462","1","108","243","246","247","224","1","235","264","287","289","238"
"2021","1","A","골목상권","1000834","청룡길","3032","1441","1591","7","506","751","716","533","519","3","132","305","363","308","330","4","374","446","353","225","189"
"2021","1","A","골목상권","1000835","청림3길","3726","2032","1694","5","570","1164","1162","590","235","4","250","635","647","337","159","1","320","529","515","253","76"
"2021","1","A","골목상권","1000836","행운1길","2989","1601","1388","16","488","629","710","702","444","10","208","318","380","387","298","6","280","311","330","315","146"
"2021","1","A","골목상권","1000837","행운길","6560","3975","2585","22","1181","1767","1468","1253","869","12","575","1123","909","722","634","10","606","644","559","531","235"
"2021","1","A","골목상권","1000838","호암로20길","2148","1594","554","8","357","601","628","393","161","1","240","436","498","294","125","7","117","165","130","99","36"
"2021","1","A","골목상권","1000839","호암로24길","2828","2180","648","5","419","643","839","667","255","2","283","486","669","544","196","3","136","157","170","123","59"
"2021","1","A","골목상권","1000840","양산길","658","370","288","1","97","127","198","167","68","0","47","70","118","92","43","1","50","57","80","75","25"
"2021","1","A","골목상권","1000842","원신길","810","406","404","8","99","206","220","189","88","2","29","89","125","91","70","6","70","117","95","98","18"
"2021","1","A","골목상권","1000843","소담길","1287","662","625","0","188","300","337","255","207","0","66","145","154","137","160","0","122","155","183","118","47"
"2021","1","A","골목상권","1000844","강남대로23길","17856","11217","6639","338","5243","5177","3755","2270","1073","156","2717","3479","2668","1415","782","182","2526","1698","1087","855","291"
"2021","1","A","골목상권","1000845","강남대로34길","19439","13196","6243","115","3510","5603","4524","3149","2538","57","1887","3958","3327","2118","1849","58","1623","1645","1197","1031","689"
"2021","1","A","골목상권","1000846","강남대로8길","28099","21600","6499","54","3219","6302","8273","8682","1569","26","1934","4597","6382","7416","1245","28","1285","1705","1891","1266","324"
"2021","1","A","골목상권","1000847","고무래로8길","13873","8968","4905","51","1917","3635","3853","2761","1656","16","938","2304","2759","1866","1085","35","979","1331","1094","895","571"
"2021","1","A","골목상권","1000848","남부순환로317길","21593","13962","7631","26","3057","7074","5526","3765","2145","12","1416","4293","4011","2678","1552","14","1641","2781","1515","1087","593"
"2021","1","A","골목상권","1000849","남부순환로325길","21342","12721","8621","33","3446","6484","4846","4022","2511","12","1580","3541","3071","2698","1819","21","1866","2943","1775","1324","692"
"2021","1","A","골목상권","1000850","남부순환로339길","10187","6065","4122","25","2320","3177","2368","1586","711","7","912","1974","1634","1031","507","18","1408","1203","734","555","204"
"2021","1","A","골목상권","1000851","논현로1길","10640","6745","3895","39","2086","3148","2518","1816","1033","23","1269","2062","1534","1102","755","16","817","1086","984","714","278"
"2021","1","A","골목상권","1000852","논현로27길","43316","22358","20958","444","9311","10840","12210","7550","2961","214","4629","6597","5384","3167","2367","230","4682","4243","6826","4383","594"
"2021","1","A","골목상권","1000853","동광로12길","16378","7732","8646","41","2860","3929","4673","3062","1813","19","968","1743","2280","1575","1147","22","1892","2186","2393","1487","666"
"2021","1","A","골목상권","1000854","동광로1길","18425","8873","9552","82","3241","4438","4954","3232","2478","67","997","1910","2270","1745","1884","15","2244","2528","2684","1487","594"
"2021","1","A","골목상권","1000855","동광로39길","83553","76161","7392","42","8224","17347","22130","32757","3053","22","6604","15010","20184","31684","2657","20","1620","2337","1946","1073","396"
"2021","1","A","골목상권","1000856","동산로10길","9541","6026","3515","37","1657","2897","2324","1683","943","16","878","1823","1482","1116","711","21","779","1074","842","567","232"
"2021","1","A","골목상권","1000857","동산로19길","14591","9621","4970","35","2268","4095","3799","2565","1829","17","1228","2718","2639","1669","1350","18","1040","1377","1160","896","479"
"2021","1","A","골목상권","1000858","방배천로4안길","6670","3345","3325","11","1175","1741","1631","1195","917","3","392","798","816","709","627","8","783","943","815","486","290"
"2021","1","A","골목상권","1000859","마방로2길","11756","8032","3724","54","1886","3149","2959","2368","1340","30","1016","2143","2116","1678","1049","24","870","1006","843","690","291"
"2021","1","A","골목상권","1000860","바우뫼로39길","39654","19271","20383","492","8808","9187","11046","6992","3129","236","4317","5422","4328","2604","2364","256","4491","3765","6718","4388","765"
"2021","1","A","골목상권","1000861","반포대로9길","15176","11618","3558","15","1629","4660","4470","2975","1427","6","940","3607","3698","2393","974","9","689","1053","772","582","453"
"2021","1","A","골목상권","1000862","방배로18길","16840","11174","5666","81","3310","5220","4087","3098","1044","62","1567","3114","3035","2604","792","19","1743","2106","1052","494","252"
"2021","1","A","골목상권","1000863","방배로35길","14040","8753","5287","45","2919","3994","3226","2662","1194","10","1039","2388","2311","2037","968","35","1880","1606","915","625","226"
"2021","1","A","골목상권","1000864","방배로42길","19353","11886","7467","56","4076","5642","5020","3373","1186","21","1447","3361","3570","2531","956","35","2629","2281","1450","842","230"
"2021","1","A","골목상권","1000865","사임당로17길","18885","10560","8325","54","3095","5532","5094","3752","1358","32","1353","3183","2952","2067","973","22","1742","2349","2142","1685","385"
"2021","1","A","골목상권","1000866","사평대로22길","83130","76093","7037","35","8034","17085","21932","32915","3129","16","6503","14918","20092","31859","2705","19","1531","2167","1840","1056","424"
"2021","1","A","골목상권","1000867","사평대로26길","8763","6278","2485","31","1301","2349","2263","1786","1033","13","701","1708","1772","1341","743","18","600","641","491","445","290"
"2021","1","A","골목상권","1000868","사평대로57길","9692","5277","4415","23","2181","2959","2377","1412","740","3","729","1591","1581","861","512","20","1452","1368","796","551","228"
"2021","1","A","골목상권","1000869","서초대로15길","9192","5518","3674","30","1668","2228","2112","1684","1470","19","709","1313","1305","1049","1123","11","959","915","807","635","347"
"2021","1","A","골목상권","1000870","서초대로23길","14565","9691","4874","43","2337","3705","3867","3085","1528","22","1049","2314","2748","2370","1188","21","1288","1391","1119","715","340"
"2021","1","A","골목상권","1000871","서초대로25길","24314","16435","7879","106","4990","7269","5855","4164","1930","58","2305","4767","4433","3344","1528","48","2685","2502","1422","820","402"
"2021","1","A","골목상권","1000872","서초대로4길","10140","4542","5598","28","1886","2617","2462","1862","1285","11","653","1116","1089","905","768","17","1233","1501","1373","957","517"
"2021","1","A","골목상권","1000873","서초대로64길","37600","20771","16829","57","7011","9434","8670","10586","1842","29","2689","5015","4514","7163","1361","28","4322","4419","4156","3423","481"
"2021","1","A","골목상권","1000874","서초대로8길","8398","4185","4213","32","1337","2073","2131","1627","1198","17","529","1029","1017","810","783","15","808","1044","1114","817","415"
"2021","1","A","골목상권","1000875","신반포로45길","9300","5414","3886","32","1924","2692","2293","1366","993","15","732","1544","1578","865","680","17","1192","1148","715","501","313"
"2021","1","A","골목상권","1000876","언남길","15684","10674","5010","57","2338","4446","4140","2875","1828","31","1297","3069","2963","1936","1378","26","1041","1377","1177","939","450"
"2021","1","A","골목상권","1000877","주흥15길","8390","4402","3988","23","1897","2583","1908","1198","781","7","571","1379","1238","681","526","16","1326","1204","670","517","255"
"2021","1","A","골목상권","1000878","주흥길","4434","2544","1890","5","758","1268","1079","818","506","1","301","746","698","452","346","4","457","522","381","366","160"
"2021","1","A","골목상권","1000879","청두곶길","13318","6766","6552","23","2174","3922","3771","2298","1130","8","761","1970","1855","1410","762","15","1413","1952","1916","888","368"
"2021","1","A","골목상권","1000880","효령로23길","12360","8243","4117","70","2534","3561","2833","1887","1475","51","1396","2445","2027","1219","1105","19","1138","1116","806","668","370"
"2021","1","A","골목상권","1000881","효령로31길","10396","6972","3424","67","2283","3142","2320","1505","1079","54","1293","2175","1655","999","796","13","990","967","665","506","283"
"2021","1","A","골목상권","1000882","효령로34길","9543","6126","3417","101","1530","2821","2430","1576","1085","32","778","1644","1705","1140","827","69","752","1177","725","436","258"
"2021","1","A","골목상권","1000883","효령로72길","24614","18420","6194","62","4386","8514","5977","4128","1547","23","2507","6534","4808","3459","1089","39","1879","1980","1169","669","458"
"2021","1","A","골목상권","1000884","방배중앙로21길","16510","8458","8052","20","2629","4012","4628","2955","2266","7","832","1718","2309","1757","1835","13","1797","2294","2319","1198","431"
"2021","1","A","골목상권","1000885","서초중앙로8길","38050","20954","17096","82","8143","9265","8034","10092","2434","24","2727","4762","4524","7107","1810","58","5416","4503","3510","2985","624"
"2021","1","A","골목상권","1000886","강남대로118길","10604","6747","3857","61","2633","3254","2316","1419","921","42","1455","2142","1577","896","635","19","1178","1112","739","523","286"
"2021","1","A","골목상권","1000887","강남대로136길","21883","13083","8800","48","4879","7114","5169","3066","1607","20","2064","4299","3523","2024","1153","28","2815","2815","1646","1042","454"
"2021","1","A","골목상권","1000888","강남대로140길","20953","11799","9154","51","4593","6512","4708","3179","1910","15","1631","3672","3101","1954","1426","36","2962","2840","1607","1225","484"
"2021","1","A","골목상권","1000889","개포로17길","28812","12804","16008","106","4586","6834","9279","5716","2291","55","2221","3947","3251","1802","1528","51","2365","2887","6028","3914","763"
"2021","1","A","골목상권","1000890","개포로20길","12336","8232","4104","27","1910","3544","3270","2170","1415","11","988","2384","2354","1414","1081","16","922","1160","916","756","334"
"2021","1","A","골목상권","1000891","개포로28길","3568","2437","1131","10","596","991","913","613","445","3","294","656","675","423","386","7","302","335","238","190","59"
"2021","1","A","골목상권","1000892","개포로82길","5032","3679","1353","5","764","1532","1246","879","606","3","466","1136","933","639","502","2","298","396","313","240","104"
"2021","1","A","골목상권","1000893","남부순환로365길","15923","10455","5468","81","2779","4396","4126","2593","1948","41","1329","3013","2997","1743","1332","40","1450","1383","1129","850","616"
"2021","1","A","골목상권","1000894","논현로106길","13899","7758","6141","37","3054","4439","3228","1839","1302","14","1093","2548","2142","1076","885","23","1961","1891","1086","763","417"
"2021","1","A","골목상권","1000895","논현로10길","5297","3312","1985","11","748","1190","1301","1096","951","3","375","745","791","659","739","8","373","445","510","437","212"
"2021","1","A","골목상권","1000896","논현로115길","23492","15502","7990","91","5412","7277","5283","3492","1937","49","2759","4778","3934","2581","1401","42","2653","2499","1349","911","536"
"2021","1","A","골목상권","1000897","논현로123길","9592","5842","3750","41","2250","2774","2004","1467","1056","23","1098","1751","1356","890","724","18","1152","1023","648","577","332"
"2021","1","A","골목상권","1000898","논현로139길","24381","14262","10119","100","6330","7345","5355","3137","2114","31","2532","4251","3691","2146","1611","69","3798","3094","1664","991","503"
"2021","1","A","골목상권","1000899","논현로159길","7341","3388","3953","26","1678","2112","1628","1135","762","7","485","983","801","583","529","19","1193","1129","827","552","233"
"2021","1","A","골목상권","1000900","논현로26길","40746","21197","19549","210","7278","10726","12390","7170","2972","112","3624","6781","5771","2888","2021","98","3654","3945","6619","4282","951"
"2021","1","A","골목상권","1000901","논현로28길","44952","23368","21584","229","8367","10518","13581","9175","3082","127","4058","6280","6374","4528","2001","102","4309","4238","7207","4647","1081"
"2021","1","A","골목상권","1000902","논현로63길","36667","24758","11909","142","7242","9908","9605","7399","2371","42","2992","6291","7467","6076","1890","100","4250","3617","2138","1323","481"
"2021","1","A","골목상권","1000903","논현로8길","3256","2100","1156","4","503","741","725","654","629","1","248","485","459","431","476","3","255","256","266","223","153"
"2021","1","A","골목상권","1000904","도곡로37길","35701","21132","14569","242","9630","10400","8608","4853","1968","84","4137","6467","5875","3069","1500","158","5493","3933","2733","1784","468"
"2021","1","A","골목상권","1000905","도산대로15길","11660","6658","5002","50","3189","3444","2432","1438","1107","14","1246","1951","1646","980","821","36","1943","1493","786","458","286"
"2021","1","A","골목상권","1000906","도산대로23길","14193","7539","6654","72","3880","4164","3152","1888","1037","21","1401","2263","1986","1139","729","51","2479","1901","1166","749","308"
"2021","1","A","골목상권","1000907","도산대로30길","21588","11934","9654","79","5733","6495","4898","2782","1601","22","2154","3473","3199","1902","1184","57","3579","3022","1699","880","417"
"2021","1","A","골목상권","1000908","도산대로38길","21627","12075","9552","49","4549","6686","5241","3289","1813","15","1620","3499","3348","2260","1333","34","2929","3187","1893","1029","480"
"2021","1","A","골목상권","1000909","도산대로50길","22572","12409","10163","69","5440","7053","5252","3150","1608","22","1757","3485","3447","2427","1271","47","3683","3568","1805","723","337"
"2021","1","A","골목상권","1000910","도산대로81길","27385","14619","12766","88","6799","9828","6003","3413","1254","32","2185","5140","3893","2419","950","56","4614","4688","2110","994","304"
"2021","1","A","골목상권","1000911","도산대로89길","15582","8941","6641","53","3591","4910","3627","2340","1061","25","1396","2918","2412","1412","778","28","2195","1992","1215","928","283"
"2021","1","A","골목상권","1000912","봉은사로109길","24145","18222","5923","20","4868","7417","6774","4004","1062","6","2796","5509","5700","3406","805","14","2072","1908","1074","598","257"
"2021","1","A","골목상권","1000913","봉은사로29길","26224","16731","9493","70","5560","8193","6149","3958","2294","28","2449","5252","4379","2928","1695","42","3111","2941","1770","1030","599"
"2021","1","A","골목상권","1000914","봉은사로43길","24610","15242","9368","76","5118","7378","5787","3797","2454","32","2243","4420","3999","2674","1874","44","2875","2958","1788","1123","580"
"2021","1","A","골목상권","1000915","봉은사로57길","9907","6461","3446","39","2215","3084","2106","1424","1039","25","1014","1834","1606","1150","832","14","1201","1250","500","274","207"
"2021","1","A","골목상권","1000916","봉은사로68길","32233","21159","11074","60","4773","11509","9118","4497","2276","19","2142","7295","7189","3099","1415","41","2631","4214","1929","1398","861"
"2021","1","A","골목상권","1000917","삼성로115길","13425","8468","4957","58","2827","3756","2883","1899","2002","22","1224","2494","2087","1222","1419","36","1603","1262","796","677","583"
"2021","1","A","골목상권","1000918","삼성로147길","12296","6043","6253","23","3433","3978","2326","1519","1017","7","1195","1958","1355","891","637","16","2238","2020","971","628","380"
"2021","1","A","골목상권","1000919","삼성로57길","6636","3581","3055","21","1190","1878","1701","1305","541","10","417","983","958","835","378","11","773","895","743","470","163"
"2021","1","A","골목상권","1000920","삼성로63길","10667","5579","5088","41","1898","2740","2559","2177","1252","26","758","1441","1387","1197","770","15","1140","1299","1172","980","482"
"2021","1","A","골목상권","1000921","삼성로64길","35162","16304","18858","260","6558","8431","7767","7464","4682","105","3031","4961","4059","2487","1661","155","3527","3470","3708","4977","3021"
"2021","1","A","골목상권","1000922","삼성로69길","8931","4633","4298","45","1557","2247","1999","1811","1272","28","693","1155","1038","925","794","17","864","1092","961","886","478"
"2021","1","A","골목상권","1000923","삼성로75길","36407","23199","13208","154","5807","10785","10133","6080","3448","23","2523","6664","7248","4502","2239","131","3284","4121","2885","1578","1209"
"2021","1","A","골목상권","1000924","선릉로121길","18000","11157","6843","53","3237","4976","4691","3250","1793","22","1435","2912","3203","2224","1361","31","1802","2064","1488","1026","432"
"2021","1","A","골목상권","1000925","선릉로132길","14797","8337","6460","62","2966","4134","3407","2601","1627","22","1265","2422","2118","1486","1024","40","1701","1712","1289","1115","603"
"2021","1","A","골목상권","1000926","선릉로133길","21171","13647","7524","57","3803","6112","5428","3754","2017","13","1706","3650","3838","2839","1601","44","2097","2462","1590","915","416"
"2021","1","A","골목상권","1000927","선릉로146길","21879","10989","10890","59","5999","7107","4597","2826","1291","15","1736","3412","2772","2148","906","44","4263","3695","1825","678","385"
"2021","1","A","골목상권","1000928","선릉로18길","4438","2855","1583","57","877","1242","997","799","466","24","506","809","636","506","374","33","371","433","361","293","92"
"2021","1","A","골목상권","1000929","압구정로2길","12859","8055","4804","41","2476","3955","3398","2011","978","23","1102","2519","2284","1381","746","18","1374","1436","1114","630","232"
"2021","1","A","골목상권","1000930","언주로81길","93504","56950","36554","187","17248","26811","24897","20075","4286","88","10236","18756","16178","8748","2944","99","7012","8055","8719","11327","1342"
"2021","1","A","골목상권","1000931","영동대로112길","79440","60824","18616","152","15774","21126","21341","16831","4216","87","10103","15983","17682","14479","2490","65","5671","5143","3659","2352","1726"
"2021","1","A","골목상권","1000932","영동대로65길","35823","17183","18640","252","6607","8671","7946","7445","4902","110","3080","5179","4298","2640","1876","142","3527","3492","3648","4805","3026"
"2021","1","A","골목상권","1000933","일원로3길","3277","1943","1334","4","447","623","767","723","713","2","214","361","443","433","490","2","233","262","324","290","223"
"2021","1","A","골목상권","1000934","일원로9길","11032","3873","7159","31","3251","3561","2242","1333","614","3","670","1250","888","634","428","28","2581","2311","1354","699","186"
"2021","1","A","골목상권","1000935","테헤란로81길","55909","34430","21479","144","10080","21280","15399","6515","2491","56","4006","12817","11385","4644","1522","88","6074","8463","4014","1871","969"
"2021","1","A","골목상권","1000936","학동로38길","25586","17465","8121","61","4794","7446","6044","3990","3251","17","2220","4888","4642","3174","2524","44","2574","2558","1402","816","727"
"2021","1","A","골목상권","1000937","학동로56길","14387","8425","5962","60","3263","4261","3139","2227","1437","29","1360","2374","2131","1487","1044","31","1903","1887","1008","740","393"
"2021","1","A","골목상권","1000938","학동로6길","12693","8132","4561","39","2720","4024","2934","1885","1091","26","1436","2695","2021","1219","735","13","1284","1329","913","666","356"
"2021","1","A","골목상권","1000939","학동로77길","18382","7897","10485","81","3931","5147","4568","2902","1753","37","1378","2278","1797","1338","1069","44","2553","2869","2771","1564","684"
"2021","1","A","골목상권","1000940","거마로20길","1829","931","898","2","188","363","494","501","281","0","86","175","205","240","225","2","102","188","289","261","56"
"2021","1","A","골목상권","1000941","동남로20길","4695","2916","1779","21","772","1191","1068","1071","572","17","453","774","664","598","410","4","319","417","404","473","162"
"2021","1","A","골목상권","1000942","마천로51길","1842","1001","841","1","175","392","515","491","268","0","100","222","246","225","208","1","75","170","269","266","60"
"2021","1","A","골목상권","1000943","백제고분로21길","14733","9943","4790","35","2165","3401","3692","3281","2159","21","1190","2315","2645","2234","1538","14","975","1086","1047","1047","621"
"2021","1","A","골목상권","1000944","백제고분로22길","5641","3796","1845","13","865","1427","1288","1128","920","3","501","1019","906","707","660","10","364","408","382","421","260"
"2021","1","A","골목상권","1000945","백제고분로31길","13652","9597","4055","33","1722","2774","3329","2729","3065","28","1019","1936","2383","1827","2404","5","703","838","946","902","661"
"2021","1","A","골목상권","1000946","백제고분로32길","6694","4371","2323","13","959","1465","1444","1505","1308","11","566","984","950","922","938","2","393","481","494","583","370"
"2021","1","A","골목상권","1000947","백제고분로33길","5340","3787","1553","11","566","969","1248","992","1554","8","281","596","841","687","1374","3","285","373","407","305","180"
"2021","1","A","골목상권","1000948","백제고분로34길","5206","3412","1794","15","645","1084","1272","1218","972","11","361","715","831","757","737","4","284","369","441","461","235"
"2021","1","A","골목상권","1000949","백제고분로39길","4895","3304","1591","2","549","1286","1258","951","849","0","318","940","865","559","622","2","231","346","393","392","227"
"2021","1","A","골목상권","1000950","백제고분로42길","8516","5295","3221","17","1073","2000","1949","1793","1684","4","500","1337","1292","1070","1092","13","573","663","657","723","592"
"2021","1","A","골목상권","1000951","백제고분로45길","15378","8720","6658","29","2384","3918","3571","3343","2133","12","1032","2304","2283","1836","1253","17","1352","1614","1288","1507","880"
"2021","1","A","골목상권","1000952","백제고분로46길","16523","11352","5171","68","2506","4002","4361","3846","1740","50","1316","2694","3250","2744","1298","18","1190","1308","1111","1102","442"
"2021","1","A","골목상권","1000953","백제고분로50길","17443","9418","8025","47","2805","3940","3800","4087","2764","34","1485","2586","2121","1690","1502","13","1320","1354","1679","2397","1262"
"2021","1","A","골목상권","1000954","삼전로13길","14756","9769","4987","37","2148","3337","3761","3234","2239","19","1136","2194","2607","2186","1627","18","1012","1143","1154","1048","612"
"2021","1","A","골목상권","1000955","송이로23길","14254","7809","6445","69","1826","3028","2781","2547","4003","32","814","1709","1647","1186","2421","37","1012","1319","1134","1361","1582"
"2021","1","A","골목상권","1000956","송이로32길","39353","30162","9191","23","3382","6782","10667","14138","4361","9","1993","4877","8225","11982","3076","14","1389","1905","2442","2156","1285"
"2021","1","A","골목상권","1000957","송이로36길","5749","3648","2101","10","864","1367","1427","1263","818","5","510","914","930","680","609","5","354","453","497","583","209"
"2021","1","A","골목상권","1000958","송파대로30길","22655","13112","9543","70","3001","5092","5005","4472","5015","28","1367","3050","3223","2434","3010","42","1634","2042","1782","2038","2005"
"2021","1","A","골목상권","1000959","양재대로62길","14774","8253","6521","33","2326","3507","3049","2730","3129","12","943","1946","1867","1367","2118","21","1383","1561","1182","1363","1011"
"2021","1","A","골목상권","1000960","양재대로64길","14088","7953","6135","35","1591","3150","3034","2441","3837","16","726","1837","1925","1220","2229","19","865","1313","1109","1221","1608"
"2021","1","A","골목상권","1000961","양재대로71길","7301","5438","1863","18","603","1437","1906","2042","1295","14","301","932","1471","1612","1108","4","302","505","435","430","187"
"2021","1","A","골목상권","1000962","양재대로72길","22772","16675","6097","27","2845","5403","5734","5267","3496","13","1686","3711","4373","4341","2551","14","1159","1692","1361","926","945"
"2021","1","A","골목상권","1000963","오금로11길","24198","13753","10445","51","3788","6203","5486","5235","3435","31","2092","3996","3291","2449","1894","20","1696","2207","2195","2786","1541"
"2021","1","A","골목상권","1000964","오금로36길","8762","6025","2737","22","1512","2571","2168","1644","845","13","867","1818","1582","1082","663","9","645","753","586","562","182"
"2021","1","A","골목상권","1000965","오금로46길","5777","3859","1918","17","613","1012","1039","1099","1997","13","360","664","635","635","1552","4","253","348","404","464","445"
"2021","1","A","골목상권","1000966","풍성로25길","2354","1231","1123","7","336","468","530","628","385","4","169","231","267","285","275","3","167","237","263","343","110"
"2021","1","A","골목상권","1000967","강동대로53길","4393","2785","1608","8","584","1064","1191","921","625","7","323","676","750","580","449","1","261","388","441","341","176"
"2021","1","A","골목상권","1000968","고덕로10길","3507","1517","1990","3","312","511","710","863","1108","2","130","290","342","281","472","1","182","221","368","582","636"
"2021","1","A","골목상권","1000969","고덕로25길","1210","622","588","3","114","166","214","296","417","1","42","87","90","125","277","2","72","79","124","171","140"
"2021","1","A","골목상권","1000970","고덕로61길","1417","657","760","0","141","288","399","394","195","0","55","130","168","181","123","0","86","158","231","213","72"
"2021","1","A","골목상권","1000971","구천면로36길","1476","794","682","2","133","234","306","342","459","2","46","101","142","159","344","0","87","133","164","183","115"
"2021","1","A","골목상권","1000972","구천면로41길","2634","1431","1203","6","283","554","649","636","506","2","100","261","348","366","354","4","183","293","301","270","152"
"2021","1","A","골목상권","1000973","구천면로42길","2512","1353","1159","6","222","495","639","643","507","1","73","225","334","368","352","5","149","270","305","275","155"
"2021","1","A","골목상권","1000974","동남로65길","862","441","421","1","73","196","209","284","99","1","32","75","97","157","79","0","41","121","112","127","20"
"2021","1","A","골목상권","1000975","동남로82길","736","264","472","0","84","156","183","205","108","0","16","53","68","75","52","0","68","103","115","130","56"
"2021","1","A","골목상권","1000976","동남로85길","1560","790","770","0","154","294","388","398","326","0","61","149","173","196","211","0","93","145","215","202","115"
"2021","1","A","골목상권","1000977","명일로13길","2370","1260","1110","4","305","501","494","543","523","2","127","257","264","260","350","2","178","244","230","283","173"
"2021","1","A","골목상권","1000978","상암로14길","2439","1204","1235","1","252","422","520","471","773","1","82","217","260","224","420","0","170","205","260","247","353"
"2021","1","A","골목상권","1000979","상암로4길","2356","1216","1140","3","226","414","513","435","765","2","78","218","271","230","417","1","148","196","242","205","348"
"2021","1","A","골목상권","1000980","상암로51길","2115","953","1162","2","209","386","517","550","451","0","64","187","233","234","235","2","145","199","284","316","216"
"2021","1","A","골목상권","1000981","상암로5길","4232","1886","2346","5","425","706","904","1038","1154","4","181","380","436","379","506","1","244","326","468","659","648"
"2021","1","A","골목상권","1000982","상일로5길","919","604","315","0","106","183","229","254","147","0","47","119","155","173","110","0","59","64","74","81","37"
"2021","1","A","골목상권","1000983","성내로5길","16714","12021","4693","34","1884","5324","4452","3456","1564","14","1096","3858","3287","2564","1202","20","788","1466","1165","892","362"
"2021","1","A","골목상권","1000984","성안로3길","15719","10725","4994","40","1806","3158","3398","4069","3248","17","1034","1960","2222","2972","2520","23","772","1198","1176","1097","728"
"2021","1","A","골목상권","1000985","암사길","3278","1991","1287","6","444","762","786","823","457","1","218","474","449","539","310","5","226","288","337","284","147"
"2021","1","A","골목상권","1000986","양재대로101길","6685","3123","3562","24","1129","1353","1558","1517","1104","16","409","696","804","594","604","8","720","657","754","923","500"
"2021","1","A","골목상권","1000987","양재대로116길","3352","1569","1783","11","364","503","762","986","726","7","191","305","370","330","366","4","173","198","392","656","360"
"2021","1","A","골목상권","1000988","양재대로124길","3733","2287","1446","9","349","663","834","966","912","5","198","420","489","584","591","4","151","243","345","382","321"
"2021","1","A","골목상권","1000989","양재대로133길","3249","1749","1500","13","410","679","812","756","579","2","171","377","420","405","374","11","239","302","392","351","205"
"2021","1","A","골목상권","1000990","양재대로91길","3486","2089","1397","12","425","714","818","829","688","10","215","433","480","480","471","2","210","281","338","349","217"
"2021","1","A","골목상권","1000991","양재대로95길","3064","1793","1271","11","337","586","735","730","665","9","196","372","436","375","405","2","141","214","299","355","260"
"2021","1","A","골목상권","1000992","양재대로96길","3572","1944","1628","10","449","761","838","872","642","9","218","411","470","420","416","1","231","350","368","452","226"
"2021","1","A","골목상권","1000993","올림픽로48길","21487","15997","5490","42","2391","5926","5023","4923","3182","17","1466","4348","3830","3837","2499","25","925","1578","1193","1086","683"
"2021","1","A","골목상권","1000994","올림픽로71길","2045","1077","968","9","263","450","478","425","420","5","106","212","261","215","278","4","157","238","217","210","142"
"2021","1","A","골목상권","1000995","올림픽로77길","1824","1010","814","9","219","358","425","396","417","5","104","187","227","203","284","4","115","171","198","193","133"
"2021","1","A","골목상권","1000996","올림픽로78길","1673","923","750","7","229","286","342","370","439","5","101","146","176","191","304","2","128","140","166","179","135"
"2021","1","A","골목상권","1000997","올림픽로80길","1647","861","786","4","168","286","360","392","437","4","68","126","160","184","319","0","100","160","200","208","118"
"2021","1","A","골목상권","1000998","올림픽로98길","2188","1168","1020","1","236","349","409","380","813","1","88","201","227","228","423","0","148","148","182","152","390"
"2021","1","A","골목상권","1000999","진황도로27길","5557","2819","2738","10","881","1020","1035","997","1614","7","261","431","524","506","1090","3","620","589","511","491","524"
"2021","1","A","골목상권","1001000","진황도로47길","4044","1908","2136","15","481","761","994","1016","777","9","197","423","509","354","416","6","284","338","485","662","361"
"2021","1","A","골목상권","1001001","천중로39길","3291","2040","1251","8","289","596","840","816","742","3","142","371","504","519","501","5","147","225","336","297","241"
"2021","1","A","골목상권","1001002","천중로51길","3276","1938","1338","7","333","588","749","854","745","4","166","368","422","485","493","3","167","220","327","369","252"
"2021","1","A","골목상권","1001010","풍성로37가길","2748","1678","1070","6","410","594","684","640","414","2","264","372","393","389","258","4","146","222","291","251","156"