"기준_년_코드","기준_분기_코드","상권_구분_코드","상권_구분_코드_명","상권_코드","상권_코드_명","총_직장_인구_수","남성_직장_인구_수","여성_직장_인구_수","연령대_10_직장_인구_수","연령대_20_직장_인구_수","연령대_30_직장_인구_수","연령대_40_직장_인구_수","연령대_50_직장_인구_수","연령대_60_이상_직장_인구_수","남성연령대_10_직장_인구_수","남성연령대_20_직장_인구_수","남성연령대_30_직장_인구_수","남성연령대_40_직장_인구_수","남성연령대_50_직장_인구_수","남성연령대_60_이상_직장_인구_수","여성연령대_10_직장_인구_수","여성연령대_20_직장_인구_수","여성연령대_30_직장_인구_수","여성연령대_40_직장_인구_수","여성연령대_50_직장_인구_수","여성연령대_60_이상_직장_인구_수"
"2019","4","A","골목상권","1000001","계동길","13700","10172","3528","7","1421","4634","4218","2628","792","6","720","3381","3297","2165","603","1","701","1253","921","463","189"
"2019","4","A","골목상권","1001010","풍성로37가길","2748","1678","1070","6","410","594","684","640","414","2","264","372","393","389","258","4","146","222","291","251","156"
"2019","4","A","골목상권","1001009","천호옛길","6064","3635","2429","9","803","1428","1488","1645","691","5","447","723","830","1088","542","4","356","705","658","557","149"
"2019","4","A","골목상권","1001008","천호옛14길","2503","1310","1193","8","459","534","594","535","373","2","250","263","287","285","223","6","209","271","307","250","150"
"2019","4","A","골목상권","1001007","천호대로219길","966","662","304","0","107","187","231","268","173","0","53","131","167","183","128","0","54","56","64","85","45"
"2019","4","A","골목상권","1001006","천호대로197길","2122","1190","932","2","260","374","420","580","486","2","147","232","225","279","305","0","113","142","195","301","181"
"2019","4","A","골목상권","1001005","천호대로187길","4336","2078","2258","11","515","786","1018","1163","843","6","222","426","507","425","492","5","293","360","511","738","351"
"2019","4","A","골목상권","1001004","천호대로170길","5760","3089","2671","12","898","999","1127","1075","1649","7","329","496","608","593","1056","5","569","503","519","482","593"
"2019","4","A","골목상권","1001003","천호대로162길","3635","2072","1563","6","405","532","675","667","1350","2","221","281","341","374","853","4","184","251","334","293","497"
"2019","4","A","골목상권","1001002","천중로51길","3276","1938","1338","7","333","588","749","854","745","4","166","368","422","485","493","3","167","220","327","369","252"
"2019","4","A","골목상권","1001001","천중로39길","3291","2040","1251","8","289","596","840","816","742","3","142","371","504","519","501","5","147","225","336","297","241"
"2019","4","A","골목상권","1001000","진황도로47길","4044","1908","2136","15","481","761","994","1016","777","9","197","423","509","354","416","6","284","338","485","662","361"
"2019","4","A","골목상권","1000999","진황도로27길","5557","2819","2738","10","881","1020","1035","997","1614","7","261","431","524","506","1090","3","620","589","511","491","524"
"2019","4","A","골목상권","1000998","올림픽로98길","2188","1168","1020","1","236","349","409","380","813","1","88","201","227","228","423","0","148","148","182","152","390"
"2019","4","A","골목상권","1000997","올림픽로80길","1647","861","786","4","168","286","360","392","437","4","68","126","160","184","319","0","100","160","200","208","118"
"2019","4","A","골목상권","1000996","올림픽로78길","1673","923","750","7","229","286","342","370","439","5","101","146","176","191","304","2","128","140","166","179","135"
"2019","4","A","골목상권","1000995","올림픽로77길","1824","1010","814","9","219","358","425","396","417","5","104","187","227","203","284","4","115","171","198","193","133"
"2019","4","A","골목상권","1000994","올림픽로71길","2045","1077","968","9","263","450","478","425","420","5","106","212","261","215","278","4","157","238","217","210","142"
"2019","4","A","골목상권","1000993","올림픽로48길","21487","15997","5490","42","2391","5926","5023","4923","3182","17","1466","4348","3830","3837","2499","25","925","1578","1193","1086","683"
"2019","4","A","골목상권","1000992","양재대로96길","3572","1944","1628","10","449","761","838","872","642","9","218","411","470","420","416","1","231","350","368","452","226"
"2019","4","A","골목상권","1000991","양재대로95길","3064","1793","1271","11","337","586","735","730","665","9","196","372","436","375","405","2","141","214","299","355","260"
"2019","4","A","골목상권","1000990","양재대로91길","3486","2089","1397","12","425","714","818","829","688","10","215","433","480","480","471","2","210","281","338","349","217"
"2019","4","A","골목상권","1000989","양재대로133길","3249","1749","1500","13","410","679","812","756","579","2","171","377","420","405","374","11","239","302","392","351","205"
"2019","4","A","골목상권","1000988","양재대로124길","3733","2287","1446","9","349","663","834","966","912","5","198","420","489","584","591","4","151","243","345","382","321"
"2019","4","A","골목상권","1000987","양재대로116길","3352","1569","1783","11","364","503","762","986","726","7","191","305","370","330","366","4","173","198","392","656","360"
"2019","4","A","골목상권","1000986","양재대로101길","6685","3123","3562","24","1129","1353","1558","1517","1104","16","409","696","804","594","604","8","720","657","754","923","500"
"2019","4","A","골목상권","1000985","암사길","3278","1991","1287","6","444","762","786","823","457","1","218","474","449","539","310","5","226","288","337","284","147"
"2019","4","A","골목상권","1000984","성안로3길","15719","10725","4994","40","1806","3158","3398","4069","3248","17","1034","1960","2222","2972","2520","23","772","1198","1176","1097","728"
"2019","4","A","골목상권","1000983","성내로5길","16714","12021","4693","34","1884","5324","4452","3456","1564","14","1096","3858","3287","2564","1202","20","788","1466","1165","892","362"
"2019","4","A","골목상권","1000982","상일로5길","919","604","315","0","106","183","229","254","147","0","47","119","155","173","110","0","59","64","74","81","37"
"2019","4","A","골목상권","1000981","상암로5길","4232","1886","2346","5","425","706","904","1038","1154","4","181","380","436","379","506","1","244","326","468","659","648"
"2019","4","A","골목상권","1000980","상암로51길","2115","953","1162","2","209","386","517","550","451","0","64","187","233","234","235","2","145","199","284","316","216"
"2019","4","A","골목상권","1000979","상암로4길","2356","1216","1140","3","226","414","513","435","765","2","78","218","271","230","417","1","148","196","242","205","348"
"2019","4","A","골목상권","1000978","상암로14길","2439","1204","1235","1","252","422","520","471","773","1","82","217","260","224","420","0","170","205","260","247","353"
"2019","4","A","골목상권","1000977","명일로13길","2370","1260","1110","4","305","501","494","543","523","2","127","257","264","260","350","2","178","244","230","283","173"
"2019","4","A","골목상권","1000976","동남로85길","1560","790","770","0","154","294","388","398","326","0","61","149","173","196","211","0","93","145","215","202","115"
"2019","4","A","골목상권","1000975","동남로82길","736","264","472","0","84","156","183","205","108","0","16","53","68","75","52","0","68","103","115","130","56"
"2019","4","A","골목상권","1000974","동남로65길","862","441","421","1","73","196","209","284","99","1","32","75","97","157","79","0","41","121","112","127","20"
"2019","4","A","골목상권","1000973","구천면로42길","2512","1353","1159","6","222","495","639","643","507","1","73","225","334","368","352","5","149","270","305","275","155"
"2019","4","A","골목상권","1000972","구천면로41길","2634","1431","1203","6","283","554","649","636","506","2","100","261","348","366","354","4","183","293","301","270","152"
"2019","4","A","골목상권","1000971","구천면로36길","1476","794","682","2","133","234","306","342","459","2","46","101","142","159","344","0","87","133","164","183","115"
"2019","4","A","골목상권","1000970","고덕로61길","1417","657","760","0","141","288","399","394","195","0","55","130","168","181","123","0","86","158","231","213","72"
"2019","4","A","골목상권","1000969","고덕로25길","1210","622","588","3","114","166","214","296","417","1","42","87","90","125","277","2","72","79","124","171","140"
"2019","4","A","골목상권","1000968","고덕로10길","3507","1517","1990","3","312","511","710","863","1108","2","130","290","342","281","472","1","182","221","368","582","636"
"2019","4","A","골목상권","1000967","강동대로53길","4393","2785","1608","8","584","1064","1191","921","625","7","323","676","750","580","449","1","261","388","441","341","176"
"2019","4","A","골목상권","1000966","풍성로25길","2354","1231","1123","7","336","468","530","628","385","4","169","231","267","285","275","3","167","237","263","343","110"
"2019","4","A","골목상권","1000965","오금로46길","5777","3859","1918","17","613","1012","1039","1099","1997","13","360","664","635","635","1552","4","253","348","404","464","445"
"2019","4","A","골목상권","1000964","오금로36길","8762","6025","2737","22","1512","2571","2168","1644","845","13","867","1818","1582","1082","663","9","645","753","586","562","182"
"2019","4","A","골목상권","1000963","오금로11길","24198","13753","10445","51","3788","6203","5486","5235","3435","31","2092","3996","3291","2449","1894","20","1696","2207","2195","2786","1541"
"2019","4","A","골목상권","1000962","양재대로72길","22772","16675","6097","27","2845","5403","5734","5267","3496","13","1686","3711","4373","4341","2551","14","1159","1692","1361","926","945"
"2019","4","A","골목상권","1000961","양재대로71길","7301","5438","1863","18","603","1437","1906","2042","1295","14","301","932","1471","1612","1108","4","302","505","435","430","187"
"2019","4","A","골목상권","1000960","양재대로64길","14088","7953","6135","35","1591","3150","3034","2441","3837","16","726","1837","1925","1220","2229","19","865","1313","1109","1221","1608"
"2019","4","A","골목상권","1000959","양재대로62길","14774","8253","6521","33","2326","3507","3049","2730","3129","12","943","1946","1867","1367","2118","21","1383","1561","1182","1363","1011"
"2019","4","A","골목상권","1000958","송파대로30길","22655","13112","9543","70","3001","5092","5005","4472","5015","28","1367","3050","3223","2434","3010","42","1634","2042","1782","2038","2005"
"2019","4","A","골목상권","1000957","송이로36길","5749","3648","2101","10","864","1367","1427","1263","818","5","510","914","930","680","609","5","354","453","497","583","209"
"2019","4","A","골목상권","1000956","송이로32길","39353","30162","9191","23","3382","6782","10667","14138","4361","9","1993","4877","8225","11982","3076","14","1389","1905","2442","2156","1285"
"2019","4","A","골목상권","1000955","송이로23길","14254","7809","6445","69","1826","3028","2781","2547","4003","32","814","1709","1647","1186","2421","37","1012","1319","1134","1361","1582"
"2019","4","A","골목상권","1000954","삼전로13길","14756","9769","4987","37","2148","3337","3761","3234","2239","19","1136","2194","2607","2186","1627","18","1012","1143","1154","1048","612"
"2019","4","A","골목상권","1000953","백제고분로50길","17443","9418","8025","47","2805","3940","3800","4087","2764","34","1485","2586","2121","1690","1502","13","1320","1354","1679","2397","1262"
"2019","4","A","골목상권","1000952","백제고분로46길","16523","11352","5171","68","2506","4002","4361","3846","1740","50","1316","2694","3250","2744","1298","18","1190","1308","1111","1102","442"
"2019","4","A","골목상권","1000951","백제고분로45길","15378","8720","6658","29","2384","3918","3571","3343","2133","12","1032","2304","2283","1836","1253","17","1352","1614","1288","1507","880"
"2019","4","A","골목상권","1000950","백제고분로42길","8516","5295","3221","17","1073","2000","1949","1793","1684","4","500","1337","1292","1070","1092","13","573","663","657","723","592"
"2019","4","A","골목상권","1000949","백제고분로39길","4895","3304","1591","2","549","1286","1258","951","849","0","318","940","865","559","622","2","231","346","393","392","227"
"2019","4","A","골목상권","1000948","백제고분로34길","5206","3412","1794","15","645","1084","1272","1218","972","11","361","715","831","757","737","4","284","369","441","461","235"
"2019","4","A","골목상권","1000947","백제고분로33길","5340","3787","1553","11","566","969","1248","992","1554","8","281","596","841","687","1374","3","285","373","407","305","180"
"2019","4","A","골목상권","1000946","백제고분로32길","6694","4371","2323","13","959","1465","1444","1505","1308","11","566","984","950","922","938","2","393","481","494","583","370"
"2019","4","A","골목상권","1000945","백제고분로31길","13652","9597","4055","33","1722","2774","3329","2729","3065","28","1019","1936","2383","1827","2404","5","703","838","946","902","661"
"2019","4","A","골목상권","1000944","백제고분로22길","5641","3796","1845","13","865","1427","1288","1128","920","3","501","1019","906","707","660","10","364","408","382","421","260"
"2019","4","A","골목상권","1000943","백제고분로21길","14733","9943","4790","35","2165","3401","3692","3281","2159","21","1190","2315","2645","2234","1538","14","975","1086","1047","1047","621"
"2019","4","A","골목상권","1000942","마천로51길","1842","1001","841","1","175","392","515","491","268","0","100","222","246","225","208","1","75","170","269","266","60"
"2019","4","A","골목상권","1000941","동남로20길","4695","2916","1779","21","772","1191","1068","1071","572","17","453","774","664","598","410","4","319","417","404","473","162"
"2019","4","A","골목상권","1000940","거마로20길","1829","931","898","2","188","363","494","501","281","0","86","175","205","240","225","2","102","188","289","261","56"
"2019","4","A","골목상권","1000939","학동로77길","18382","7897","10485","81","3931","5147","4568","2902","1753","37","1378","2278","1797","1338","1069","44","2553","2869","2771","1564","684"
"2019","4","A","골목상권","1000938","학동로6길","12693","8132","4561","39","2720","4024","2934","1885","1091","26","1436","2695","2021","1219","735","13","1284","1329","913","666","356"
"2019","4","A","골목상권","1000937","학동로56길","14387","8425","5962","60","3263","4261","3139","2227","1437","29","1360","2374","2131","1487","1044","31","1903","1887","1008","740","393"
"2019","4","A","골목상권","1000936","학동로38길","25586","17465","8121","61","4794","7446","6044","3990","3251","17","2220","4888","4642","3174","2524","44","2574","2558","1402","816","727"
"2019","4","A","골목상권","1000935","테헤란로81길","55909","34430","21479","144","10080","21280","15399","6515","2491","56","4006","12817","11385","4644","1522","88","6074","8463","4014","1871","969"
"2019","4","A","골목상권","1000934","일원로9길","11032","3873","7159","31","3251","3561","2242","1333","614","3","670","1250","888","634","428","28","2581","2311","1354","699","186"
"2019","4","A","골목상권","1000933","일원로3길","3277","1943","1334","4","447","623","767","723","713","2","214","361","443","433","490","2","233","262","324","290","223"
"2019","4","A","골목상권","1000932","영동대로65길","35823","17183","18640","252","6607","8671","7946","7445","4902","110","3080","5179","4298","2640","1876","142","3527","3492","3648","4805","3026"
"2019","4","A","골목상권","1000931","영동대로112길","79440","60824","18616","152","15774","21126","21341","16831","4216","87","10103","15983","17682","14479","2490","65","5671","5143","3659","2352","1726"
"2019","4","A","골목상권","1000930","언주로81길","93504","56950","36554","187","17248","26811","24897","20075","4286","88","10236","18756","16178","8748","2944","99","7012","8055","8719","11327","1342"
"2019","4","A","골목상권","1000929","압구정로2길","12859","8055","4804","41","2476","3955","3398","2011","978","23","1102","2519","2284","1381","746","18","1374","1436","1114","630","232"
"2019","4","A","골목상권","1000928","선릉로18길","4438","2855","1583","57","877","1242","997","799","466","24","506","809","636","506","374","33","371","433","361","293","92"
"2019","4","A","골목상권","1000927","선릉로146길","21879","10989","10890","59","5999","7107","4597","2826","1291","15","1736","3412","2772","2148","906","44","4263","3695","1825","678","385"
"2019","4","A","골목상권","1000926","선릉로133길","21171","13647","7524","57","3803","6112","5428","3754","2017","13","1706","3650","3838","2839","1601","44","2097","2462","1590","915","416"
"2019","4","A","골목상권","1000925","선릉로132길","14797","8337","6460","62","2966","4134","3407","2601","1627","22","1265","2422","2118","1486","1024","40","1701","1712","1289","1115","603"
"2019","4","A","골목상권","1000924","선릉로121길","18000","11157","6843","53","3237","4976","4691","3250","1793","22","1435","2912","3203","2224","1361","31","1802","2064","1488","1026","432"
"2019","4","A","골목상권","1000923","삼성로75길","36407","23199","13208","154","5807","10785","10133","6080","3448","23","2523","6664","7248","4502","2239","131","3284","4121","2885","1578","1209"
"2019","4","A","골목상권","1000922","삼성로69길","8931","4633","4298","45","1557","2247","1999","1811","1272","28","693","1155","1038","925","794","17","864","1092","961","886","478"
"2019","4","A","골목상권","1000921","삼성로64길","35162","16304","18858","260","6558","8431","7767","7464","4682","105","3031","4961","4059","2487","1661","155","3527","3470","3708","4977","3021"
"2019","4","A","골목상권","1000920","삼성로63길","10667","5579","5088","41","1898","2740","2559","2177","1252","26","758","1441","1387","1197","770","15","1140","1299","1172","980","482"
"2019","4","A","골목상권","1000919","삼성로57길","6636","3581","3055","21","1190","1878","1701","1305","541","10","417","983","958","835","378","11","773","895","743","470","163"
"2019","4","A","골목상권","1000918","삼성로147길","12296","6043","6253","23","3433","3978","2326","1519","1017","7","1195","1958","1355","891","637","16","2238","2020","971","628","380"
"2019","4","A","골목상권","1000917","삼성로115길","13425","8468","4957","58","2827","3756","2883","1899","2002","22","1224","2494","2087","1222","1419","36","1603","1262","796","677","583"
"2019","4","A","골목상권","1000916","봉은사로68길","32233","21159","11074","60","4773","11509","9118","4497","2276","19","2142","7295","7189","3099","1415","41","2631","4214","1929","1398","861"
"2019","4","A","골목상권","1000915","봉은사로57길","9907","6461","3446","39","2215","3084","2106","1424","1039","25","1014","1834","1606","1150","832","14","1201","1250","500","274","207"
"2019","4","A","골목상권","1000914","봉은사로43길","24610","15242","9368","76","5118","7378","5787","3797","2454","32","2243","4420","3999","2674","1874","44","2875","2958","1788","1123","580"
"2019","4","A","골목상권","1000913","봉은사로29길","26224","16731","9493","70","5560","8193","6149","3958","2294","28","2449","5252","4379","2928","1695","42","3111","2941","1770","1030","599"
"2019","4","A","골목상권","1000912","봉은사로109길","24145","18222","5923","20","4868","7417","6774","4004","1062","6","2796","5509","5700","3406","805","14","2072","1908","1074","598","257"
"2019","4","A","골목상권","1000911","도산대로89길","15582","8941","6641","53","3591","4910","3627","2340","1061","25","1396","2918","2412","1412","778","28","2195","1992","1215","928","283"
"2019","4","A","골목상권","1000910","도산대로81길","27385","14619","12766","88","6799","9828","6003","3413","1254","32","2185","5140","3893","2419","950","56","4614","4688","2110","994","304"
"2019","4","A","골목상권","1000909","도산대로50길","22572","12409","10163","69","5440","7053","5252","3150","1608","22","1757","3485","3447","2427","1271","47","3683","3568","1805","723","337"
"2019","4","A","골목상권","1000908","도산대로38길","21627","12075","9552","49","4549","6686","5241","3289","1813","15","1620","3499","3348","2260","1333","34","2929","3187","1893","1029","480"
"2019","4","A","골목상권","1000907","도산대로30길","21588","11934","9654","79","5733","6495","4898","2782","1601","22","2154","3473","3199","1902","1184","57","3579","3022","1699","880","417"
"2019","4","A","골목상권","1000906","도산대로23길","14193","7539","6654","72","3880","4164","3152","1888","1037","21","1401","2263","1986","1139","729","51","2479","1901","1166","749","308"
"2019","4","A","골목상권","1000905","도산대로15길","11660","6658","5002","50","3189","3444","2432","1438","1107","14","1246","1951","1646","980","821","36","1943","1493","786","458","286"
"2019","4","A","골목상권","1000904","도곡로37길","35701","21132","14569","242","9630","10400","8608","4853","1968","84","4137","6467","5875","3069","1500","158","5493","3933","2733","1784","468"
"2019","4","A","골목상권","1000903","논현로8길","3256","2100","1156","4","503","741","725","654","629","1","248","485","459","431","476","3","255","256","266","223","153"
"2019","4","A","골목상권","1000902","논현로63길","36667","24758","11909","142","7242","9908","9605","7399","2371","42","2992","6291","7467","6076","1890","100","4250","3617","2138","1323","481"
"2019","4","A","골목상권","1000901","논현로28길","44952","23368","21584","229","8367","10518","13581","9175","3082","127","4058","6280","6374","4528","2001","102","4309","4238","7207","4647","1081"
"2019","4","A","골목상권","1000900","논현로26길","40746","21197","19549","210","7278","10726","12390","7170","2972","112","3624","6781","5771","2888","2021","98","3654","3945","6619","4282","951"
"2019","4","A","골목상권","1000899","논현로159길","7341","3388","3953","26","1678","2112","1628","1135","762","7","485","983","801","583","529","19","1193","1129","827","552","233"
"2019","4","A","골목상권","1000898","논현로139길","24381","14262","10119","100","6330","7345","5355","3137","2114","31","2532","4251","3691","2146","1611","69","3798","3094","1664","991","503"
"2019","4","A","골목상권","1000897","논현로123길","9592","5842","3750","41","2250","2774","2004","1467","1056","23","1098","1751","1356","890","724","18","1152","1023","648","577","332"
"2019","4","A","골목상권","1000896","논현로115길","23492","15502","7990","91","5412","7277","5283","3492","1937","49","2759","4778","3934","2581","1401","42","2653","2499","1349","911","536"
"2019","4","A","골목상권","1000895","논현로10길","5297","3312","1985","11","748","1190","1301","1096","951","3","375","745","791","659","739","8","373","445","510","437","212"
"2019","4","A","골목상권","1000894","논현로106길","13899","7758","6141","37","3054","4439","3228","1839","1302","14","1093","2548","2142","1076","885","23","1961","1891","1086","763","417"
"2019","4","A","골목상권","1000893","남부순환로365길","15923","10455","5468","81","2779","4396","4126","2593","1948","41","1329","3013","2997","1743","1332","40","1450","1383","1129","850","616"
"2019","4","A","골목상권","1000892","개포로82길","5032","3679","1353","5","764","1532","1246","879","606","3","466","1136","933","639","502","2","298","396","313","240","104"
"2019","4","A","골목상권","1000891","개포로28길","3568","2437","1131","10","596","991","913","613","445","3","294","656","675","423","386","7","302","335","238","190","59"
"2019","4","A","골목상권","1000890","개포로20길","12336","8232","4104","27","1910","3544","3270","2170","1415","11","988","2384","2354","1414","1081","16","922","1160","916","756","334"
"2019","4","A","골목상권","1000889","개포로17길","28812","12804","16008","106","4586","6834","9279","5716","2291","55","2221","3947","3251","1802","1528","51","2365","2887","6028","3914","763"
"2019","4","A","골목상권","1000888","강남대로140길","20953","11799","9154","51","4593","6512","4708","3179","1910","15","1631","3672","3101","1954","1426","36","2962","2840","1607","1225","484"
"2019","4","A","골목상권","1000887","강남대로136길","21883","13083","8800","48","4879","7114","5169","3066","1607","20","2064","4299","3523","2024","1153","28","2815","2815","1646","1042","454"
"2019","4","A","골목상권","1000886","강남대로118길","10604","6747","3857","61","2633","3254","2316","1419","921","42","1455","2142","1577","896","635","19","1178","1112","739","523","286"
"2019","4","A","골목상권","1000885","서초중앙로8길","38050","20954","17096","82","8143","9265","8034","10092","2434","24","2727","4762","4524","7107","1810","58","5416","4503","3510","2985","624"
"2019","4","A","골목상권","1000884","방배중앙로21길","16510","8458","8052","20","2629","4012","4628","2955","2266","7","832","1718","2309","1757","1835","13","1797","2294","2319","1198","431"
"2019","4","A","골목상권","1000883","효령로72길","24614","18420","6194","62","4386","8514","5977","4128","1547","23","2507","6534","4808","3459","1089","39","1879","1980","1169","669","458"
"2019","4","A","골목상권","1000882","효령로34길","9543","6126","3417","101","1530","2821","2430","1576","1085","32","778","1644","1705","1140","827","69","752","1177","725","436","258"
"2019","4","A","골목상권","1000881","효령로31길","10396","6972","3424","67","2283","3142","2320","1505","1079","54","1293","2175","1655","999","796","13","990","967","665","506","283"
"2019","4","A","골목상권","1000880","효령로23길","12360","8243","4117","70","2534","3561","2833","1887","1475","51","1396","2445","2027","1219","1105","19","1138","1116","806","668","370"
"2019","4","A","골목상권","1000879","청두곶길","13318","6766","6552","23","2174","3922","3771","2298","1130","8","761","1970","1855","1410","762","15","1413","1952","1916","888","368"
"2019","4","A","골목상권","1000878","주흥길","4434","2544","1890","5","758","1268","1079","818","506","1","301","746","698","452","346","4","457","522","381","366","160"
"2019","4","A","골목상권","1000877","주흥15길","8390","4402","3988","23","1897","2583","1908","1198","781","7","571","1379","1238","681","526","16","1326","1204","670","517","255"
"2019","4","A","골목상권","1000876","언남길","15684","10674","5010","57","2338","4446","4140","2875","1828","31","1297","3069","2963","1936","1378","26","1041","1377","1177","939","450"
"2019","4","A","골목상권","1000875","신반포로45길","9300","5414","3886","32","1924","2692","2293","1366","993","15","732","1544","1578","865","680","17","1192","1148","715","501","313"
"2019","4","A","골목상권","1000874","서초대로8길","8398","4185","4213","32","1337","2073","2131","1627","1198","17","529","1029","1017","810","783","15","808","1044","1114","817","415"
"2019","4","A","골목상권","1000873","서초대로64길","37600","20771","16829","57","7011","9434","8670","10586","1842","29","2689","5015","4514","7163","1361","28","4322","4419","4156","3423","481"
"2019","4","A","골목상권","1000872","서초대로4길","10140","4542","5598","28","1886","2617","2462","1862","1285","11","653","1116","1089","905","768","17","1233","1501","1373","957","517"
"2019","4","A","골목상권","1000871","서초대로25길","24314","16435","7879","106","4990","7269","5855","4164","1930","58","2305","4767","4433","3344","1528","48","2685","2502","1422","820","402"
"2019","4","A","골목상권","1000870","서초대로23길","14565","9691","4874","43","2337","3705","3867","3085","1528","22","1049","2314","2748","2370","1188","21","1288","1391","1119","715","340"
"2019","4","A","골목상권","1000869","서초대로15길","9192","5518","3674","30","1668","2228","2112","1684","1470","19","709","1313","1305","1049","1123","11","959","915","807","635","347"
"2019","4","A","골목상권","1000868","사평대로57길","9692","5277","4415","23","2181","2959","2377","1412","740","3","729","1591","1581","861","512","20","1452","1368","796","551","228"
"2019","4","A","골목상권","1000867","사평대로26길","8763","6278","2485","31","1301","2349","2263","1786","1033","13","701","1708","1772","1341","743","18","600","641","491","445","290"
"2019","4","A","골목상권","1000866","사평대로22길","83130","76093","7037","35","8034","17085","21932","32915","3129","16","6503","14918","20092","31859","2705","19","1531","2167","1840","1056","424"
"2019","4","A","골목상권","1000865","사임당로17길","18885","10560","8325","54","3095","5532","5094","3752","1358","32","1353","3183","2952","2067","973","22","1742","2349","2142","1685","385"
"2019","4","A","골목상권","1000864","방배로42길","19353","11886","7467","56","4076","5642","5020","3373","1186","21","1447","3361","3570","2531","956","35","2629","2281","1450","842","230"
"2019","4","A","골목상권","1000863","방배로35길","14040","8753","5287","45","2919","3994","3226","2662","1194","10","1039","2388","2311","2037","968","35","1880","1606","915","625","226"
"2019","4","A","골목상권","1000862","방배로18길","16840","11174","5666","81","3310","5220","4087","3098","1044","62","1567","3114","3035","2604","792","19","1743","2106","1052","494","252"
"2019","4","A","골목상권","1000861","반포대로9길","15176","11618","3558","15","1629","4660","4470","2975","1427","6","940","3607","3698","2393","974","9","689","1053","772","582","453"
"2019","4","A","골목상권","1000860","바우뫼로39길","39654","19271","20383","492","8808","9187","11046","6992","3129","236","4317","5422","4328","2604","2364","256","4491","3765","6718","4388","765"
"2019","4","A","골목상권","1000859","마방로2길","11756","8032","3724","54","1886","3149","2959","2368","1340","30","1016","2143","2116","1678","1049","24","870","1006","843","690","291"
"2019","4","A","골목상권","1000858","방배천로4안길","6670","3345","3325","11","1175","1741","1631","1195","917","3","392","798","816","709","627","8","783","943","815","486","290"
"2019","4","A","골목상권","1000857","동산로19길","14591","9621","4970","35","2268","4095","3799","2565","1829","17","1228","2718","2639","1669","1350","18","1040","1377","1160","896","479"
"2019","4","A","골목상권","1000856","동산로10길","9541","6026","3515","37","1657","2897","2324","1683","943","16","878","1823","1482","1116","711","21","779","1074","842","567","232"
"2019","4","A","골목상권","1000855","동광로39길","83553","76161","7392","42","8224","17347","22130","32757","3053","22","6604","15010","20184","31684","2657","20","1620","2337","1946","1073","396"
"2019","4","A","골목상권","1000854","동광로1길","18425","8873","9552","82","3241","4438","4954","3232","2478","67","997","1910","2270","1745","1884","15","2244","2528","2684","1487","594"
"2019","4","A","골목상권","1000853","동광로12길","16378","7732","8646","41","2860","3929","4673","3062","1813","19","968","1743","2280","1575","1147","22","1892","2186","2393","1487","666"
"2019","4","A","골목상권","1000852","논현로27길","43316","22358","20958","444","9311","10840","12210","7550","2961","214","4629","6597","5384","3167","2367","230","4682","4243","6826","4383","594"
"2019","4","A","골목상권","1000851","논현로1길","10640","6745","3895","39","2086","3148","2518","1816","1033","23","1269","2062","1534","1102","755","16","817","1086","984","714","278"
"2019","4","A","골목상권","1000850","남부순환로339길","10187","6065","4122","25","2320","3177","2368","1586","711","7","912","1974","1634","1031","507","18","1408","1203","734","555","204"
"2019","4","A","골목상권","1000849","남부순환로325길","21342","12721","8621","33","3446","6484","4846","4022","2511","12","1580","3541","3071","2698","1819","21","1866","2943","1775","1324","692"
"2019","4","A","골목상권","1000848","남부순환로317길","21593","13962","7631","26","3057","7074","5526","3765","2145","12","1416","4293","4011","2678","1552","14","1641","2781","1515","1087","593"
"2019","4","A","골목상권","1000847","고무래로8길","13873","8968","4905","51","1917","3635","3853","2761","1656","16","938","2304","2759","1866","1085","35","979","1331","1094","895","571"
"2019","4","A","골목상권","1000846","강남대로8길","28099","21600","6499","54","3219","6302","8273","8682","1569","26","1934","4597","6382","7416","1245","28","1285","1705","1891","1266","324"
"2019","4","A","골목상권","1000845","강남대로34길","19439","13196","6243","115","3510","5603","4524","3149","2538","57","1887","3958","3327","2118","1849","58","1623","1645","1197","1031","689"
"2019","4","A","골목상권","1000844","강남대로23길","17856","11217","6639","338","5243","5177","3755","2270","1073","156","2717","3479","2668","1415","782","182","2526","1698","1087","855","291"
"2019","4","A","골목상권","1000843","소담길","1287","662","625","0","188","300","337","255","207","0","66","145","154","137","160","0","122","155","183","118","47"
"2019","4","A","골목상권","1000842","원신길","810","406","404","8","99","206","220","189","88","2","29","89","125","91","70","6","70","117","95","98","18"
"2019","4","A","골목상권","1000841","양지길","354","148","206","2","30","61","112","93","56","1","5","15","49","44","34","1","25","46","63","49","22"
"2019","4","A","골목상권","1000840","양산길","658","370","288","1","97","127","198","167","68","0","47","70","118","92","43","1","50","57","80","75","25"
"2019","4","A","골목상권","1000839","호암로24길","2828","2180","648","5","419","643","839","667","255","2","283","486","669","544","196","3","136","157","170","123","59"
"2019","4","A","골목상권","1000838","호암로20길","2148","1594","554","8","357","601","628","393","161","1","240","436","498","294","125","7","117","165","130","99","36"
"2019","4","A","골목상권","1000837","행운길","6560","3975","2585","22","1181","1767","1468","1253","869","12","575","1123","909","722","634","10","606","644","559","531","235"
"2019","4","A","골목상권","1000836","행운1길","2989","1601","1388","16","488","629","710","702","444","10","208","318","380","387","298","6","280","311","330","315","146"
"2019","4","A","골목상권","1000835","청림3길","3726","2032","1694","5","570","1164","1162","590","235","4","250","635","647","337","159","1","320","529","515","253","76"
"2019","4","A","골목상권","1000834","청룡길","3032","1441","1591","7","506","751","716","533","519","3","132","305","363","308","330","4","374","446","353","225","189"
"2019","4","A","골목상권","1000833","청룡8길","2383","1069","1314","2","343","507","533","536","462","1","108","243","246","247","224","1","235","264","287","289","238"
"2019","4","A","골목상권","1000832","중앙길","2697","1260","1437","8","412","587","710","591","389","4","126","274","344","310","202","4","286","313","366","281","187"
"2019","4","A","골목상권","1000831","조원중앙로2길","6070","4212","1858","10","723","1022","1192","1113","2010","5","360","655","733","691","1768","5","363","367","459","422","242"
"2019","4","A","골목상권","1000830","조원로18길","6128","4664","1464","4","721","1400","1460","1014","1529","2","343","995","1136","762","1426","2","378","405","324","252","103"
"2019","4","A","골목상권","1000829","조원로10길","16779","9737","7042","39","3618","5716","4238","1962","1206","17","1555","3402","2671","1244","848","22","2063","2314","1567","718","358"
"2019","4","A","골목상권","1000828","장군봉2길","2452","1262","1190","4","370","521","484","571","502","2","128","264","257","288","323","2","242","257","227","283","179"
"2019","4","A","골목상권","1000827","장군봉1길","2517","1160","1357","2","375","556","567","551","466","1","126","266","274","269","224","1","249","290","293","282","242"
"2019","4","A","골목상권","1000826","인헌길","1704","889","815","7","274","443","484","355","141","4","127","246","248","161","103","3","147","197","236","194","38"
"2019","4","A","골목상권","1000825","은천로25길","1614","689","925","1","259","404","464","313","173","0","76","186","206","138","83","1","183","218","258","175","90"
"2019","4","A","골목상권","1000824","양녕로6길","2361","1110","1251","7","291","416","526","587","534","4","107","202","242","297","258","3","184","214","284","290","276"
"2019","4","A","골목상권","1000823","신원로3길","1829","969","860","5","172","307","365","418","562","0","82","163","207","212","305","5","90","144","158","206","257"
"2019","4","A","골목상권","1000822","신사로20길","2857","2160","697","1","454","818","905","519","160","1","216","615","773","439","116","0","238","203","132","80","44"
"2019","4","A","골목상권","1000821","신림로65길","2412","1329","1083","6","213","327","521","544","801","2","78","164","278","282","525","4","135","163","243","262","276"
"2019","4","A","골목상권","1000820","신림로64길","2304","913","1391","6","538","542","475","455","288","2","132","202","231","166","180","4","406","340","244","289","108"
"2019","4","A","골목상권","1000819","신림로48길","1224","556","668","6","173","227","241","296","281","1","75","122","119","108","131","5","98","105","122","188","150"
"2019","4","A","골목상권","1000818","신림로38길","1620","931","689","7","227","303","399","353","331","1","117","162","222","209","220","6","110","141","177","144","111"
"2019","4","A","골목상권","1000817","신림로28길","3185","2328","857","10","485","649","876","744","421","2","323","487","658","570","288","8","162","162","218","174","133"
"2019","4","A","골목상권","1000816","신림로11길","2928","2185","743","3","448","733","802","692","250","1","273","511","640","557","203","2","175","222","162","135","47"
"2019","4","A","골목상권","1000815","신림동길","2508","1472","1036","4","257","387","584","563","713","2","115","202","314","325","514","2","142","185","270","238","199"
"2019","4","A","골목상권","1000814","승방길","3114","2065","1049","7","575","763","809","576","384","5","304","522","561","400","273","2","271","241","248","176","111"
"2019","4","A","골목상권","1000813","서림7길","1807","1219","588","3","188","296","492","545","283","1","94","164","333","401","226","2","94","132","159","144","57"
"2019","4","A","골목상권","1000812","봉천로33길","4896","2257","2639","12","705","949","1077","1311","842","1","214","419","507","611","505","11","491","530","570","700","337"
"2019","4","A","골목상권","1000811","봉천로13길","2022","1107","915","4","267","425","445","460","421","1","114","220","243","242","287","3","153","205","202","218","134"
"2019","4","A","골목상권","1000810","복은길","1880","1060","820","8","275","361","475","394","367","2","138","188","251","236","245","6","137","173","224","158","122"
"2019","4","A","골목상권","1000809","법원단지길","767","374","393","10","102","156","168","202","129","7","39","77","79","92","80","3","63","79","89","110","49"
"2019","4","A","골목상권","1000808","법원단지9길","902","487","415","10","108","180","219","248","137","7","39","95","115","142","89","3","69","85","104","106","48"
"2019","4","A","골목상권","1000807","미성5길","1372","661","711","16","179","256","305","348","268","13","76","132","150","137","153","3","103","124","155","211","115"
"2019","4","A","골목상권","1000806","대학길","2550","2069","481","3","369","588","728","612","250","1","250","467","625","522","204","2","119","121","103","90","46"
"2019","4","A","골목상권","1000805","대학14길","1204","702","502","5","155","307","328","255","154","2","54","164","216","154","112","3","101","143","112","101","42"
"2019","4","A","골목상권","1000804","당곡길","3119","1744","1375","9","481","627","732","635","635","5","228","340","406","324","441","4","253","287","326","311","194"
"2019","4","A","골목상권","1000803","남현길","2714","1713","1001","0","391","639","718","504","462","0","171","393","485","315","349","0","220","246","233","189","113"
"2019","4","A","골목상권","1000802","남현3길","5523","3108","2415","8","1036","1416","1438","974","651","4","446","769","810","589","490","4","590","647","628","385","161"
"2019","4","A","골목상권","1000801","남현2길","3073","1912","1161","0","427","708","848","596","494","0","186","432","557","363","374","0","241","276","291","233","120"
"2019","4","A","골목상권","1000800","남부순환로248길","1853","971","882","9","291","518","486","332","217","7","104","267","245","173","175","2","187","251","241","159","42"
"2019","4","A","골목상권","1000799","남부순환로234길","4031","2679","1352","9","636","1259","802","714","611","6","309","864","515","479","506","3","327","395","287","235","105"
"2019","4","A","골목상권","1000798","남부순환로172길","1997","1171","826","1","280","526","428","417","345","1","124","298","254","264","230","0","156","228","174","153","115"
"2019","4","A","골목상권","1000797","남부순환로161길","4573","3124","1449","2","711","1290","1260","880","430","2","331","893","969","644","285","0","380","397","291","236","145"
"2019","4","A","골목상권","1000796","남부순환로151길","4734","3287","1447","6","738","1345","1363","927","355","4","350","948","1065","664","256","2","388","397","298","263","99"
"2019","4","A","골목상권","1000795","남부순환로142길","5112","3566","1546","18","457","846","934","918","1939","13","227","487","579","550","1710","5","230","359","355","368","229"
"2019","4","A","골목상권","1000794","난향길","1320","654","666","1","150","285","366","288","230","0","41","130","153","147","183","1","109","155","213","141","47"
"2019","4","A","골목상권","1000793","난우길","1334","638","696","21","163","273","289","354","234","16","67","117","125","168","145","5","96","156","164","186","89"
"2019","4","A","골목상권","1000792","난곡로74길","3239","2365","874","1","506","930","1014","595","193","1","239","690","834","464","137","0","267","240","180","131","56"
"2019","4","A","골목상권","1000791","난곡로34길","818","394","424","9","105","170","199","250","85","7","41","88","92","115","51","2","64","82","107","135","34"
"2019","4","A","골목상권","1000790","난곡로26길","1137","601","536","0","134","223","287","316","177","0","52","108","139","170","132","0","82","115","148","146","45"
"2019","4","A","골목상권","1000789","난곡로24길","1189","652","537","0","120","238","301","353","177","0","53","114","146","202","137","0","67","124","155","151","40"
"2019","4","A","골목상권","1000788","낙성대역길","5705","3605","2100","21","1084","1588","1265","940","807","11","500","1026","806","616","646","10","584","562","459","324","161"
"2019","4","A","골목상권","1000787","국회단지길","2886","1216","1670","14","430","565","664","833","380","2","117","248","322","288","239","12","313","317","342","545","141"
"2019","4","A","골목상권","1000786","구암길","1433","682","751","1","240","383","445","255","109","1","74","172","224","138","73","0","166","211","221","117","36"
"2019","4","A","골목상권","1000785","관천로22길","3943","2336","1607","8","544","963","1075","789","564","6","260","543","618","485","424","2","284","420","457","304","140"
"2019","4","A","골목상권","1000784","관천로15길","3272","2397","875","2","508","897","1026","641","198","2","245","663","829","518","140","0","263","234","197","123","58"
"2019","4","A","골목상권","1000783","관악로30길","3154","1519","1635","8","425","656","786","797","482","5","168","308","407","372","259","3","257","348","379","425","223"
"2019","4","A","골목상권","1000782","관악로28길","2354","1060","1294","7","280","460","567","648","392","4","95","189","275","291","206","3","185","271","292","357","186"
"2019","4","A","골목상권","1000781","관악로14길","6902","3781","3121","24","1181","2103","1553","1366","675","13","463","1100","860","849","496","11","718","1003","693","517","179"
"2019","4","A","골목상권","1000780","관악로10길","6564","4205","2359","15","997","2014","1505","1488","545","10","541","1285","942","1026","401","5","456","729","563","462","144"
"2019","4","A","골목상권","1000779","흑석로9길","670","368","302","1","107","148","180","141","93","0","48","87","98","71","64","1","59","61","82","70","29"
"2019","4","A","골목상권","1000778","흑석로13길","910","490","420","1","116","197","247","209","140","0","50","108","131","112","89","1","66","89","116","97","51"
"2019","4","A","골목상권","1000777","장승배기로27길","6829","3923","2906","19","976","2199","1812","1277","546","5","448","1164","1098","869","339","14","528","1035","714","408","207"
"2019","4","A","골목상권","1000776","장승배기로19길","2239","1229","1010","2","386","493","520","518","320","1","253","268","252","270","185","1","133","225","268","248","135"
"2019","4","A","골목상권","1000775","장승배기로10길","2989","1629","1360","14","453","643","709","723","447","8","284","369","374","340","254","6","169","274","335","383","193"
"2019","4","A","골목상권","1000774","여의대방로46길","6848","3977","2871","21","1161","2066","1822","1195","583","6","496","1267","1140","684","384","15","665","799","682","511","199"
"2019","4","A","골목상권","1000773","여의대방로24길","20339","12832","7507","53","3857","4058","3357","4807","4207","28","2884","3206","2158","2339","2217","25","973","852","1199","2468","1990"
"2019","4","A","골목상권","1000772","여의대방로22카길","18726","11820","6906","49","3543","3601","3077","4537","3919","25","2778","2902","1948","2136","2031","24","765","699","1129","2401","1888"
"2019","4","A","골목상권","1000771","여의대방로22나길","18445","11776","6669","50","3585","3615","2945","4402","3848","26","2813","2950","1896","2090","2001","24","772","665","1049","2312","1847"
"2019","4","A","골목상권","1000770","여의대방로22길","18481","11777","6704","51","3563","3569","2965","4450","3883","27","2804","2909","1894","2125","2018","24","759","660","1071","2325","1865"
"2019","4","A","골목상권","1000769","양녕로26길","1882","1191","691","3","208","407","440","527","297","2","106","241","296","399","147","1","102","166","144","128","150"
"2019","4","A","골목상권","1000768","신대방길","5744","3165","2579","19","1364","1446","1297","971","647","13","504","867","791","542","448","6","860","579","506","429","199"
"2019","4","A","골목상권","1000767","성대로29길","1658","762","896","2","224","316","366","429","321","1","97","153","150","202","159","1","127","163","216","227","162"
"2019","4","A","골목상권","1000766","성대로1길","1289","555","734","2","117","238","324","321","287","1","40","113","135","128","138","1","77","125","189","193","149"
"2019","4","A","골목상권","1000765","서달로8가길","403","153","250","1","52","56","103","110","81","0","11","18","38","40","46","1","41","38","65","70","35"
"2019","4","A","골목상권","1000764","서달로15길","594","279","315","1","66","104","168","155","100","0","16","40","81","78","64","1","50","64","87","77","36"
"2019","4","A","골목상권","1000763","서달로14길","539","257","282","1","64","98","142","136","98","0","19","40","63","71","64","1","45","58","79","65","34"
"2019","4","A","골목상권","1000762","서달로10길","654","357","297","0","96","152","157","148","101","0","55","95","81","69","57","0","41","57","76","79","44"
"2019","4","A","골목상권","1000761","상도로62길","1933","1117","816","1","153","362","550","527","340","0","61","169","314","311","262","1","92","193","236","216","78"
"2019","4","A","골목상권","1000760","상도로61길","3697","2231","1466","2","394","1053","1227","711","310","1","181","582","728","474","265","1","213","471","499","237","45"
"2019","4","A","골목상권","1000759","상도로47길","4010","2271","1739","9","727","1086","924","812","452","2","295","617","564","515","278","7","432","469","360","297","174"
"2019","4","A","골목상권","1000758","상도로37길","3599","2069","1530","10","672","958","800","740","419","2","280","566","495","470","256","8","392","392","305","270","163"
"2019","4","A","골목상권","1000757","상도로15길","1942","868","1074","3","243","407","492","433","364","1","97","191","200","190","189","2","146","216","292","243","175"
"2019","4","A","골목상권","1000756","사당로8길","3051","1713","1338","5","420","652","846","673","455","2","233","371","412","358","337","3","187","281","434","315","118"
"2019","4","A","골목상권","1000755","사당로30길","4369","2277","2092","10","835","1153","1133","825","413","3","260","553","638","536","287","7","575","600","495","289","126"
"2019","4","A","골목상권","1000754","사당로2차길","1302","661","641","1","117","247","369","351","217","0","51","97","163","189","161","1","66","150","206","162","56"
"2019","4","A","골목상권","1000753","사당로29길","2228","971","1257","8","346","546","597","423","308","2","115","239","240","179","196","6","231","307","357","244","112"
"2019","4","A","골목상권","1000752","사당로26길","2913","1431","1482","9","462","693","827","564","358","3","125","313","394","328","268","6","337","380","433","236","90"
"2019","4","A","골목상권","1000751","사당로23나길","812","325","487","6","86","151","226","231","112","2","31","64","86","83","59","4","55","87","140","148","53"
"2019","4","A","골목상권","1000750","사당로23길","2564","1477","1087","2","375","669","724","589","205","0","155","372","462","340","148","2","220","297","262","249","57"
"2019","4","A","골목상권","1000749","사당로20길","2063","1118","945","2","202","327","503","461","568","1","68","173","235","242","399","1","134","154","268","219","169"
"2019","4","A","골목상권","1000748","사당로16길","2477","1382","1095","5","230","400","562","527","753","4","89","206","258","287","538","1","141","194","304","240","215"
"2019","4","A","골목상권","1000747","사당로16가길","2654","1356","1298","4","250","442","656","587","715","1","100","198","276","290","491","3","150","244","380","297","224"
"2019","4","A","골목상권","1000746","만양로8길","3874","2130","1744","16","458","910","1022","916","552","12","220","525","600","457","316","4","238","385","422","459","236"
"2019","4","A","골목상권","1000745","만양로14길","2229","1309","920","5","276","620","582","441","305","3","124","366","376","257","183","2","152","254","206","184","122"
"2019","4","A","골목상권","1000744","등용로14길","7845","4648","3197","23","1135","2520","2134","1471","562","5","551","1437","1312","971","372","18","584","1083","822","500","190"
"2019","4","A","골목상권","1000743","동작대로7길","6637","3536","3101","14","1181","1731","1791","1201","719","5","378","879","981","748","545","9","803","852","810","453","174"
"2019","4","A","골목상권","1000742","동작대로35길","10962","4797","6165","17","1959","2951","3541","1891","603","7","626","1219","1646","977","322","10","1333","1732","1895","914","281"
"2019","4","A","골목상권","1000741","동작대로33길","11847","5006","6841","21","2065","3104","3615","2141","901","7","655","1273","1648","1003","420","14","1410","1831","1967","1138","481"
"2019","4","A","골목상권","1000740","동작대로29길","994","517","477","11","141","240","257","220","125","4","62","144","150","95","62","7","79","96","107","125","63"
"2019","4","A","골목상권","1000739","동작대로17길","5364","2626","2738","17","970","1213","1289","1038","837","7","293","560","624","565","577","10","677","653","665","473","260"
"2019","4","A","골목상권","1000738","대방동2길","17384","11015","6369","45","3429","3433","2729","4199","3549","24","2705","2797","1735","1952","1802","21","724","636","994","2247","1747"
"2019","4","A","골목상권","1000737","대방동27길","6476","4371","2105","8","1104","1427","1274","1795","868","4","608","983","873","1329","574","4","496","444","401","466","294"
"2019","4","A","골목상권","1000736","노량진로6길","6430","3598","2832","12","829","2037","1763","1276","513","3","377","1057","1021","823","317","9","452","980","742","453","196"
"2019","4","A","골목상권","1000735","국사봉길","1329","794","535","0","156","279","375","333","186","0","89","167","226","187","125","0","67","112","149","146","61"
"2019","4","A","골목상권","1000734","국사봉2길","16980","10887","6093","45","3354","3282","2656","4132","3511","24","2691","2728","1718","1933","1793","21","663","554","938","2199","1718"
"2019","4","A","골목상권","1000733","국사봉1길","1584","785","799","1","131","293","392","425","342","1","56","160","203","193","172","0","75","133","189","232","170"
"2019","4","A","골목상권","1000732","영신로9길","4324","2392","1932","35","628","983","987","1093","598","16","266","472","564","669","405","19","362","511","423","424","193"
"2019","4","A","골목상권","1000731","영등포로84길","3623","1678","1945","5","644","828","853","768","525","0","208","415","432","325","298","5","436","413","421","443","227"
"2019","4","A","골목상권","1000730","영등포로80길","3868","1857","2011","5","675","857","902","843","586","0","227","446","467","376","341","5","448","411","435","467","245"
"2019","4","A","골목상권","1000729","영등포로62길","1535","807","728","0","180","291","398","358","308","0","90","154","209","172","182","0","90","137","189","186","126"
"2019","4","A","골목상권","1000728","영등포로35길","3743","2275","1468","13","481","839","982","801","627","3","199","498","671","501","403","10","282","341","311","300","224"
"2019","4","A","골목상권","1000727","영등포로27길","5132","3063","2069","16","646","1200","1379","1042","849","7","257","654","882","657","606","9","389","546","497","385","243"
"2019","4","A","골목상권","1000726","영등포로25길","4637","2851","1786","11","528","977","1227","968","926","8","233","526","752","628","704","3","295","451","475","340","222"
"2019","4","A","골목상권","1000725","여의대방로61길","2949","1404","1545","7","608","751","745","478","360","1","203","349","366","243","242","6","405","402","379","235","118"
"2019","4","A","골목상권","1000724","여의대방로43나길","5885","4255","1630","6","967","1226","1133","1796","757","3","627","927","831","1350","517","3","340","299","302","446","240"
"2019","4","A","골목상권","1000723","여의대방로39길","4878","3529","1349","7","977","1162","986","1391","355","4","580","851","736","1108","250","3","397","311","250","283","105"
"2019","4","A","골목상권","1000722","여의대방로35길","3514","2250","1264","10","543","813","758","681","709","6","255","551","506","431","501","4","288","262","252","250","208"
"2019","4","A","골목상권","1000721","양평로28길","4121","2648","1473","9","479","886","1062","1067","618","5","262","568","640","676","497","4","217","318","422","391","121"
"2019","4","A","골목상권","1000720","양평로22라길","3947","2397","1550","9","528","912","1053","971","474","7","246","533","641","592","378","2","282","379","412","379","96"
"2019","4","A","골목상권","1000719","양평로19길","12312","6912","5400","37","2423","3545","3426","1789","1092","14","1069","2162","1915","964","788","23","1354","1383","1511","825","304"
"2019","4","A","골목상권","1000718","신길로60길","2096","1143","953","6","233","502","492","463","400","3","101","231","241","257","310","3","132","271","251","206","90"
"2019","4","A","골목상권","1000717","신길로42길","2009","1150","859","1","285","382","450","463","428","0","134","216","245","248","307","1","151","166","205","215","121"
"2019","4","A","골목상권","1000716","신길로42가길","2613","1392","1221","2","300","531","552","602","626","0","115","242","257","330","448","2","185","289","295","272","178"
"2019","4","A","골목상권","1000715","신길로39길","1624","885","739","3","153","276","372","412","408","3","56","129","191","217","289","0","97","147","181","195","119"
"2019","4","A","골목상권","1000714","신길로17길","2074","1208","866","10","201","480","645","489","249","6","111","294","326","293","178","4","90","186","319","196","71"
"2019","4","A","골목상권","1000713","선유서로28길","8052","4859","3193","42","1648","1899","1904","1475","1084","16","782","1211","1134","885","831","26","866","688","770","590","253"
"2019","4","A","골목상권","1000712","선유서로25길","5139","3803","1336","16","639","1291","1234","1015","944","8","380","982","931","738","764","8","259","309","303","277","180"
"2019","4","A","골목상권","1000711","선유서로24길","21565","11414","10151","134","5245","5295","4660","4210","2021","41","2258","3680","2454","1433","1548","93","2987","1615","2206","2777","473"
"2019","4","A","골목상권","1000710","선유로55길","11192","6156","5036","34","2214","3241","3133","1594","976","12","909","1925","1762","863","685","22","1305","1316","1371","731","291"
"2019","4","A","골목상권","1000709","디지털로74길","3431","1633","1798","8","825","802","852","647","297","5","236","391","415","370","216","3","589","411","437","277","81"
"2019","4","A","골목상권","1000708","디지털로57길","3660","2126","1534","6","365","498","748","904","1139","2","138","274","418","537","757","4","227","224","330","367","382"
"2019","4","A","골목상권","1000707","디지털로37길","4034","2188","1846","14","496","685","822","869","1148","4","168","334","424","498","760","10","328","351","398","371","388"
"2019","4","A","골목상권","1000706","도신로62길","2200","1144","1056","1","286","498","432","527","456","0","136","293","252","234","229","1","150","205","180","293","227"
"2019","4","A","골목상권","1000705","도신로60길","1226","653","573","0","195","316","261","240","214","0","101","172","136","130","114","0","94","144","125","110","100"
"2019","4","A","골목상권","1000704","도신로29길","1719","1132","587","6","200","400","496","391","226","4","96","271","345","264","152","2","104","129","151","127","74"
"2019","4","A","골목상권","1000703","도신로15길","2731","1586","1145","13","351","604","689","593","481","9","113","303","382","417","362","4","238","301","307","176","119"
"2019","4","A","골목상권","1000702","도림천로21길","16544","9657","6887","62","3622","5751","4140","1811","1158","25","1584","3459","2646","1167","776","37","2038","2292","1494","644","382"
"2019","4","A","골목상권","1000701","도림로63길","1116","737","379","1","109","196","295","301","214","1","67","121","196","185","167","0","42","75","99","116","47"
"2019","4","A","골목상권","1000700","도림로147길","7404","4074","3330","18","1114","1583","1783","1996","910","8","551","993","1053","914","555","10","563","590","730","1082","355"
"2019","4","A","골목상권","1000699","도림로112길","2150","1459","691","15","234","495","588","503","315","12","114","332","403","351","247","3","120","163","185","152","68"
"2019","4","A","골목상권","1000698","대림로8길","4605","2251","2354","2","1248","1295","964","692","404","2","397","692","541","364","255","0","851","603","423","328","149"
"2019","4","A","골목상권","1000697","대림로7길","4645","2570","2075","23","889","1417","1171","731","414","10","390","839","617","439","275","13","499","578","554","292","139"
"2019","4","A","골목상권","1000696","대림로44길","3546","2539","1007","12","462","923","1058","707","384","4","238","679","832","498","288","8","224","244","226","209","96"
"2019","4","A","골목상권","1000695","대림로34길","4794","3313","1481","17","573","1130","1337","1040","697","5","302","803","978","691","534","12","271","327","359","349","163"
"2019","4","A","골목상권","1000694","대림로31길","10368","6914","3454","23","1094","2203","2562","2468","2018","10","623","1669","1934","1500","1178","13","471","534","628","968","840"
"2019","4","A","골목상권","1000693","대림로29길","4656","2704","1952","8","477","756","1032","1146","1237","3","202","437","581","669","812","5","275","319","451","477","425"
"2019","4","A","골목상권","1000692","대림로22길","2553","1429","1124","4","346","439","576","665","523","0","120","239","318","379","373","4","226","200","258","286","150"
"2019","4","A","골목상권","1000691","당산로46길","8780","6183","2597","24","1222","2120","2253","1927","1234","7","607","1407","1660","1519","983","17","615","713","593","408","251"
"2019","4","A","골목상권","1000690","당산로38길","8580","5024","3556","27","1840","2474","1641","1561","1037","16","831","1378","1033","1030","736","11","1009","1096","608","531","301"
"2019","4","A","골목상권","1000689","당산로37길","15876","8761","7115","47","3483","4772","3765","2292","1517","19","1432","2703","2175","1412","1020","28","2051","2069","1590","880","497"
"2019","4","A","골목상권","1000688","당산로31길","10118","5475","4643","23","1984","2768","1970","1996","1377","12","921","1575","1172","1036","759","11","1063","1193","798","960","618"
"2019","4","A","골목상권","1000687","국회대로56길","7059","4101","2958","19","1498","1616","1611","1355","960","8","503","894","1064","912","720","11","995","722","547","443","240"
"2019","4","A","골목상권","1000686","경인로90길","8808","5069","3739","42","1724","2588","2335","1430","689","12","663","1422","1475","944","553","30","1061","1166","860","486","136"
"2019","4","A","골목상권","1000685","경인로80길","7895","4673","3222","27","1441","2116","2130","1375","806","12","590","1213","1330","869","659","15","851","903","800","506","147"
"2019","4","A","골목상권","1000684","경인로77길","9316","5310","4006","29","1778","2513","2454","1603","939","13","707","1384","1482","980","744","16","1071","1129","972","623","195"
"2019","4","A","골목상권","1000683","가마산로61길","1070","583","487","2","103","236","288","262","179","2","38","119","148","149","127","0","65","117","140","113","52"
"2019","4","A","골목상권","1000682","시흥대로94길","3087","1766","1321","5","376","577","670","873","586","1","181","319","357","475","433","4","195","258","313","398","153"
"2019","4","A","골목상권","1000681","시흥대로84길","2024","1141","883","7","263","457","509","515","273","7","154","272","276","239","193","0","109","185","233","276","80"
"2019","4","A","골목상권","1000680","시흥대로68길","3004","1558","1446","17","589","756","680","628","334","12","262","413","337","291","243","5","327","343","343","337","91"
"2019","4","A","골목상권","1000679","시흥대로63길","4531","2302","2229","14","696","1219","1043","1045","514","9","287","547","499","618","342","5","409","672","544","427","172"
"2019","4","A","골목상권","1000678","시흥대로62가길","1944","884","1060","7","319","366","487","501","264","6","131","171","219","198","159","1","188","195","268","303","105"
"2019","4","A","골목상권","1000677","시흥대로36길","6991","3889","3102","12","537","1047","1616","1813","1966","3","263","660","896","911","1156","9","274","387","720","902","810"
"2019","4","A","골목상권","1000676","시흥대로22길","7401","4380","3021","13","527","1004","1703","1940","2214","4","281","663","978","1049","1405","9","246","341","725","891","809"
"2019","4","A","골목상권","1000675","시흥대로153길","2904","1507","1397","14","271","410","599","654","956","3","147","225","331","361","440","11","124","185","268","293","516"
"2019","4","A","골목상권","1000674","시흥대로150길","2340","1417","923","11","307","444","603","596","379","2","156","255","331","374","299","9","151","189","272","222","80"
"2019","4","A","골목상권","1000673","시흥대로141길","2749","1758","991","11","335","507","624","710","562","1","182","304","358","472","441","10","153","203","266","238","121"
"2019","4","A","골목상권","1000672","시흥대로138길","1885","1086","799","3","234","356","463","464","365","2","140","212","278","251","203","1","94","144","185","213","162"
"2019","4","A","골목상권","1000671","시흥대로120길","2685","1613","1072","5","314","444","570","715","637","2","180","268","334","415","414","3","134","176","236","300","223"
"2019","4","A","골목상권","1000670","벚꽃로56길","44541","28679","15862","163","9094","13920","10927","6197","4240","105","4666","9107","7715","4003","3083","58","4428","4813","3212","2194","1157"
"2019","4","A","골목상권","1000669","범안로17길","8980","5829","3151","19","545","998","1226","1814","4378","17","335","683","803","1147","2844","2","210","315","423","667","1534"
"2019","4","A","골목상권","1000668","범안로11길","24441","16601","7840","68","2868","5378","5207","4561","6359","51","1714","3778","3789","3075","4194","17","1154","1600","1418","1486","2165"
"2019","4","A","골목상권","1000667","문성로5길","4518","3205","1313","5","299","651","854","812","1897","4","173","355","505","470","1698","1","126","296","349","342","199"
"2019","4","A","골목상권","1000666","독산로85길","1373","751","622","0","160","246","286","380","301","0","102","161","153","181","154","0","58","85","133","199","147"
"2019","4","A","골목상권","1000665","독산로78다길","1317","707","610","0","120","198","249","349","401","0","74","119","119","165","230","0","46","79","130","184","171"
"2019","4","A","골목상권","1000664","독산로70길","1667","951","716","1","164","263","322","430","487","0","89","139","159","241","323","1","75","124","163","189","164"
"2019","4","A","골목상권","1000663","독산로64길","1552","838","714","1","188","284","316","426","337","0","104","110","124","234","266","1","84","174","192","192","71"
"2019","4","A","골목상권","1000662","독산로50길","969","596","373","9","148","191","288","236","97","6","89","132","169","128","72","3","59","59","119","108","25"
"2019","4","A","골목상권","1000661","독산로40길","1493","907","586","13","224","305","427","378","146","10","140","213","255","180","109","3","84","92","172","198","37"
"2019","4","A","골목상권","1000660","독산로108길","5051","3636","1415","3","382","851","963","951","1901","2","222","511","600","604","1697","1","160","340","363","347","204"
"2019","4","A","골목상권","1000659","남부순환로112길","3662","2186","1476","10","389","688","793","691","1091","6","223","423","513","447","574","4","166","265","280","244","517"
"2019","4","A","골목상권","1000658","금하로24길","1694","977","717","6","190","373","401","418","306","6","101","216","209","248","197","0","89","157","192","170","109"
"2019","4","A","골목상권","1000657","금하로1길","1309","861","448","13","192","244","273","324","263","11","121","165","185","179","200","2","71","79","88","145","63"
"2019","4","A","골목상권","1000656","금하로14길","1288","607","681","2","125","205","348","360","248","1","49","93","161","171","132","1","76","112","187","189","116"
"2019","4","A","골목상권","1000655","가산로5길","9154","5413","3741","23","1390","2300","2163","1803","1475","18","787","1411","1336","1023","838","5","603","889","827","780","637"
"2019","4","A","골목상권","1000654","가산로3길","23895","16021","7874","85","4033","6853","5823","4192","2909","51","2156","4728","4260","2809","2017","34","1877","2125","1563","1383","892"
"2019","4","A","골목상권","1000653","중앙로1길","4765","2842","1923","4","529","1030","1138","1158","906","3","272","559","578","685","745","1","257","471","560","473","161"
"2019","4","A","골목상권","1000652","중앙로15길","1933","1250","683","4","260","436","459","525","249","2","164","302","293","302","187","2","96","134","166","223","62"
"2019","4","A","골목상권","1000651","우마길","5342","3270","2072","25","833","1287","1361","1038","798","17","423","788","849","644","549","8","410","499","512","394","249"
"2019","4","A","골목상권","1000650","오류로8길","3811","2518","1293","0","495","828","1007","944","537","0","343","518","637","630","390","0","152","310","370","314","147"
"2019","4","A","골목상권","1000649","신도림로13길","4873","3666","1207","8","483","1532","1346","976","528","7","274","1166","1084","739","396","1","209","366","262","237","132"
"2019","4","A","골목상권","1000648","새말로18길","4598","2651","1947","27","706","1196","1260","917","492","22","309","679","715","580","346","5","397","517","545","337","146"
"2019","4","A","골목상권","1000647","부일로1길","1888","1465","423","18","192","326","368","542","442","18","141","226","251","420","409","0","51","100","117","122","33"
"2019","4","A","골목상권","1000646","부일로15길","1310","802","508","5","102","218","319","369","297","3","47","111","192","236","213","2","55","107","127","133","84"
"2019","4","A","골목상권","1000645","부일로11길","1720","1024","696","5","168","338","435","483","291","2","80","194","255","302","191","3","88","144","180","181","100"
"2019","4","A","골목상권","1000644","디지털로32길","31052","18997","12055","82","6292","10839","8243","3635","1961","41","3001","6929","5356","2275","1395","41","3291","3910","2887","1360","566"
"2019","4","A","골목상권","1000643","디지털로32가길","30685","18890","11795","91","6090","10431","8067","3738","2268","44","2879","6638","5296","2379","1654","47","3211","3793","2771","1359","614"
"2019","4","A","골목상권","1000642","디지털로27길","25237","17450","7787","110","5318","8414","6118","3275","2002","74","2853","5869","4654","2327","1673","36","2465","2545","1464","948","329"
"2019","4","A","골목상권","1000641","도림로6길","6429","3922","2507","27","1035","1625","1619","1139","984","17","516","990","1001","717","681","10","519","635","618","422","303"
"2019","4","A","골목상권","1000640","도림로12길","4678","3284","1394","31","973","1404","1228","671","371","25","611","1005","911","451","281","6","362","399","317","220","90"
"2019","4","A","골목상권","1000639","남부순환로97길","6429","3568","2861","39","1174","1596","1362","1449","809","20","683","1075","689","609","492","19","491","521","673","840","317"
"2019","4","A","골목상권","1000638","구로중앙로8길","3151","2084","1067","3","289","590","787","902","580","2","135","345","514","657","431","1","154","245","273","245","149"
"2019","4","A","골목상권","1000637","구로중앙로7길","2087","1421","666","5","155","309","476","695","447","4","69","168","321","517","342","1","86","141","155","178","105"
"2019","4","A","골목상권","1000636","구로중앙로42길","8795","6396","2399","17","795","2277","2343","1997","1366","12","449","1687","1744","1454","1050","5","346","590","599","543","316"
"2019","4","A","골목상권","1000635","구로중앙로34길","4585","2949","1636","10","784","1122","1177","922","570","5","474","763","783","561","363","5","310","359","394","361","207"
"2019","4","A","골목상권","1000634","구로중앙로28길","11038","7181","3857","17","1421","2453","2823","2514","1810","11","859","1802","1962","1466","1081","6","562","651","861","1048","729"
"2019","4","A","골목상권","1000633","구로중앙로19길","5187","2873","2314","7","627","1401","1218","1332","602","3","283","752","655","825","355","4","344","649","563","507","247"
"2019","4","A","골목상권","1000632","구로동로8길","1826","1008","818","8","227","363","411","392","425","5","109","206","208","203","277","3","118","157","203","189","148"
"2019","4","A","골목상권","1000631","구로동로7길","10253","7086","3167","39","1979","3388","2613","1445","789","26","1082","2345","1916","1080","637","13","897","1043","697","365","152"
"2019","4","A","골목상권","1000630","구로동로42길","4570","2045","2525","17","721","1027","1027","1117","661","6","260","393","430","567","389","11","461","634","597","550","272"
"2019","4","A","골목상권","1000629","구로동로41길","1500","697","803","4","173","249","328","434","312","2","70","131","172","153","169","2","103","118","156","281","143"
"2019","4","A","골목상권","1000628","구로동로38길","4541","2539","2002","7","562","1227","1055","1197","493","3","265","649","588","744","290","4","297","578","467","453","203"
"2019","4","A","골목상권","1000627","구로동로28길","4421","2563","1858","7","555","1246","1028","1084","501","3","246","655","557","765","337","4","309","591","471","319","164"
"2019","4","A","골목상권","1000626","구로동로15길","9924","6864","3060","40","1967","3389","2578","1344","606","26","1065","2359","1911","1002","501","14","902","1030","667","342","105"
"2019","4","A","골목상권","1000625","공원로6가길","6922","4441","2481","32","1107","1791","1942","1338","712","25","618","1156","1274","878","490","7","489","635","668","460","222"
"2019","4","A","골목상권","1000624","고척로52길","5315","3889","1426","9","400","1118","1534","1736","518","8","220","818","1142","1346","355","1","180","300","392","390","163"
"2019","4","A","골목상권","1000623","고척로27다길","1272","690","582","2","130","300","292","316","232","0","67","141","129","171","182","2","63","159","163","145","50"
"2019","4","A","골목상권","1000622","고척로27길","1596","885","711","1","163","351","388","405","288","0","84","177","178","219","227","1","79","174","210","186","61"
"2019","4","A","골목상권","1000621","고척로21나길","2229","1322","907","6","254","485","526","593","365","1","143","291","294","322","271","5","111","194","232","271","94"
"2019","4","A","골목상권","1000620","경인로47길","3644","2363","1281","2","400","761","863","902","716","2","204","446","507","589","615","0","196","315","356","313","101"
"2019","4","A","골목상권","1000619","경인로35길","3129","1831","1298","12","258","628","829","788","614","10","132","353","463","446","427","2","126","275","366","342","187"
"2019","4","A","골목상권","1000618","경인로31길","1321","763","558","3","145","345","328","294","206","2","72","197","167","165","160","1","73","148","161","129","46"
"2019","4","A","골목상권","1000617","경인로15길","1956","1167","789","6","166","351","482","573","378","5","82","195","271","328","286","1","84","156","211","245","92"
"2019","4","A","골목상권","1000616","개봉로3길","1322","779","543","1","198","272","305","307","239","1","89","152","174","189","174","0","109","120","131","118","65"
"2019","4","A","골목상권","1000615","개봉로2길","5631","2907","2724","35","1132","1548","1201","1212","503","17","640","1025","577","408","240","18","492","523","624","804","263"
"2019","4","A","골목상권","1000614","개봉로23가길","7606","3974","3632","10","649","1443","1959","2251","1294","6","369","795","938","1066","800","4","280","648","1021","1185","494"
"2019","4","A","골목상권","1000613","개봉로20길","6983","3822","3161","39","1217","1718","1520","1607","882","20","698","1124","756","688","536","19","519","594","764","919","346"
"2019","4","A","골목상권","1000612","개봉로1길","1291","852","439","1","188","309","317","260","216","1","87","216","219","170","159","0","101","93","98","90","57"
"2019","4","A","골목상권","1000611","개봉로17다길","5444","3013","2431","39","1161","1422","1168","1064","590","20","647","952","554","430","410","19","514","470","614","634","180"
"2019","4","A","골목상권","1000610","개봉로17길","4721","2485","2236","38","1140","1373","992","856","322","20","640","925","436","272","192","18","500","448","556","584","130"
"2019","4","A","골목상권","1000609","개봉로11길","2872","1300","1572","8","426","520","734","793","391","6","221","284","279","271","239","2","205","236","455","522","152"
"2019","4","A","골목상권","1000608","화곡로64길","13331","7853","5478","57","2469","3328","2997","2781","1699","22","1004","2243","2108","1478","998","35","1465","1085","889","1303","701"
"2019","4","A","골목상권","1000607","화곡로59길","11331","6520","4811","40","1642","2904","2786","2885","1074","12","758","1821","1740","1562","627","28","884","1083","1046","1323","447"
"2019","4","A","골목상권","1000606","화곡로44나길","5789","3797","1992","7","665","1442","1348","1460","867","3","304","817","856","1079","738","4","361","625","492","381","129"
"2019","4","A","골목상권","1000605","화곡로31길","4177","2189","1988","5","936","866","839","823","708","2","261","447","439","500","540","3","675","419","400","323","168"
"2019","4","A","골목상권","1000604","화곡로20길","2589","1431","1158","2","298","541","572","670","506","1","151","319","306","360","294","1","147","222","266","310","212"
"2019","4","A","골목상권","1000603","화곡로13길","1740","973","767","0","175","324","466","509","266","0","88","167","239","280","199","0","87","157","227","229","67"
"2019","4","A","골목상권","1000602","초원로16길","3604","1800","1804","11","311","461","647","1096","1078","4","143","281","387","446","539","7","168","180","260","650","539"
"2019","4","A","골목상권","1000601","초록마을로8길","1780","1021","759","8","205","404","487","444","232","6","98","257","294","223","143","2","107","147","193","221","89"
"2019","4","A","골목상권","1000600","초록마을로3길","4067","2605","1462","5","851","847","792","820","752","1","292","509","512","627","664","4","559","338","280","193","88"
"2019","4","A","골목상권","1000599","월정로20길","1930","1221","709","16","185","388","520","593","228","14","101","241","326","364","175","2","84","147","194","229","53"
"2019","4","A","골목상권","1000598","우장산로6길","1666","914","752","0","263","279","400","447","277","0","121","145","190","247","211","0","142","134","210","200","66"
"2019","4","A","골목상권","1000597","양천로73가길","3841","2556","1285","6","468","916","933","886","632","5","216","579","604","617","535","1","252","337","329","269","97"
"2019","4","A","골목상권","1000596","양천로71길","12540","4429","8111","21","2025","4005","3917","1801","771","9","628","1414","1004","748","626","12","1397","2591","2913","1053","145"
"2019","4","A","골목상권","1000595","양천로49길","5710","3599","2111","14","619","1180","1278","1459","1160","8","317","748","781","891","854","6","302","432","497","568","306"
"2019","4","A","골목상권","1000594","양천로26길","1360","872","488","2","176","295","335","366","186","1","97","186","187","243","158","1","79","109","148","123","28"
"2019","4","A","골목상권","1000593","양천로24길","1923","1097","826","6","242","403","499","508","265","5","130","249","270","267","176","1","112","154","229","241","89"
"2019","4","A","골목상권","1000592","양천로24가길","3150","2066","1084","10","315","559","942","851","473","8","176","349","645","541","347","2","139","210","297","310","126"
"2019","4","A","골목상권","1000591","양천로14길","3079","2104","975","7","260","550","863","863","536","5","152","337","608","574","428","2","108","213","255","289","108"
"2019","4","A","골목상권","1000590","방화대로6라길","1476","921","555","1","151","323","422","380","199","0","75","205","270","236","135","1","76","118","152","144","64"
"2019","4","A","골목상권","1000589","방화대로21길","4053","2046","2007","9","399","636","737","1110","1162","2","171","370","450","466","587","7","228","266","287","644","575"
"2019","4","A","골목상권","1000588","등촌로5길","2909","1351","1558","1","685","836","638","492","257","0","154","367","327","300","203","1","531","469","311","192","54"
"2019","4","A","골목상권","1000587","등촌로55길","2946","1834","1112","12","417","636","755","673","453","6","182","401","449","436","360","6","235","235","306","237","93"
"2019","4","A","골목상권","1000586","등촌로51길","2282","1364","918","6","305","436","562","553","420","2","122","234","317","346","343","4","183","202","245","207","77"
"2019","4","A","골목상권","1000585","등촌로39길","3594","2050","1544","2","439","705","865","921","662","1","209","366","530","552","392","1","230","339","335","369","270"
"2019","4","A","골목상권","1000584","등촌로13길","1203","700","503","1","108","234","301","339","220","1","43","137","149","206","164","0","65","97","152","133","56"
"2019","4","A","골목상권","1000583","남부순환로11길","1314","880","434","1","137","302","376","307","191","0","65","187","249","219","160","1","72","115","127","88","31"
"2019","4","A","골목상권","1000582","까치산로4길","3059","1643","1416","17","504","787","803","634","314","13","203","444","433","368","182","4","301","343","370","266","132"
"2019","4","A","골목상권","1000581","국회대로7길","3300","1523","1777","3","685","796","697","710","409","2","176","352","364","372","257","1","509","444","333","338","152"
"2019","4","A","골목상권","1000580","공항대로8길","1968","1203","765","5","230","409","479","485","360","1","96","238","291","308","269","4","134","171","188","177","91"
"2019","4","A","골목상권","1000579","공항대로61길","4789","3049","1740","16","648","1117","1101","1068","839","12","278","664","694","742","659","4","370","453","407","326","180"
"2019","4","A","골목상권","1000578","공항대로59다길","6422","4014","2408","16","810","1474","1724","1593","805","12","342","868","1122","1036","634","4","468","606","602","557","171"
"2019","4","A","골목상권","1000577","공항대로59길","5310","3325","1985","18","847","1253","1193","1161","838","13","380","761","731","777","663","5","467","492","462","384","175"
"2019","4","A","골목상권","1000576","공항대로55길","9865","6181","3684","31","1979","2664","2300","1763","1128","17","724","1698","1692","1235","815","14","1255","966","608","528","313"
"2019","4","A","골목상권","1000575","공항대로42길","3316","1427","1889","1","310","526","643","669","1167","0","105","248","294","275","505","1","205","278","349","394","662"
"2019","4","A","골목상권","1000574","공항대로38길","3757","1683","2074","5","359","584","714","748","1347","3","140","299","351","300","590","2","219","285","363","448","757"
"2019","4","A","골목상권","1000573","곰달래로60길","3810","1592","2218","2","835","1029","833","744","367","1","201","419","386","358","227","1","634","610","447","386","140"
"2019","4","A","골목상권","1000572","곰달래로53길","1091","644","447","6","124","230","256","292","183","3","64","138","139","170","130","3","60","92","117","122","53"
"2019","4","A","골목상권","1000571","곰달래로47길","2067","1097","970","8","272","603","564","430","190","5","138","324","274","230","126","3","134","279","290","200","64"
"2019","4","A","골목상권","1000570","곰달래로31길","2412","1359","1053","7","336","644","672","497","256","6","167","356","345","309","176","1","169","288","327","188","80"
"2019","4","A","골목상권","1000569","곰달래로25길","1684","862","822","4","226","323","432","439","260","4","93","173","200","216","176","0","133","150","232","223","84"
"2019","4","A","골목상권","1000568","개화동로25길","32037","16958","15079","3","5511","10823","8819","5927","954","0","1268","4466","5153","5250","821","3","4243","6357","3666","677","133"
"2019","4","A","골목상권","1000567","개화동로23길","33039","17452","15587","6","5602","10936","8956","6162","1377","3","1294","4523","5237","5403","992","3","4308","6413","3719","759","385"
"2019","4","A","골목상권","1000566","강서로8길","2287","1239","1048","7","267","470","599","607","337","6","107","274","315","309","228","1","160","196","284","298","109"
"2019","4","A","골목상권","1000565","강서로5라길","1890","1096","794","2","190","367","491","500","340","2","100","215","266","260","253","0","90","152","225","240","87"
"2019","4","A","골목상권","1000564","강서로5나길","2286","1480","806","16","205","464","622","688","291","14","108","299","404","432","223","2","97","165","218","256","68"
"2019","4","A","골목상권","1000563","강서로5가길","2258","1213","1045","14","236","427","598","647","336","14","110","260","336","316","177","0","126","167","262","331","159"
"2019","4","A","골목상권","1000562","강서로47라길","1942","898","1044","3","163","335","537","634","270","1","67","145","191","295","199","2","96","190","346","339","71"
"2019","4","A","골목상권","1000561","강서로47길","1969","880","1089","2","184","371","567","584","261","0","65","170","200","256","189","2","119","201","367","328","72"
"2019","4","A","골목상권","1000560","강서로45다길","5741","3586","2155","10","725","1321","1435","1418","832","8","394","860","870","833","621","2","331","461","565","585","211"
"2019","4","A","골목상권","1000559","강서로45길","5233","3255","1978","11","661","1237","1345","1320","659","7","374","831","801","751","491","4","287","406","544","569","168"
"2019","4","A","골목상권","1000558","강서로35길","2339","1233","1106","3","315","457","541","584","439","2","120","244","274","298","295","1","195","213","267","286","144"
"2019","4","A","골목상권","1000557","강서로29길","2908","1388","1520","8","437","616","661","679","507","5","155","333","333","310","252","3","282","283","328","369","255"
"2019","4","A","골목상권","1000556","강서로18길","3094","1910","1184","8","395","789","840","724","338","6","204","465","465","506","264","2","191","324","375","218","74"
"2019","4","A","골목상권","1000555","강서로17가길","1813","1078","735","5","151","300","482","566","309","3","65","172","258","359","221","2","86","128","224","207","88"
"2019","4","A","골목상권","1000554","강서로15길","3243","2104","1139","16","288","577","845","1038","479","14","156","350","503","697","384","2","132","227","342","341","95"
"2019","4","A","골목상권","1000553","가로공원로80길","2802","1680","1122","7","268","522","665","806","534","4","127","316","384","519","330","3","141","206","281","287","204"
"2019","4","A","골목상권","1000552","가로공원로76가길","2785","1828","957","5","213","451","706","945","465","3","113","266","432","654","360","2","100","185","274","291","105"
"2019","4","A","골목상권","1000551","화곡로4길","2028","986","1042","0","243","472","465","510","338","0","79","193","198","269","247","0","164","279","267","241","91"
"2019","4","A","골목상권","1000550","화곡로3길","1610","737","873","7","235","411","427","385","145","4","83","171","183","194","102","3","152","240","244","191","43"
"2019","4","A","골목상권","1000549","지양로7길","2827","1640","1187","3","253","384","528","705","954","3","148","238","319","415","517","0","105","146","209","290","437"
"2019","4","A","골목상권","1000548","중앙로55길","2507","1271","1236","9","217","443","656","756","426","8","101","261","324","332","245","1","116","182","332","424","181"
"2019","4","A","골목상권","1000547","중앙로51길","3024","1674","1350","13","263","472","809","831","636","10","146","264","390","418","446","3","117","208","419","413","190"
"2019","4","A","골목상권","1000546","중앙로47길","3972","3000","972","4","365","821","893","526","1363","1","161","497","664","384","1293","3","204","324","229","142","70"
"2019","4","A","골목상권","1000545","중앙로45길","3498","2631","867","7","219","369","584","690","1629","2","100","196","307","489","1537","5","119","173","277","201","92"
"2019","4","A","골목상권","1000544","중앙로36길","791","390","401","2","98","168","182","188","153","1","34","74","76","101","104","1","64","94","106","87","49"
"2019","4","A","골목상권","1000543","중앙로32길","8051","4620","3431","28","1512","2034","1907","1652","918","24","525","1230","1141","1015","685","4","987","804","766","637","233"
"2019","4","A","골목상권","1000542","중앙로25길","7155","4352","2803","28","946","1851","2058","1487","785","23","504","1161","1353","798","513","5","442","690","705","689","272"
"2019","4","A","골목상권","1000541","은행정로7길","3893","2310","1583","12","838","600","564","661","1218","5","255","285","302","379","1084","7","583","315","262","282","134"
"2019","4","A","골목상권","1000540","은행정로5길","1327","635","692","2","144","276","287","361","257","1","64","127","122","161","160","1","80","149","165","200","97"
"2019","4","A","골목상권","1000539","오목로5길","2561","1546","1015","4","195","376","587","789","610","2","85","207","321","472","459","2","110","169","266","317","151"
"2019","4","A","골목상권","1000538","오목로3길","2742","1990","752","4","147","302","554","918","817","1","67","167","346","666","743","3","80","135","208","252","74"
"2019","4","A","골목상권","1000537","오목로30길","4088","2402","1686","10","840","599","639","729","1271","4","255","300","329","403","1111","6","585","299","310","326","160"
"2019","4","A","골목상권","1000536","오목로23길","3264","1648","1616","17","848","638","695","686","380","12","275","352","381","355","273","5","573","286","314","331","107"
"2019","4","A","골목상권","1000535","신월로20길","1527","957","570","4","142","247","376","387","371","1","63","127","219","235","312","3","79","120","157","152","59"
"2019","4","A","골목상권","1000534","신월로15길","2407","1676","731","3","127","263","503","781","730","1","55","139","295","540","646","2","72","124","208","241","84"
"2019","4","A","골목상권","1000533","신목로6길","12839","7152","5687","66","2407","4118","3253","2274","721","31","945","2195","1983","1461","537","35","1462","1923","1270","813","184"
"2019","4","A","골목상권","1000532","신목로5길","16076","9739","6337","89","2806","5277","4081","2815","1008","66","1341","3237","2618","1825","652","23","1465","2040","1463","990","356"
"2019","4","A","골목상권","1000531","신목로2길","12127","6779","5348","66","2275","3961","3073","2106","646","31","881","2114","1895","1374","484","35","1394","1847","1178","732","162"
"2019","4","A","골목상권","1000530","목동중앙서로8가길","3429","1541","1888","4","775","990","813","625","222","2","162","421","430","357","169","2","613","569","383","268","53"
"2019","4","A","골목상권","1000529","목동중앙서로7길","3933","2050","1883","5","799","1056","935","771","367","1","207","513","540","490","299","4","592","543","395","281","68"
"2019","4","A","골목상권","1000528","목동중앙북로8길","5137","3009","2128","3","654","1082","1257","1263","878","1","306","610","760","777","555","2","348","472","497","486","323"
"2019","4","A","골목상권","1000527","목동중앙북로16길","4358","2547","1811","4","563","963","1287","1088","453","3","237","480","842","697","288","1","326","483","445","391","165"
"2019","4","A","골목상권","1000526","목동중앙본로7길","1797","936","861","4","178","368","433","510","304","4","74","204","205","262","187","0","104","164","228","248","117"
"2019","4","A","골목상권","1000525","목동중앙로3길","2498","1211","1287","5","284","548","763","592","306","3","124","269","308","274","233","2","160","279","455","318","73"
"2019","4","A","골목상권","1000524","목동중앙로13나길","1935","1252","683","3","235","575","543","388","191","2","117","338","357","309","129","1","118","237","186","79","62"
"2019","4","A","골목상권","1000523","목동중앙남로3가길","1936","1069","867","4","198","454","465","515","300","4","84","266","236","278","201","0","114","188","229","237","99"
"2019","4","A","골목상권","1000522","목동로9길","3502","1840","1662","9","474","817","876","787","539","6","193","430","467","419","325","3","281","387","409","368","214"
"2019","4","A","골목상권","1000521","목동로19길","4271","2529","1742","5","433","753","802","903","1375","2","127","341","390","513","1156","3","306","412","412","390","219"
"2019","4","A","골목상권","1000520","목동동로8길","7239","4481","2758","17","1024","2056","1883","1549","710","7","587","1395","1220","855","417","10","437","661","663","694","293"
"2019","4","A","골목상권","1000519","목동동로12길","18134","10297","7837","113","3684","5643","4400","2944","1350","79","1501","3168","2724","1900","925","34","2183","2475","1676","1044","425"
"2019","4","A","골목상권","1000518","목동남로4길","2104","1223","881","7","250","507","529","468","343","4","135","297","283","263","241","3","115","210","246","205","102"
"2019","4","A","골목상권","1000517","남부순환로88길","1848","1273","575","3","104","257","445","634","405","0","44","151","292","462","324","3","60","106","153","172","81"
"2019","4","A","골목상권","1000516","남부순환로79길","1692","1022","670","2","120","245","415","542","368","0","52","135","225","326","284","2","68","110","190","216","84"
"2019","4","A","골목상권","1000515","남부순환로70길","3594","2662","932","4","319","506","739","1074","952","2","174","321","493","818","854","2","145","185","246","256","98"
"2019","4","A","골목상권","1000514","남부순환로58길","1480","847","633","5","182","327","383","415","168","2","95","187","217","232","114","3","87","140","166","183","54"
"2019","4","A","골목상권","1000513","남부순환로40길","1841","1020","821","1","202","347","410","483","398","0","76","153","193","291","307","1","126","194","217","192","91"
"2019","4","A","골목상권","1000512","남부순환로33길","2613","1436","1177","1","269","561","577","680","525","1","123","285","299","393","335","0","146","276","278","287","190"
"2019","4","A","골목상권","1000511","곰달래로5길","2566","1425","1141","4","268","481","549","681","583","2","114","246","271","409","383","2","154","235","278","272","200"
"2019","4","A","골목상권","1000510","곰달래로3길","2129","1259","870","4","211","408","549","685","272","2","109","227","303","420","198","2","102","181","246","265","74"
"2019","4","A","골목상권","1000509","곰달래로2길","2257","1536","721","7","230","371","520","739","390","3","127","237","340","512","317","4","103","134","180","227","73"
"2019","4","A","골목상권","1000508","곰달래로10길","2455","1620","835","7","239","416","579","788","426","4","126","267","371","520","332","3","113","149","208","268","94"
"2019","4","A","골목상권","1000507","가로공원로58길","1014","585","429","0","101","169","214","309","221","0","36","63","107","199","180","0","65","106","107","110","41"
"2019","4","A","골목상권","1000506","효창원로93길","2738","1473","1265","2","542","627","683","599","285","2","280","380","336","297","178","0","262","247","347","302","107"
"2019","4","A","골목상권","1000505","토정로37길","13888","8500","5388","13","2141","3321","3206","2759","2448","9","1058","2025","2191","1716","1501","4","1083","1296","1015","1043","947"
"2019","4","A","골목상권","1000504","월드컵로8길","11509","5833","5676","65","2414","3563","2751","1693","1023","44","994","1657","1451","962","725","21","1420","1906","1300","731","298"
"2019","4","A","골목상권","1000503","월드컵로7길","4418","2232","2186","10","765","1063","1090","828","662","5","284","491","597","448","407","5","481","572","493","380","255"
"2019","4","A","골목상권","1000502","월드컵로36길","2648","1228","1420","9","317","493","697","735","397","5","115","244","323","308","233","4","202","249","374","427","164"
"2019","4","A","골목상권","1000501","월드컵로25길","1959","1087","872","2","220","387","547","456","347","1","108","213","284","253","228","1","112","174","263","203","119"
"2019","4","A","골목상권","1000500","월드컵로19길","3830","2335","1495","6","552","727","826","640","1079","4","245","377","435","391","883","2","307","350","391","249","196"
"2019","4","A","골목상권","1000499","월드컵로16길","5122","2926","2196","8","667","1007","1290","994","1156","6","275","518","675","560","892","2","392","489","615","434","264"
"2019","4","A","골목상권","1000498","월드컵로11길","3309","1814","1495","5","567","778","860","607","492","3","240","408","469","357","337","2","327","370","391","250","155"
"2019","4","A","골목상권","1000497","월드컵로10길","6092","3082","3010","13","1002","1583","1610","1144","740","9","385","750","851","614","473","4","617","833","759","530","267"
"2019","4","A","골목상권","1000496","와우산로3길","3074","1839","1235","31","670","929","704","480","260","20","304","547","460","315","193","11","366","382","244","165","67"
"2019","4","A","골목상권","1000495","와우산로29길","3716","1999","1717","20","767","935","869","695","430","12","394","551","457","325","260","8","373","384","412","370","170"
"2019","4","A","골목상권","1000494","와우산로29가길","5051","3328","1723","21","803","1159","1271","1061","736","13","427","759","872","692","565","8","376","400","399","369","171"
"2019","4","A","골목상권","1000493","양화진길","3858","2187","1671","6","650","1068","1001","766","367","5","243","557","643","507","232","1","407","511","358","259","135"
"2019","4","A","골목상권","1000492","양화로1길","4275","2265","2010","10","759","1169","1058","771","508","7","296","545","634","448","335","3","463","624","424","323","173"
"2019","4","A","골목상권","1000491","양화로11길","10929","5400","5529","63","2297","3451","2604","1577","937","44","939","1550","1336","868","663","19","1358","1901","1268","709","274"
"2019","4","A","골목상권","1000490","신촌로30길","1379","724","655","2","346","446","283","177","125","1","133","247","148","106","89","1","213","199","135","71","36"
"2019","4","A","골목상권","1000489","신촌로28가길","752","296","456","1","103","194","203","152","99","1","32","69","62","63","69","0","71","125","141","89","30"
"2019","4","A","골목상권","1000488","신촌로12길","3946","1781","2165","10","815","883","900","792","546","3","354","427","403","298","296","7","461","456","497","494","250"
"2019","4","A","골목상권","1000487","숭문길","6842","4186","2656","89","1444","1619","1501","1382","807","34","700","979","985","950","538","55","744","640","516","432","269"
"2019","4","A","골목상권","1000486","숭문8길","2735","1664","1071","0","255","423","605","849","603","0","76","246","380","560","402","0","179","177","225","289","201"
"2019","4","A","골목상권","1000485","성지3길","3664","2180","1484","10","552","1062","1011","686","343","8","213","554","666","485","254","2","339","508","345","201","89"
"2019","4","A","골목상권","1000484","성산로4길","7479","4521","2958","22","897","1523","1696","2154","1187","12","500","1039","1117","1133","720","10","397","484","579","1021","467"
"2019","4","A","골목상권","1000483","성미산로32길","2558","1512","1046","6","463","625","587","513","364","5","196","354","324","336","297","1","267","271","263","177","67"
"2019","4","A","골목상권","1000482","성미산로1길","7338","4500","2838","19","916","1345","1544","1879","1635","11","463","915","1012","927","1172","8","453","430","532","952","463"
"2019","4","A","골목상권","1000481","성미산로11길","4046","2664","1382","13","538","998","1026","845","626","11","263","603","695","608","484","2","275","395","331","237","142"
"2019","4","A","골목상권","1000480","백범로16길","11843","6682","5161","92","2239","2925","2945","2427","1215","37","1118","1683","1682","1366","796","55","1121","1242","1263","1061","419"
"2019","4","A","골목상권","1000479","방울내로9안길","5395","3168","2227","19","670","1008","1186","1654","858","10","361","737","806","762","492","9","309","271","380","892","366"
"2019","4","A","골목상권","1000478","모래내로7길","1886","1205","681","3","178","335","447","527","396","2","80","176","294","372","281","1","98","159","153","155","115"
"2019","4","A","골목상권","1000477","매봉산로2길","7758","4869","2889","7","1643","2988","2130","779","211","4","769","1962","1426","552","156","3","874","1026","704","227","55"
"2019","4","A","골목상권","1000476","망원로2길","3573","1970","1603","12","911","970","773","517","390","5","529","512","375","277","272","7","382","458","398","240","118"
"2019","4","A","골목상권","1000475","망원로11길","6899","4290","2609","16","825","1251","1414","1794","1599","8","432","864","941","892","1153","8","393","387","473","902","446"
"2019","4","A","골목상권","1000474","만리재옛길","7898","4890","3008","27","1351","2535","2248","1325","412","3","689","1516","1496","931","255","24","662","1019","752","394","157"
"2019","4","A","골목상권","1000473","마포대로4길","12997","8041","4956","19","1972","3107","3139","2694","2066","14","945","1877","2168","1723","1314","5","1027","1230","971","971","752"
"2019","4","A","골목상권","1000472","마포대로20길","6189","3402","2787","3","1075","2041","1828","915","327","2","565","1167","973","506","189","1","510","874","855","409","138"
"2019","4","A","골목상권","1000471","마포대로12길","16374","9997","6377","89","3461","4980","4450","2701","693","33","1440","2797","3042","2155","530","56","2021","2183","1408","546","163"
"2019","4","A","골목상권","1000470","동교로38길","4017","2115","1902","12","763","1016","954","794","478","8","301","513","522","438","333","4","462","503","432","356","145"
"2019","4","A","골목상권","1000469","동교로27길","7445","4120","3325","26","1274","1892","1719","1388","1146","18","516","1053","1063","794","676","8","758","839","656","594","470"
"2019","4","A","골목상권","1000468","동교로25길","8136","4596","3540","29","1403","2144","1878","1494","1188","21","558","1182","1203","898","734","8","845","962","675","596","454"
"2019","4","A","골목상권","1000467","동교로19길","7995","4255","3740","21","1245","2157","2011","1503","1058","16","468","1122","1242","803","604","5","777","1035","769","700","454"
"2019","4","A","골목상권","1000466","동교로17길","9387","5193","4194","24","1595","2393","2243","1567","1565","15","606","1172","1268","928","1204","9","989","1221","975","639","361"
"2019","4","A","골목상권","1000465","독막로8길","3879","2189","1690","16","779","1135","970","653","326","8","300","606","606","432","237","8","479","529","364","221","89"
"2019","4","A","골목상권","1000464","독막로32길","5866","3312","2554","13","738","1526","1597","1417","575","10","314","725","890","950","423","3","424","801","707","467","152"
"2019","4","A","골목상권","1000463","독막로22길","2658","1530","1128","5","344","594","712","599","404","2","126","277","409","394","322","3","218","317","303","205","82"
"2019","4","A","골목상권","1000462","도화길","17974","9976","7998","28","3098","4346","4235","3811","2456","16","1498","2609","2619","1790","1444","12","1600","1737","1616","2021","1012"
"2019","4","A","골목상권","1000461","도화4길","16876","9892","6984","39","2983","3895","3920","3784","2255","21","1543","2617","2510","1864","1337","18","1440","1278","1410","1920","918"
"2019","4","A","골목상권","1000460","대흥로28길","947","375","572","2","105","198","264","236","142","1","26","55","84","118","91","1","79","143","180","118","51"
"2019","4","A","골목상권","1000459","대흥로21길","5558","2516","3042","66","2280","1294","799","703","416","23","848","602","358","411","274","43","1432","692","441","292","142"
"2019","4","A","골목상권","1000458","광성로6길","4309","2311","1998","8","585","1137","1113","1048","418","5","221","510","610","672","293","3","364","627","503","376","125"
"2019","4","A","골목상권","1000457","홍제내길","1474","745","729","1","180","256","379","425","233","1","74","127","203","209","131","0","106","129","176","216","102"
"2019","4","A","골목상권","1000456","홍연길","2909","1921","988","55","808","746","494","546","260","30","461","584","302","346","198","25","347","162","192","200","62"
"2019","4","A","골목상권","1000455","통일로39길","1448","749","699","3","167","225","380","479","194","1","48","109","194","270","127","2","119","116","186","209","67"
"2019","4","A","골목상권","1000454","통일로37길","1828","904","924","3","190","271","490","592","282","1","55","136","237","310","165","2","135","135","253","282","117"
"2019","4","A","골목상권","1000453","통일로11길","1521","816","705","4","161","295","393","422","246","2","53","134","211","250","166","2","108","161","182","172","80"
"2019","4","A","골목상권","1000452","충정로6길","21254","12909","8345","55","3567","6876","5753","3722","1281","25","1596","4024","3722","2578","964","30","1971","2852","2031","1144","317"
"2019","4","A","골목상권","1000451","충정로4길","10911","6497","4414","17","1800","3206","2959","2041","888","11","900","1947","1794","1228","617","6","900","1259","1165","813","271"
"2019","4","A","골목상권","1000450","증가로6길","2897","2017","880","35","517","820","647","602","276","30","323","586","463","407","208","5","194","234","184","195","68"
"2019","4","A","골목상권","1000449","증가로23나길","3726","1805","1921","9","539","808","864","920","586","4","162","387","432","471","349","5","377","421","432","449","237"
"2019","4","A","골목상권","1000448","증가로20가길","2033","1107","926","1","239","515","577","488","213","0","83","293","306","266","159","1","156","222","271","222","54"
"2019","4","A","골목상권","1000447","증가로10길","3090","1973","1117","30","543","972","736","605","204","27","332","651","463","354","146","3","211","321","273","251","58"
"2019","4","A","골목상권","1000446","응암로1길","3491","1774","1717","7","541","903","813","720","507","3","175","500","462","351","283","4","366","403","351","369","224"
"2019","4","A","골목상권","1000445","연희로10길","7041","5233","1808","4","896","1621","1470","2337","713","1","563","1074","991","2003","601","3","333","547","479","334","112"
"2019","4","A","골목상권","1000444","신촌로37길","3846","2292","1554","2","702","1092","944","679","427","1","330","659","579","444","279","1","372","433","365","235","148"
"2019","4","A","골목상권","1000443","수색로8길","2218","1603","615","0","96","232","309","462","1119","0","38","113","136","297","1019","0","58","119","173","165","100"
"2019","4","A","골목상권","1000442","세무서길","1599","845","754","5","180","231","420","513","250","1","46","119","204","309","166","4","134","112","216","204","84"
"2019","4","A","골목상권","1000441","세무서2길","1768","917","851","4","192","268","468","568","268","2","55","142","231","312","175","2","137","126","237","256","93"
"2019","4","A","골목상권","1000440","세검정로1길","7951","1661","6290","3","250","578","2095","3756","1269","1","93","194","366","496","511","2","157","384","1729","3260","758"
"2019","4","A","골목상권","1000439","북아현로4길","4173","2515","1658","3","713","1133","1023","806","495","1","334","709","630","512","329","2","379","424","393","294","166"
"2019","4","A","골목상권","1000438","모래내로15길","5054","3015","2039","12","419","756","963","1282","1622","8","251","488","593","697","978","4","168","268","370","585","644"
"2019","4","A","골목상권","1000437","명지대길","3551","2329","1222","30","580","1061","886","691","303","26","350","746","591","413","203","4","230","315","295","278","100"
"2019","4","A","골목상권","1000436","독립문로8길","4382","2674","1708","6","482","812","1071","1165","846","3","222","487","686","712","564","3","260","325","385","453","282"
"2019","4","A","골목상권","1000435","가재울로6길","888","539","349","0","77","134","240","276","161","0","36","70","145","173","115","0","41","64","95","103","46"
"2019","4","A","골목상권","1000434","통일로92길","2182","1011","1171","7","335","535","557","460","288","5","118","274","240","197","177","2","217","261","317","263","111"
"2019","4","A","골목상권","1000433","통일로87길","2146","1024","1122","9","346","519","538","443","291","6","121","268","251","200","178","3","225","251","287","243","113"
"2019","4","A","골목상권","1000432","통일로78길","3460","1707","1753","7","332","481","609","702","1329","2","143","252","274","297","739","5","189","229","335","405","590"
"2019","4","A","골목상권","1000431","통일로69길","1346","637","709","8","153","255","386","330","214","7","69","128","175","134","124","1","84","127","211","196","90"
"2019","4","A","골목상권","1000430","진흥로1길","3173","1417","1756","4","333","557","870","870","539","0","110","254","400","372","281","4","223","303","470","498","258"
"2019","4","A","골목상권","1000429","진흥로12길","2905","1340","1565","8","388","754","791","621","343","6","145","313","368","289","219","2","243","441","423","332","124"
"2019","4","A","골목상권","1000428","증산서길","2915","2010","905","0","232","477","547","595","1064","0","102","264","283","399","962","0","130","213","264","196","102"
"2019","4","A","골목상권","1000427","증산로9길","2163","1494","669","2","280","583","607","471","220","2","139","419","427","332","175","0","141","164","180","139","45"
"2019","4","A","골목상권","1000426","증산로5길","2072","1401","671","0","258","547","578","460","229","0","121","397","406","324","153","0","137","150","172","136","76"
"2019","4","A","골목상권","1000425","증산로21길","2416","1375","1041","1","253","492","645","577","448","1","133","247","349","321","324","0","120","245","296","256","124"
"2019","4","A","골목상권","1000424","증산로17길","1533","971","562","1","158","267","349","407","351","1","105","154","187","236","288","0","53","113","162","171","63"
"2019","4","A","골목상권","1000423","증산로15길","1952","1466","486","3","198","393","502","526","330","3","141","289","360","382","291","0","57","104","142","144","39"
"2019","4","A","골목상권","1000422","증산로13길","2140","1515","625","3","216","497","551","539","334","3","112","344","398","384","274","0","104","153","153","155","60"
"2019","4","A","골목상권","1000421","응암로34길","2471","1323","1148","3","276","441","524","582","645","2","123","210","269","282","437","1","153","231","255","300","208"
"2019","4","A","골목상권","1000420","응암로22길","1297","807","490","1","145","210","288","366","287","1","79","121","163","219","224","0","66","89","125","147","63"
"2019","4","A","골목상권","1000419","응암로14길","1013","417","596","1","128","206","284","266","128","0","35","71","108","122","81","1","93","135","176","144","47"
"2019","4","A","골목상권","1000418","응암로13길","1445","689","756","2","130","245","361","401","306","1","40","79","135","204","230","1","90","166","226","197","76"
"2019","4","A","골목상권","1000417","응암로12길","1435","563","872","1","166","271","408","394","195","0","45","84","145","163","126","1","121","187","263","231","69"
"2019","4","A","골목상권","1000416","은평로8길","2497","1530","967","3","244","406","580","610","654","2","113","215","332","354","514","1","131","191","248","256","140"
"2019","4","A","골목상권","1000415","은평로3길","2891","1471","1420","3","254","536","804","767","527","1","96","257","390","370","357","2","158","279","414","397","170"
"2019","4","A","골목상권","1000414","은평로20길","3249","1745","1504","5","395","859","865","854","271","3","193","415","422","525","187","2","202","444","443","329","84"
"2019","4","A","골목상권","1000413","은평로13길","4882","2635","2247","11","464","981","1167","1295","964","5","204","443","579","730","674","6","260","538","588","565","290"
"2019","4","A","골목상권","1000412","은평로10길","2810","1504","1306","6","287","449","620","714","734","4","131","216","311","338","504","2","156","233","309","376","230"
"2019","4","A","골목상권","1000411","연서로5길","3063","1436","1627","3","492","601","791","742","434","1","202","274","346","323","290","2","290","327","445","419","144"
"2019","4","A","골목상권","1000410","연서로41길","2016","1078","938","1","100","185","246","350","1134","0","42","105","102","176","653","1","58","80","144","174","481"
"2019","4","A","골목상권","1000409","연서로3길","2341","1159","1182","5","259","448","668","606","355","2","111","227","323","264","232","3","148","221","345","342","123"
"2019","4","A","골목상권","1000408","연서로34길","2541","1241","1300","4","149","280","401","486","1221","2","53","139","160","202","685","2","96","141","241","284","536"
"2019","4","A","골목상권","1000407","연서로33길","2718","1375","1343","3","170","344","389","525","1287","1","57","190","184","226","717","2","113","154","205","299","570"
"2019","4","A","골목상권","1000406","연서로29길","2086","818","1268","9","331","486","525","473","262","6","84","193","201","183","151","3","247","293","324","290","111"
"2019","4","A","골목상권","1000405","연서로28길","2622","1207","1415","11","448","580","692","556","335","6","144","281","297","265","214","5","304","299","395","291","121"
"2019","4","A","골목상권","1000404","연서로27길","2703","1310","1393","12","373","580","685","599","454","7","109","276","302","294","322","5","264","304","383","305","132"
"2019","4","A","골목상권","1000403","연서로21길","4079","2411","1668","10","316","591","958","1350","854","6","125","324","486","850","620","4","191","267","472","500","234"
"2019","4","A","골목상권","1000402","연서로17길","4262","2441","1821","10","328","658","981","1413","872","3","130","338","493","861","616","7","198","320","488","552","256"
"2019","4","A","골목상권","1000401","연서로16길","3513","1430","2083","12","551","724","911","861","454","3","172","291","372","331","261","9","379","433","539","530","193"
"2019","4","A","골목상권","1000400","연서로13길","4099","2157","1942","11","554","694","881","1307","652","2","181","304","429","794","447","9","373","390","452","513","205"
"2019","4","A","골목상권","1000399","연서로11길","2285","1161","1124","10","456","477","497","471","374","3","193","221","235","256","253","7","263","256","262","215","121"
"2019","4","A","골목상권","1000398","역말로9길","2151","1132","1019","3","261","472","592","464","359","3","101","238","301","230","259","0","160","234","291","234","100"
"2019","4","A","골목상권","1000397","수색로18길","570","385","185","0","61","95","137","169","108","0","25","54","96","122","88","0","36","41","41","47","20"
"2019","4","A","골목상권","1000396","서오릉로8길","2126","1123","1003","11","274","456","566","478","341","8","113","217","290","250","245","3","161","239","276","228","96"
"2019","4","A","골목상권","1000395","서오릉로21길","2587","1706","881","2","196","423","582","951","433","0","71","199","318","750","368","2","125","224","264","201","65"
"2019","4","A","골목상권","1000394","불광천길","1739","1013","726","2","175","341","436","474","311","2","94","177","240","274","226","0","81","164","196","200","85"
"2019","4","A","골목상권","1000393","갈현로7길","2513","1162","1351","8","465","592","616","529","303","2","160","291","307","215","187","6","305","301","309","314","116"
"2019","4","A","골목상권","1000392","갈현로41길","1687","960","727","7","251","413","396","381","239","4","139","253","226","189","149","3","112","160","170","192","90"
"2019","4","A","골목상권","1000391","갈현로33길","1587","732","855","5","210","381","379","418","194","2","90","175","175","167","123","3","120","206","204","251","71"
"2019","4","A","골목상권","1000390","갈현로1길","1825","900","925","6","304","414","399","358","344","1","100","195","204","167","233","5","204","219","195","191","111"
"2019","4","A","골목상권","1000389","가좌로7길","2176","1151","1025","0","223","439","587","577","350","0","87","234","282","302","246","0","136","205","305","275","104"
"2019","4","A","골목상권","1000388","한글비석로44길","1614","800","814","3","101","158","255","416","681","2","45","84","104","182","383","1","56","74","151","234","298"
"2019","4","A","골목상권","1000387","한글비석로24길","1357","635","722","6","134","222","327","384","284","2","41","105","152","179","156","4","93","117","175","205","128"
"2019","4","A","골목상권","1000386","한글비석로22길","1955","947","1008","7","220","393","505","492","338","2","81","195","259","208","202","5","139","198","246","284","136"
"2019","4","A","골목상권","1000385","석계로1길","1699","812","887","4","181","273","422","477","342","2","66","112","183","225","224","2","115","161","239","252","118"
"2019","4","A","골목상권","1000384","상계로9가길","1790","778","1012","6","219","309","471","494","291","4","76","161","196","203","138","2","143","148","275","291","153"
"2019","4","A","골목상권","1000383","상계로1길","1710","765","945","3","199","318","434","471","285","0","74","174","195","192","130","3","125","144","239","279","155"
"2019","4","A","골목상권","1000382","상계로12길","2778","1526","1252","15","390","539","719","680","435","11","153","297","366","381","318","4","237","242","353","299","117"
"2019","4","A","골목상권","1000381","동일로242길","1655","907","748","4","185","318","384","419","345","4","87","188","203","233","192","0","98","130","181","186","153"
"2019","4","A","골목상권","1000380","동일로192길","2933","1744","1189","7","250","389","576","757","954","3","125","174","285","514","643","4","125","215","291","243","311"
"2019","4","A","골목상권","1000379","동일로173가길","4507","2423","2084","7","423","581","929","1317","1250","3","198","330","466","658","768","4","225","251","463","659","482"
"2019","4","A","골목상권","1000378","공릉로58길","3479","2325","1154","5","354","680","894","1015","531","2","168","397","576","768","414","3","186","283","318","247","117"
"2019","4","A","골목상권","1000377","해등로16길","6159","3977","2182","2","696","1378","1486","1288","1309","0","374","978","1050","696","879","2","322","400","436","592","430"
"2019","4","A","골목상권","1000376","우이천로4다길","1311","783","528","4","134","226","369","393","185","1","50","132","220","253","127","3","84","94","149","140","58"
"2019","4","A","골목상권","1000375","우이천로32길","1433","692","741","0","202","304","375","355","197","0","60","133","156","173","170","0","142","171","219","182","27"
"2019","4","A","골목상권","1000374","시루봉로23길","2007","1393","614","7","171","326","422","562","519","5","88","210","238","396","456","2","83","116","184","166","63"
"2019","4","A","골목상권","1000373","삼양로144길","721","298","423","0","103","108","183","165","162","0","19","38","81","65","95","0","84","70","102","100","67"
"2019","4","A","골목상권","1000372","방학로6가길","941","461","480","1","99","154","245","255","187","1","50","76","111","123","100","0","49","78","134","132","87"
"2019","4","A","골목상권","1000371","방학로5길","1988","902","1086","4","311","470","491","452","260","2","93","231","236","191","149","2","218","239","255","261","111"
"2019","4","A","골목상권","1000370","방학로15길","2236","1446","790","7","437","536","516","461","279","7","294","319","346","250","230","0","143","217","170","211","49"
"2019","4","A","골목상권","1000369","방학로10길","1322","623","699","3","143","331","353","297","195","2","49","153","162","134","123","1","94","178","191","163","72"
"2019","4","A","골목상권","1000368","도봉산길","1275","888","387","0","43","90","247","427","468","0","15","52","178","333","310","0","28","38","69","94","158"
"2019","4","A","골목상권","1000367","도봉산4길","1096","811","285","0","23","63","199","380","431","0","9","36","157","317","292","0","14","27","42","63","139"
"2019","4","A","골목상권","1000366","도봉로181길","749","388","361","0","59","110","179","202","199","0","13","51","75","106","143","0","46","59","104","96","56"
"2019","4","A","골목상권","1000365","도봉로169나길","1230","878","352","2","64","188","229","399","348","1","24","106","144","296","307","1","40","82","85","103","41"
"2019","4","A","골목상권","1000364","도봉로156길","1281","929","352","1","66","160","250","386","418","0","22","92","148","293","374","1","44","68","102","93","44"
"2019","4","A","골목상권","1000363","도봉로152가길","1287","838","449","2","75","174","250","407","379","1","22","83","135","283","314","1","53","91","115","124","65"
"2019","4","A","골목상권","1000362","도봉로147길","2653","1366","1287","6","287","448","600","920","392","2","150","267","298","428","221","4","137","181","302","492","171"
"2019","4","A","골목상권","1000361","도봉로143길","1706","982","724","5","215","362","408","444","272","4","97","219","241","254","167","1","118","143","167","190","105"
"2019","4","A","골목상권","1000360","도봉로114길","1941","1023","918","5","269","361","447","514","345","1","92","141","236","305","248","4","177","220","211","209","97"
"2019","4","A","골목상권","1000359","도봉로109길","3318","1622","1696","7","603","745","790","742","431","4","153","339","417","416","293","3","450","406","373","326","138"
"2019","4","A","골목상권","1000358","도당로29길","2804","1527","1277","6","275","496","683","858","486","5","150","329","325","355","363","1","125","167","358","503","123"
"2019","4","A","골목상권","1000357","도당로19길","1552","583","969","3","174","260","433","537","145","3","86","151","140","127","76","0","88","109","293","410","69"
"2019","4","A","골목상권","1000356","도당로13바길","1045","467","578","0","92","205","263","215","270","0","37","93","114","102","121","0","55","112","149","113","149"
"2019","4","A","골목상권","1000355","도당로13가길","742","396","346","1","86","149","193","177","136","1","41","79","88","97","90","0","45","70","105","80","46"
"2019","4","A","골목상권","1000354","덕릉로60길","1084","606","478","2","100","216","311","274","181","1","31","122","184","148","120","1","69","94","127","126","61"
"2019","4","A","골목상권","1000353","노해로63다길","5926","3931","1995","6","637","1379","1476","1182","1246","4","352","984","1046","677","868","2","285","395","430","505","378"
"2019","4","A","골목상권","1000352","노해로60길","2005","1119","886","7","258","399","475","517","349","4","89","178","266","326","256","3","169","221","209","191","93"
"2019","4","A","골목상권","1000351","한천로140길","3507","1801","1706","6","375","859","910","874","483","5","143","394","473","511","275","1","232","465","437","363","208"
"2019","4","A","골목상권","1000350","한천로139가길","3365","1468","1897","10","307","680","719","776","873","8","97","267","327","445","324","2","210","413","392","331","549"
"2019","4","A","골목상권","1000349","한천로132길","4083","2319","1764","7","454","1047","975","1035","565","6","199","551","552","683","328","1","255","496","423","352","237"
"2019","4","A","골목상권","1000348","한천로130길","1159","597","562","1","133","204","272","293","256","1","41","90","149","145","171","0","92","114","123","148","85"
"2019","4","A","골목상권","1000347","한천로124나길","1582","1052","530","0","241","388","333","398","222","0","121","259","215","305","152","0","120","129","118","93","70"
"2019","4","A","골목상권","1000346","한천로109길","1731","911","820","10","206","332","401","448","334","7","68","155","215","251","215","3","138","177","186","197","119"
"2019","4","A","골목상권","1000345","인수봉로79길","2108","1156","952","6","278","520","511","519","274","6","117","278","273","275","207","0","161","242","238","244","67"
"2019","4","A","골목상권","1000344","인수봉로72길","3985","2568","1417","0","249","550","888","1099","1199","0","80","281","601","772","834","0","169","269","287","327","365"
"2019","4","A","골목상권","1000343","인수봉로56길","2237","1341","896","0","190","405","586","707","349","0","63","185","366","456","271","0","127","220","220","251","78"
"2019","4","A","골목상권","1000342","오패산로67길","3448","1963","1485","8","408","621","684","869","858","4","167","359","360","538","535","4","241","262","324","331","323"
"2019","4","A","골목상권","1000341","오패산로52길","1713","1004","709","2","181","340","484","464","242","2","88","176","274","293","171","0","93","164","210","171","71"
"2019","4","A","골목상권","1000340","오패산로30길","1173","548","625","8","119","172","341","288","245","6","52","74","144","127","145","2","67","98","197","161","100"
"2019","4","A","골목상권","1000339","수유로12길","3114","1486","1628","5","344","454","641","822","848","1","84","188","264","398","551","4","260","266","377","424","297"
"2019","4","A","골목상권","1000338","솔샘로65길","1680","791","889","8","123","270","394","410","475","7","33","99","167","220","265","1","90","171","227","190","210"
"2019","4","A","골목상권","1000337","솔매로50길","2145","1151","994","8","231","442","606","562","296","7","91","188","300","340","225","1","140","254","306","222","71"
"2019","4","A","골목상권","1000336","솔매로45길","1602","867","735","3","192","330","439","424","214","1","78","149","251","252","136","2","114","181","188","172","78"
"2019","4","A","골목상권","1000335","솔매로41길","1599","892","707","1","186","336","458","426","192","0","83","170","253","259","127","1","103","166","205","167","65"
"2019","4","A","골목상권","1000334","삼양로93길","2583","1532","1051","0","221","467","693","790","412","0","66","225","438","496","307","0","155","242","255","294","105"
"2019","4","A","골목상권","1000333","삼양로77길","1258","524","734","1","124","256","353","391","133","0","45","102","142","156","79","1","79","154","211","235","54"
"2019","4","A","골목상권","1000332","삼양로54길","1233","592","641","2","94","151","242","315","429","2","29","62","121","168","210","0","65","89","121","147","219"
"2019","4","A","골목상권","1000331","삼양로41길","1030","584","446","5","119","193","245","241","227","3","52","86","124","148","171","2","67","107","121","93","56"
"2019","4","A","골목상권","1000330","삼양로27길","1407","729","678","1","238","381","422","238","127","0","94","204","231","110","90","1","144","177","191","128","37"
"2019","4","A","골목상권","1000329","삼양로24길","1095","702","393","2","75","180","273","290","275","1","35","88","154","196","228","1","40","92","119","94","47"
"2019","4","A","골목상권","1000328","삼양로20길","5023","2590","2433","416","1990","1284","666","420","247","177","890","703","373","240","207","239","1100","581","293","180","40"
"2019","4","A","골목상권","1000327","삼각산로28길","4686","2178","2508","9","400","813","913","1212","1339","8","129","336","409","677","619","1","271","477","504","535","720"
"2019","4","A","골목상권","1000326","도봉로99길","1726","787","939","1","383","412","412","379","139","0","101","196","193","201","96","1","282","216","219","178","43"
"2019","4","A","골목상권","1000325","도봉로8길","860","355","505","3","132","188","214","200","123","2","33","68","83","88","81","1","99","120","131","112","42"
"2019","4","A","골목상권","1000324","도봉로76길","4137","2376","1761","5","482","796","901","1078","875","1","210","455","513","657","540","4","272","341","388","421","335"
"2019","4","A","골목상권","1000323","도봉로67길","1676","842","834","3","218","339","441","433","242","1","78","158","230","231","144","2","140","181","211","202","98"
"2019","4","A","골목상권","1000322","도봉로45길","1984","992","992","1","190","389","536","486","382","1","82","178","276","282","173","0","108","211","260","204","209"
"2019","4","A","골목상권","1000321","도봉로18길","1442","705","737","7","132","243","417","378","265","6","39","87","162","199","212","1","93","156","255","179","53"
"2019","4","A","골목상권","1000320","도봉로13길","931","573","358","1","93","187","219","267","164","1","37","98","126","181","130","0","56","89","93","86","34"
"2019","4","A","골목상권","1000319","덕릉로41길","4574","2478","2096","10","512","1051","1028","1202","771","8","199","522","530","774","445","2","313","529","498","428","326"
"2019","4","A","골목상권","1000318","덕릉로40길","981","475","506","2","125","130","270","309","145","0","52","61","101","172","89","2","73","69","169","137","56"
"2019","4","A","골목상권","1000317","노해로33길","1032","522","510","1","143","197","273","255","163","0","44","97","126","133","122","1","99","100","147","122","41"
"2019","4","A","골목상권","1000316","노해로23길","1488","1041","447","2","136","183","370","533","264","0","57","103","259","417","205","2","79","80","111","116","59"
"2019","4","A","골목상권","1000315","노해로17길","3379","1488","1891","5","286","662","736","802","888","4","89","266","337","462","330","1","197","396","399","340","558"
"2019","4","A","골목상권","1000314","화랑로40길","2188","1476","712","1","140","177","301","419","1150","0","52","85","162","259","918","1","88","92","139","160","232"
"2019","4","A","골목상권","1000313","화랑로32길","1528","947","581","4","186","373","394","357","214","0","71","233","235","238","170","4","115","140","159","119","44"
"2019","4","A","골목상권","1000312","화랑로1길","3846","2556","1290","6","357","646","771","887","1179","3","178","396","449","596","934","3","179","250","322","291","245"
"2019","4","A","골목상권","1000311","화랑로19길","1924","1083","841","4","339","477","528","372","204","1","153","280","296","204","149","3","186","197","232","168","55"
"2019","4","A","골목상권","1000310","화랑로14길","3348","2039","1309","3","554","1083","785","586","337","0","266","704","461","360","248","3","288","379","324","226","89"
"2019","4","A","골목상권","1000309","화랑로13길","3666","2389","1277","1","489","1018","810","696","652","0","231","675","508","447","528","1","258","343","302","249","124"
"2019","4","A","골목상권","1000308","한천로76길","1061","657","404","2","138","204","254","283","180","0","66","104","141","203","143","2","72","100","113","80","37"
"2019","4","A","골목상권","1000307","한천로101가길","700","312","388","6","87","145","201","154","107","4","36","61","84","55","72","2","51","84","117","99","35"
"2019","4","A","골목상권","1000306","창경궁로43길","6137","3067","3070","30","812","1435","1729","1420","711","19","288","670","898","770","422","11","524","765","831","650","289"
"2019","4","A","골목상권","1000305","지봉로20길","7371","5614","1757","7","803","2211","1513","1469","1368","2","447","1781","1218","1191","975","5","356","430","295","278","393"
"2019","4","A","골목상권","1000304","종암로5길","976","488","488","0","107","230","308","227","104","0","37","97","153","139","62","0","70","133","155","88","42"
"2019","4","A","골목상권","1000303","종암로24가길","1829","1059","770","2","233","409","426","551","208","0","115","271","248","336","89","2","118","138","178","215","119"
"2019","4","A","골목상권","1000302","종암로21길","21348","11507","9841","61","1725","5284","7395","5936","947","12","757","1915","3385","4717","721","49","968","3369","4010","1219","226"
"2019","4","A","골목상권","1000301","종암로19길","19081","9789","9292","57","1523","4879","6999","5431","192","13","621","1616","3100","4314","125","44","902","3263","3899","1117","67"
"2019","4","A","골목상권","1000300","종암로16길","1435","562","873","3","196","255","347","385","249","1","61","104","137","147","112","2","135","151","210","238","137"
"2019","4","A","골목상권","1000299","정릉로8길","1934","1384","550","15","321","601","450","314","233","14","185","439","354","247","145","1","136","162","96","67","88"
"2019","4","A","골목상권","1000298","정릉로27길","2503","1119","1384","2","395","517","679","574","336","0","110","215","269","295","230","2","285","302","410","279","106"
"2019","4","A","골목상권","1000297","정릉로26길","1495","568","927","1","255","373","406","316","144","0","62","153","129","131","93","1","193","220","277","185","51"
"2019","4","A","골목상권","1000296","장위로50길","2540","1674","866","6","201","300","339","457","1237","2","67","159","170","269","1007","4","134","141","169","188","230"
"2019","4","A","골목상권","1000295","장월로1길","3837","2383","1454","5","671","1155","920","721","365","1","334","778","573","433","264","4","337","377","347","288","101"
"2019","4","A","골목상권","1000294","인촌로6길","7167","5526","1641","11","781","2081","1360","1419","1515","5","480","1723","1109","1120","1089","6","301","358","251","299","426"
"2019","4","A","골목상권","1000293","인촌로5길","3744","2001","1743","8","384","927","1023","1089","313","2","132","383","542","741","201","6","252","544","481","348","112"
"2019","4","A","골목상권","1000292","인촌로24길","3279","2060","1219","3","363","782","950","756","425","0","148","448","603","521","340","3","215","334","347","235","85"
"2019","4","A","골목상권","1000291","개운사길","1657","853","804","1","198","454","562","333","109","0","70","197","309","202","75","1","128","257","253","131","34"
"2019","4","A","골목상권","1000290","인촌로1길","5136","2931","2205","11","550","1230","1246","1337","762","3","244","628","732","871","453","8","306","602","514","466","309"
"2019","4","A","골목상권","1000289","인촌로17가길","1215","677","538","1","241","377","311","175","110","0","115","240","168","88","66","1","126","137","143","87","44"
"2019","4","A","골목상권","1000288","오패산로4길","4408","2833","1575","4","583","1149","982","932","758","2","286","749","590","605","601","2","297","400","392","327","157"
"2019","4","A","골목상권","1000287","오패산로3길","2850","1845","1005","4","209","352","537","564","1184","4","84","169","284","372","932","0","125","183","253","192","252"
"2019","4","A","골목상권","1000286","오패산로19길","1435","649","786","8","205","309","385","334","194","7","70","129","176","158","109","1","135","180","209","176","85"
"2019","4","A","골목상권","1000285","안암로5길","4306","2796","1510","12","544","890","945","942","973","5","289","608","638","609","647","7","255","282","307","333","326"
"2019","4","A","골목상권","1000284","아리랑로4길","2365","1201","1164","21","341","481","540","576","406","16","110","203","273","322","277","5","231","278","267","254","129"
"2019","4","A","골목상권","1000283","솔샘로6길","912","567","345","0","69","143","230","271","199","0","25","73","132","188","149","0","44","70","98","83","50"
"2019","4","A","골목상권","1000282","성북로8길","4182","2354","1828","23","494","912","1411","968","374","12","211","482","771","591","287","11","283","430","640","377","87"
"2019","4","A","골목상권","1000281","삼양로8길","5716","2840","2876","421","2108","1423","856","565","343","178","934","772","460","247","249","243","1174","651","396","318","94"
"2019","4","A","골목상권","1000280","삼선교로16가길","2374","1509","865","2","288","621","698","570","195","0","104","382","484","420","119","2","184","239","214","150","76"
"2019","4","A","골목상권","1000279","삼선교로10다길","2140","1279","861","3","162","256","647","619","453","0","60","121","380","400","318","3","102","135","267","219","135"
"2019","4","A","골목상권","1000278","삼선교로10길","2448","1319","1129","4","222","314","722","727","459","2","76","134","409","421","277","2","146","180","313","306","182"
"2019","4","A","골목상권","1000277","보문로32길","3795","2025","1770","12","402","961","1025","1093","302","5","150","395","543","737","195","7","252","566","482","356","107"
"2019","4","A","골목상권","1000276","보문로31길","6816","3595","3221","9","765","1759","2112","1724","447","2","270","782","1077","1187","277","7","495","977","1035","537","170"
"2019","4","A","골목상권","1000275","보문로26길","1538","813","725","1","285","437","401","268","146","0","127","270","209","121","86","1","158","167","192","147","60"
"2019","4","A","골목상권","1000274","보문로13길","6379","4803","1576","7","521","1743","1183","1318","1607","1","318","1444","946","1014","1080","6","203","299","237","304","527"
"2019","4","A","골목상권","1000273","보국문로16길","1473","809","664","2","134","166","324","455","392","0","44","77","162","269","257","2","90","89","162","186","135"
"2019","4","A","골목상권","1000272","동소문로6길","3075","1751","1324","11","285","567","1022","837","353","4","130","325","582","467","243","7","155","242","440","370","110"
"2019","4","A","골목상권","1000271","동소문로2길","2629","1268","1361","8","361","575","735","574","376","5","162","334","362","209","196","3","199","241","373","365","180"
"2019","4","A","골목상권","1000270","동소문로26가길","2325","1062","1263","23","336","488","529","546","403","11","90","178","233","281","269","12","246","310","296","265","134"
"2019","4","A","골목상권","1000269","동소문로15길","13122","7940","5182","60","2012","3087","4057","2407","1499","26","932","1807","2691","1751","733","34","1080","1280","1366","656","766"
"2019","4","A","골목상권","1000268","동소문로13길","15530","8923","6607","61","2321","3756","4947","2768","1677","27","1042","2114","3047","1895","798","34","1279","1642","1900","873","879"
"2019","4","A","골목상권","1000267","돌곶이로8길","1501","991","510","3","168","348","339","377","266","0","78","211","198","280","224","3","90","137","141","97","42"
"2019","4","A","골목상권","1000266","돌곶이로41길","578","281","297","5","93","145","159","113","63","3","42","78","81","42","35","2","51","67","78","71","28"
"2019","4","A","골목상권","1000265","돌곶이로28길","2464","1679","785","6","192","251","323","451","1241","1","75","134","182","273","1014","5","117","117","141","178","227"
"2019","4","A","골목상권","1000264","돌곶이로27길","1146","638","508","1","113","202","254","253","323","0","35","95","119","131","258","1","78","107","135","122","65"
"2019","4","A","골목상권","1000263","돌곶이로22길","2523","1745","778","4","227","361","362","436","1133","0","104","229","227","270","915","4","123","132","135","166","218"
"2019","4","A","골목상권","1000262","돌곶이로14길","1130","729","401","3","138","285","273","289","142","0","69","183","170","195","112","3","69","102","103","94","30"
"2019","4","A","골목상권","1000261","길음로7길","2033","690","1343","9","643","584","388","269","140","0","112","217","147","119","95","9","531","367","241","150","45"
"2019","4","A","골목상권","1000260","중랑천로10길","3242","2165","1077","11","329","735","995","928","244","10","150","453","692","689","171","1","179","282","303","239","73"
"2019","4","A","골목상권","1000259","용마산로94길","1479","1008","471","1","135","212","335","428","368","0","46","122","218","335","287","1","89","90","117","93","81"
"2019","4","A","골목상권","1000258","용마산로118길","1833","1219","614","3","134","257","368","560","511","1","50","110","200","400","458","2","84","147","168","160","53"
"2019","4","A","골목상권","1000257","용마산로112길","1061","691","370","3","77","147","200","352","282","1","29","62","111","243","245","2","48","85","89","109","37"
"2019","4","A","골목상권","1000256","용마산로100길","1375","864","511","0","108","178","316","388","385","0","39","93","188","261","283","0","69","85","128","127","102"
"2019","4","A","골목상권","1000255","신내로7가길","2885","1702","1183","7","421","599","614","650","594","4","252","346","321","339","440","3","169","253","293","311","154"
"2019","4","A","골목상권","1000254","사가정로54길","2447","1561","886","4","257","394","587","682","523","4","98","209","351","486","413","0","159","185","236","196","110"
"2019","4","A","골목상권","1000253","사가정로42길","1480","984","496","2","143","326","437","379","193","2","79","194","297","268","144","0","64","132","140","111","49"
"2019","4","A","골목상권","1000252","봉화산로56길","6034","3615","2419","7","777","1325","1309","1525","1091","6","404","672","687","972","874","1","373","653","622","553","217"
"2019","4","A","골목상권","1000251","봉화산로4길","1177","649","528","7","163","237","282","241","247","6","79","99","141","134","190","1","84","138","141","107","57"
"2019","4","A","골목상권","1000250","봉화산로30길","2185","1269","916","11","274","462","498","523","417","10","120","230","272","306","331","1","154","232","226","217","86"
"2019","4","A","골목상권","1000249","봉우재로33길","2885","1792","1093","6","408","726","863","553","329","3","226","499","471","322","271","3","182","227","392","231","58"
"2019","4","A","골목상권","1000248","면목로78길","2567","1467","1100","3","353","606","757","571","277","0","176","401","378","294","218","3","177","205","379","277","59"
"2019","4","A","골목상권","1000247","면목로56길","2604","1612","992","5","254","532","633","676","504","0","94","286","378","479","375","5","160","246","255","197","129"
"2019","4","A","골목상권","1000246","면목로55길","2381","1425","956","4","284","506","594","560","433","1","120","285","316","372","331","3","164","221","278","188","102"
"2019","4","A","골목상권","1000245","면목로49길","2892","1746","1146","6","325","625","796","681","459","3","139","346","451","460","347","3","186","279","345","221","112"
"2019","4","A","골목상권","1000244","면목로48길","2802","1706","1096","6","308","506","636","752","594","2","99","241","361","531","472","4","209","265","275","221","122"
"2019","4","A","골목상권","1000243","면목로45길","2478","1502","976","5","260","477","642","635","459","2","95","236","362","453","354","3","165","241","280","182","105"
"2019","4","A","골목상권","1000242","면목로33길","1771","1210","561","3","146","273","467","639","243","2","61","154","307","496","190","1","85","119","160","143","53"
"2019","4","A","골목상권","1000241","면목로21길","1619","1149","470","1","128","228","394","595","273","1","63","138","260","478","209","0","65","90","134","117","64"
"2019","4","A","골목상권","1000240","망우로73길","1580","995","585","2","129","243","331","503","372","1","48","97","162","350","337","1","81","146","169","153","35"
"2019","4","A","골목상권","1000239","망우로68길","1840","1024","816","11","182","275","356","549","467","2","56","90","174","333","369","9","126","185","182","216","98"
"2019","4","A","골목상권","1000238","동일로163길","1116","609","507","1","113","238","281","312","171","1","33","124","148","186","117","0","80","114","133","126","54"
"2019","4","A","골목상권","1000237","동일로157길","2828","1746","1082","2","371","654","717","740","344","2","195","416","418","482","233","0","176","238","299","258","111"
"2019","4","A","골목상권","1000236","동일로149길","1644","1148","496","1","250","431","408","418","136","1","160","301","274","311","101","0","90","130","134","107","35"
"2019","4","A","골목상권","1000235","동일로140길","2688","1741","947","1","373","630","649","637","398","1","212","366","386","448","328","0","161","264","263","189","70"
"2019","4","A","골목상권","1000234","동일로139길","1911","1335","576","2","290","481","447","429","262","2","182","319","296","333","203","0","108","162","151","96","59"
"2019","4","A","골목상권","1000233","동일로139가길","2323","1520","803","2","338","578","560","546","299","2","202","364","338","382","232","0","136","214","222","164","67"
"2019","4","A","골목상권","1000232","동일로130길","1739","907","832","0","221","381","428","392","317","0","80","163","212","207","245","0","141","218","216","185","72"
"2019","4","A","골목상권","1000231","동일로123길","2657","1671","986","4","253","497","628","611","664","2","112","252","362","403","540","2","141","245","266","208","124"
"2019","4","A","골목상권","1000230","동일로112길","4163","2571","1592","5","455","878","1184","921","720","0","216","554","654","565","582","5","239","324","530","356","138"
"2019","4","A","골목상권","1000229","동일로101길","1342","738","604","2","111","223","316","394","296","1","38","102","165","210","222","1","73","121","151","184","74"
"2019","4","A","골목상권","1000228","동일로100길","3062","1918","1144","5","382","644","840","712","479","1","186","437","469","435","390","4","196","207","371","277","89"
"2019","4","A","골목상권","1000227","답십리로75길","1647","1158","489","2","146","269","413","594","223","1","61","158","284","477","177","1","85","111","129","117","46"
"2019","4","A","골목상권","1000226","공릉로2길","1693","846","847","0","190","354","448","430","271","0","59","167","211","219","190","0","131","187","237","211","81"
"2019","4","A","골목상권","1000225","공릉로12가길","1387","675","712","5","120","302","379","375","206","1","41","141","168","184","140","4","79","161","211","191","66"
"2019","4","A","골목상권","1000224","겸재로54길","1723","989","734","2","149","360","435","489","288","0","52","182","235","314","206","2","97","178","200","175","82"
"2019","4","A","골목상권","1000223","겸재로36길","1894","1125","769","2","224","410","491","451","316","1","99","235","263","282","245","1","125","175","228","169","71"
"2019","4","A","골목상권","1000222","겸재로29길","2514","1442","1072","3","356","591","717","548","299","0","154","393","354","299","242","3","202","198","363","249","57"
"2019","4","A","골목상권","1000221","휘경로3길","1648","978","670","1","105","240","504","490","308","1","31","114","291","337","204","0","74","126","213","153","104"
"2019","4","A","골목상권","1000220","휘경로2길","3049","1311","1738","1","618","820","765","547","298","0","109","292","374","339","197","1","509","528","391","208","101"
"2019","4","A","골목상권","1000219","휘경로23길","614","320","294","1","67","110","160","169","107","1","22","58","78","92","69","0","45","52","82","77","38"
"2019","4","A","골목상권","1000218","휘경로14길","1479","863","616","2","157","276","399","372","273","0","59","153","246","256","149","2","98","123","153","116","124"
"2019","4","A","골목상권","1000217","한천로46길","2745","1664","1081","7","257","609","744","699","429","4","108","329","405","450","368","3","149","280","339","249","61"
"2019","4","A","골목상권","1000216","한천로40길","3901","2396","1505","42","1579","638","549","630","463","24","890","432","324","364","362","18","689","206","225","266","101"
"2019","4","A","골목상권","1000215","한천로33길","3866","2281","1585","44","1555","669","619","604","375","25","889","443","365","303","256","19","666","226","254","301","119"
"2019","4","A","골목상권","1000214","한천로14길","4755","3015","1740","10","482","875","1053","1151","1184","8","265","564","729","724","725","2","217","311","324","427","459"
"2019","4","A","골목상권","1000213","천호대로97길","2965","1783","1182","3","272","446","561","649","1034","1","124","255","305","374","724","2","148","191","256","275","310"
"2019","4","A","골목상권","1000212","천호대로77길","7115","4648","2467","42","1435","1733","1428","1183","1294","11","692","1167","993","781","1004","31","743","566","435","402","290"
"2019","4","A","골목상권","1000211","천호대로45길","3003","1572","1431","4","394","735","773","837","260","3","173","340","347","530","179","1","221","395","426","307","81"
"2019","4","A","골목상권","1000210","천호대로17길","6749","4474","2275","19","1205","1945","1500","1062","1018","8","649","1242","1040","758","777","11","556","703","460","304","241"
"2019","4","A","골목상권","1000209","천호대로12길","7588","3791","3797","17","654","1869","2390","2008","650","5","311","1118","1104","826","427","12","343","751","1286","1182","223"
"2019","4","A","골목상권","1000208","천장산로7길","1507","887","620","1","143","268","481","414","200","1","46","118","281","284","157","0","97","150","200","130","43"
"2019","4","A","골목상권","1000207","제기로5길","935","590","345","1","67","174","296","222","175","1","33","90","177","153","136","0","34","84","119","69","39"
"2019","4","A","골목상권","1000206","제기로21길","2839","1722","1117","3","462","786","682","637","269","2","167","399","457","465","232","1","295","387","225","172","37"
"2019","4","A","골목상권","1000205","전농로4길","4531","3351","1180","21","816","1152","1084","816","642","20","613","873","800","557","488","1","203","279","284","259","154"
"2019","4","A","골목상권","1000204","전농로3길","5028","2106","2922","6","712","1005","1480","1452","373","3","484","665","450","279","225","3","228","340","1030","1173","148"
"2019","4","A","골목상권","1000203","전농로29길","2714","1526","1188","4","365","562","704","736","343","1","149","259","429","454","234","3","216","303","275","282","109"
"2019","4","A","골목상권","1000202","장한로8길","5023","3212","1811","13","542","925","1072","1109","1362","9","274","576","665","701","987","4","268","349","407","408","375"
"2019","4","A","골목상권","1000201","장한로5길","5323","3412","1911","16","511","879","1104","1211","1602","12","281","571","744","755","1049","4","230","308","360","456","553"
"2019","4","A","골목상권","1000200","장한로27길","5011","2537","2474","51","1855","967","882","799","457","31","974","542","372","353","265","20","881","425","510","446","192"
"2019","4","A","골목상권","1000199","장한로27가길","5462","2697","2765","50","1892","1073","1078","938","431","31","977","583","448","388","270","19","915","490","630","550","161"
"2019","4","A","골목상권","1000198","장한로26길","4475","2559","1916","13","776","1044","1177","953","512","9","415","600","587","556","392","4","361","444","590","397","120"
"2019","4","A","골목상권","1000197","장한로26가길","3157","1546","1611","2","436","691","837","757","434","1","156","334","371","389","295","1","280","357","466","368","139"
"2019","4","A","골목상권","1000196","장한로25길","2822","1232","1590","11","422","622","742","672","353","8","155","291","285","291","202","3","267","331","457","381","151"
"2019","4","A","골목상권","1000195","장한로14길","2657","1721","936","1","344","567","590","714","441","0","183","363","374","464","337","1","161","204","216","250","104"
"2019","4","A","골목상권","1000194","이문로42길","1875","896","979","2","236","373","458","469","337","1","77","189","213","209","207","1","159","184","245","260","130"
"2019","4","A","골목상권","1000193","왕산로43길","2884","1522","1362","2","423","750","539","578","592","2","174","472","259","286","329","0","249","278","280","292","263"
"2019","4","A","골목상권","1000192","왕산로33길","1277","685","592","3","165","207","251","351","300","2","71","118","146","162","186","1","94","89","105","189","114"
"2019","4","A","골목상권","1000191","왕산로32길","2790","1398","1392","4","356","682","704","775","269","3","136","293","297","488","181","1","220","389","407","287","88"
"2019","4","A","골목상권","1000190","약령시로17길","1197","647","550","0","100","194","256","364","283","0","47","96","132","171","201","0","53","98","124","193","82"
"2019","4","A","골목상권","1000189","서울시립대로4길","1374","920","454","5","205","281","370","322","191","3","135","171","236","225","150","2","70","110","134","97","41"
"2019","4","A","골목상권","1000188","서울시립대로29길","2817","1495","1322","5","375","592","640","678","527","2","120","239","337","390","407","3","255","353","303","288","120"
"2019","4","A","골목상권","1000187","서울시립대로16길","1212","705","507","2","157","239","338","315","161","1","73","132","206","200","93","1","84","107","132","115","68"
"2019","4","A","골목상권","1000186","사가정로2길","5921","2739","3182","6","842","1281","1651","1543","598","1","558","846","593","346","395","5","284","435","1058","1197","203"
"2019","4","A","골목상권","1000185","사가정로23가길","2757","1624","1133","7","243","514","745","769","479","4","107","272","387","451","403","3","136","242","358","318","76"
"2019","4","A","골목상권","1000184","사가정로13길","3844","2135","1709","3","409","833","1054","1019","526","1","191","398","597","596","352","2","218","435","457","423","174"
"2019","4","A","골목상권","1000183","무학로45길","3892","2514","1378","6","635","942","861","797","651","1","265","586","560","574","528","5","370","356","301","223","123"
"2019","4","A","골목상권","1000182","무학로16길","6673","4996","1677","44","537","1158","1534","2228","1172","30","339","869","1214","1655","889","14","198","289","320","573","283"
"2019","4","A","골목상권","1000181","망우로21길","2985","1539","1446","4","476","624","771","769","341","1","138","335","448","437","180","3","338","289","323","332","161"
"2019","4","A","골목상권","1000180","망우로18길","3637","1908","1729","3","523","764","946","984","417","1","160","354","548","589","256","2","363","410","398","395","161"
"2019","4","A","골목상권","1000179","망우로18가길","1678","939","739","2","157","343","451","474","251","0","74","131","251","308","175","2","83","212","200","166","76"
"2019","4","A","골목상권","1000178","답십리로72길","4692","2705","1987","14","840","1135","1265","971","467","10","456","674","650","563","352","4","384","461","615","408","115"
"2019","4","A","골목상권","1000177","답십리로69길","2975","1406","1569","4","394","595","796","749","437","2","133","276","322","362","311","2","261","319","474","387","126"
"2019","4","A","골목상권","1000176","답십리로68길","4296","2087","2209","10","547","830","982","1006","921","9","238","431","475","481","453","1","309","399","507","525","468"
"2019","4","A","골목상권","1000175","답십리로64길","3592","1860","1732","14","351","550","734","948","995","11","178","315","412","456","488","3","173","235","322","492","507"
"2019","4","A","골목상권","1000174","답십리로63길","3950","2081","1869","49","1679","741","663","541","277","31","917","445","284","227","177","18","762","296","379","314","100"
"2019","4","A","골목상권","1000173","답십리로60길","2814","1528","1286","10","218","367","546","730","943","8","104","213","339","376","488","2","114","154","207","354","455"
"2019","4","A","골목상권","1000172","답십리로56길","1642","966","676","7","193","331","415","414","282","5","84","182","226","261","208","2","109","149","189","153","74"
"2019","4","A","골목상권","1000171","답십리로23길","621","354","267","0","53","109","142","155","162","0","36","69","95","81","73","0","17","40","47","74","89"
"2019","4","A","골목상권","1000170","난계로30길","11888","6465","5423","26","1011","2333","3278","3040","2200","15","518","1425","1712","1450","1345","11","493","908","1566","1590","855"
"2019","4","A","골목상권","1000169","경희대로4길","2471","851","1620","1","635","796","539","319","181","1","118","263","205","132","132","0","517","533","334","187","49"
"2019","4","A","골목상권","1000168","경희대로3길","1887","985","902","3","421","627","363","278","195","2","150","306","216","169","142","1","271","321","147","109","53"
"2019","4","A","골목상권","1000167","천호대로129길","4015","2458","1557","57","613","763","1054","994","534","25","326","456","705","595","351","32","287","307","349","399","183"
"2019","4","A","골목상권","1000166","천호대로123길","3663","2023","1640","12","472","752","948","854","625","4","247","428","501","410","433","8","225","324","447","444","192"
"2019","4","A","골목상권","1000165","천호대로109길","4122","2443","1679","12","675","953","1056","806","620","7","368","568","606","448","446","5","307","385","450","358","174"
"2019","4","A","골목상권","1000164","자양번영로3길","2410","1751","659","5","268","492","717","699","229","3","184","349","521","521","173","2","84","143","196","178","56"
"2019","4","A","골목상권","1000163","자양로53길","3133","1922","1211","7","338","584","936","852","416","3","155","354","590","521","299","4","183","230","346","331","117"
"2019","4","A","골목상권","1000162","자양로50길","3389","2111","1278","55","516","563","871","921","463","24","288","333","588","579","299","31","228","230","283","342","164"
"2019","4","A","골목상권","1000161","자양로45길","3528","1956","1572","18","389","699","906","884","632","8","170","399","508","438","433","10","219","300","398","446","199"
"2019","4","A","골목상권","1000160","자양로26길","11120","9301","1819","8","645","1498","3166","4721","1082","7","395","1137","2640","4179","943","1","250","361","526","542","139"
"2019","4","A","골목상권","1000159","자양로15길","14033","10711","3322","15","963","2057","3878","5600","1520","11","438","1259","3031","4713","1259","4","525","798","847","887","261"
"2019","4","A","골목상권","1000158","자양로11길","4146","2273","1873","13","510","846","1120","1097","560","9","194","432","630","617","391","4","316","414","490","480","169"
"2019","4","A","골목상권","1000157","용마산로3길","3963","2259","1704","12","592","827","1025","859","648","4","333","474","558","438","452","8","259","353","467","421","196"
"2019","4","A","골목상권","1000156","용마산로21길","3266","1755","1511","52","500","666","824","773","451","6","177","324","426","465","357","46","323","342","398","308","94"
"2019","4","A","골목상권","1000155","아차산로78길","13980","8708","5272","179","4372","3794","2639","2038","958","56","2128","2558","1845","1418","703","123","2244","1236","794","620","255"
"2019","4","A","골목상권","1000154","아차산로65길","5416","3292","2124","9","825","1240","1171","1078","1093","3","489","877","821","559","543","6","336","363","350","519","550"
"2019","4","A","골목상권","1000153","아차산로55길","6399","3241","3158","11","462","1050","1872","2133","871","8","211","550","1006","966","500","3","251","500","866","1167","371"
"2019","4","A","골목상권","1000152","아차산로51길","14145","10878","3267","14","898","2236","3957","5628","1412","11","462","1418","3051","4759","1177","3","436","818","906","869","235"
"2019","4","A","골목상권","1000151","아차산로40길","2465","1497","968","8","381","560","656","533","327","5","188","318","401","323","262","3","193","242","255","210","65"
"2019","4","A","골목상권","1000150","면목로17길","1926","1424","502","3","185","382","468","611","277","0","108","283","338","487","208","3","77","99","130","124","69"
"2019","4","A","골목상권","1000149","뚝섬로64길","3109","1715","1394","4","279","676","816","901","433","1","128","384","446","452","304","3","151","292","370","449","129"
"2019","4","A","골목상권","1000148","뚝섬로58길","3129","1834","1295","13","357","640","850","913","356","9","224","372","481","482","266","4","133","268","369","431","90"
"2019","4","A","골목상권","1000147","뚝섬로54길","2167","1408","759","14","469","477","538","459","210","10","355","322","305","250","166","4","114","155","233","209","44"
"2019","4","A","골목상권","1000146","뚝섬로48길","2096","1462","634","7","385","414","538","518","234","4","273","293","365","350","177","3","112","121","173","168","57"
"2019","4","A","골목상권","1000145","뚝섬로24길","764","520","244","5","87","139","162","166","205","4","47","93","102","107","167","1","40","46","60","59","38"
"2019","4","A","골목상권","1000144","뚝섬로23길","1254","788","466","9","148","237","279","287","294","8","75","133","167","179","226","1","73","104","112","108","68"
"2019","4","A","골목상권","1000143","동일로24길","3094","2015","1079","13","419","693","812","642","515","6","211","440","547","411","400","7","208","253","265","231","115"
"2019","4","A","골목상권","1000142","동일로18길","4424","2913","1511","26","523","877","1104","1066","828","20","262","551","712","743","625","6","261","326","392","323","203"
"2019","4","A","골목상권","1000141","능동로4길","2258","1685","573","7","267","584","648","542","210","2","189","451","491","398","154","5","78","133","157","144","56"
"2019","4","A","골목상권","1000140","능동로3길","2129","1681","448","9","225","532","590","525","248","5","165","433","476","408","194","4","60","99","114","117","54"
"2019","4","A","골목상권","1000139","능동로34길","4493","2629","1864","9","675","1001","1143","949","716","4","373","577","667","509","499","5","302","424","476","440","217"
"2019","4","A","골목상권","1000138","능동로19길","1993","1264","729","2","200","302","497","650","342","0","76","165","320","437","266","2","124","137","177","213","76"
"2019","4","A","골목상권","1000137","능동로13길","4553","2803","1750","7","669","1058","1229","1063","527","3","315","632","803","641","409","4","354","426","426","422","118"
"2019","4","A","골목상권","1000136","긴고랑로9길","1980","983","997","53","378","344","489","433","283","6","118","181","232","239","207","47","260","163","257","194","76"
"2019","4","A","골목상권","1000135","긴고랑로8길","5420","2611","2809","79","1401","1029","1086","1266","559","25","598","551","538","502","397","54","803","478","548","764","162"
"2019","4","A","골목상권","1000134","긴고랑로7길","3060","1768","1292","53","541","661","682","674","449","6","214","383","383","426","356","47","327","278","299","248","93"
"2019","4","A","골목상권","1000133","긴고랑로20길","3283","1719","1564","57","615","678","815","706","412","10","280","394","410","366","259","47","335","284","405","340","153"
"2019","4","A","골목상권","1000132","광나루로52길","9838","5349","4489","11","1019","1942","2434","2779","1653","6","585","1271","1501","1178","808","5","434","671","933","1601","845"
"2019","4","A","골목상권","1000131","광나루로40길","1969","1079","890","3","238","444","549","492","243","1","97","227","302","276","176","2","141","217","247","216","67"
"2019","4","A","골목상권","1000130","광나루로37길","1980","1078","902","2","219","408","502","523","326","1","76","190","254","301","256","1","143","218","248","222","70"
"2019","4","A","골목상권","1000129","광나루로36길","2682","1763","919","3","398","720","634","630","297","1","216","459","407","436","244","2","182","261","227","194","53"
"2019","4","A","골목상권","1000128","광나루로24길","1255","912","343","2","99","164","339","443","208","0","47","108","239","342","176","2","52","56","100","101","32"
"2019","4","A","골목상권","1000127","광나루로12길","3398","1952","1446","4","531","874","868","700","421","1","268","518","526","340","299","3","263","356","342","360","122"
"2019","4","A","골목상권","1000126","한림말길","13906","9816","4090","21","1965","4373","4011","2983","553","15","733","2938","3234","2518","378","6","1232","1435","777","465","175"
"2019","4","A","골목상권","1000125","한림말3길","4514","1697","2817","5","1162","1329","1012","717","289","0","285","463","467","332","150","5","877","866","545","385","139"
"2019","4","A","골목상권","1000124","청계천로10나길","8716","5845","2871","46","796","1707","2077","2834","1256","33","441","1062","1400","2005","904","13","355","645","677","829","352"
"2019","4","A","골목상권","1000123","장터길","934","408","526","1","110","227","249","238","109","0","28","86","114","112","68","1","82","141","135","126","41"
"2019","4","A","골목상권","1000122","용답중앙길","5789","2733","3056","7","815","1244","1633","1519","571","2","560","857","601","343","370","5","255","387","1032","1176","201"
"2019","4","A","골목상권","1000121","용답29길","8662","5091","3571","27","1495","2040","2283","1941","876","22","1118","1520","1135","669","627","5","377","520","1148","1272","249"
"2019","4","A","골목상권","1000120","왕십리로6길","7264","4704","2560","27","1259","1744","1605","1402","1227","19","714","1132","1034","944","861","8","545","612","571","458","366"
"2019","4","A","골목상권","1000119","왕십리로31길","3548","2008","1540","18","697","788","769","756","520","6","205","443","526","502","326","12","492","345","243","254","194"
"2019","4","A","골목상권","1000118","왕십리로26길","6654","3331","3323","18","1042","1228","1446","1783","1137","4","381","706","866","893","481","14","661","522","580","890","656"
"2019","4","A","골목상권","1000117","왕십리로21길","1515","781","734","1","187","321","403","404","199","0","71","141","204","221","144","1","116","180","199","183","55"
"2019","4","A","골목상권","1000116","왕십리로14길","5086","3544","1542","18","769","999","1018","1140","1142","14","450","658","670","835","917","4","319","341","348","305","225"
"2019","4","A","골목상권","1000115","아차산로5길","9775","6281","3494","38","1502","2414","2298","1907","1616","25","865","1548","1526","1214","1103","13","637","866","772","693","513"
"2019","4","A","골목상권","1000114","아차산로15길","12223","8023","4200","52","1906","3102","3255","2484","1424","41","1007","2064","2204","1616","1091","11","899","1038","1051","868","333"
"2019","4","A","골목상권","1000113","아차산로11길","17999","11757","6242","66","3025","4638","4518","3640","2112","48","1693","3158","3070","2212","1576","18","1332","1480","1448","1428","536"
"2019","4","A","골목상권","1000112","송정4가길","5430","3327","2103","9","898","1444","1399","1020","660","3","455","898","890","601","480","6","443","546","509","419","180"
"2019","4","A","골목상권","1000111","송정12라길","841","408","433","1","94","153","198","229","166","0","29","73","91","109","106","1","65","80","107","120","60"
"2019","4","A","골목상권","1000110","성수일로6길","19921","12818","7103","79","3614","5323","4621","3601","2683","56","2042","3547","3112","2240","1821","23","1572","1776","1509","1361","862"
"2019","4","A","골목상권","1000109","성수이로7길","15268","9362","5906","70","3328","4144","3343","2613","1770","44","1645","2669","2210","1538","1256","26","1683","1475","1133","1075","514"
"2019","4","A","골목상권","1000108","성수이로18길","19110","12036","7074","144","3817","4756","4454","3682","2257","89","1922","3107","2991","2302","1625","55","1895","1649","1463","1380","632"
"2019","4","A","골목상권","1000107","성덕정길","2631","1722","909","3","239","473","607","782","527","2","125","317","393","540","345","1","114","156","214","242","182"
"2019","4","A","골목상권","1000106","성덕정17길","4785","3353","1432","79","805","1244","1217","956","484","39","481","882","887","680","384","40","324","362","330","276","100"
"2019","4","A","골목상권","1000105","서울숲2길","2591","1654","937","5","386","534","625","594","447","4","159","321","384","419","367","1","227","213","241","175","80"
"2019","4","A","골목상권","1000104","상원길","7684","5001","2683","33","1293","1930","1773","1442","1213","23","766","1276","1185","958","793","10","527","654","588","484","420"
"2019","4","A","골목상권","1000103","상원12길","4697","3328","1369","19","695","908","930","1048","1097","14","419","634","651","746","864","5","276","274","279","302","233"
"2019","4","A","골목상권","1000102","사근동길","2512","1782","730","2","144","443","815","743","365","2","54","289","563","579","295","0","90","154","252","164","70"
"2019","4","A","골목상권","1000101","무학봉길","1081","535","546","1","139","248","287","259","147","1","52","115","138","124","105","0","87","133","149","135","42"
"2019","4","A","골목상권","1000100","무학봉28길","3725","2164","1561","12","559","795","870","897","592","2","212","465","548","574","363","10","347","330","322","323","229"
"2019","4","A","골목상권","1000099","무학로6길","5587","2607","2980","19","915","985","1139","1446","1083","4","332","567","644","620","440","15","583","418","495","826","643"
"2019","4","A","골목상권","1000098","무수막길","679","380","299","0","75","129","163","160","152","0","25","60","89","90","116","0","50","69","74","70","36"
"2019","4","A","골목상권","1000097","매봉길","1094","570","524","1","102","264","300","308","119","0","29","126","178","163","74","1","73","138","122","145","45"
"2019","4","A","골목상권","1000096","마조로1길","3520","2522","998","0","245","654","1049","1086","486","0","99","435","752","862","374","0","146","219","297","224","112"
"2019","4","A","골목상권","1000095","마조로16길","1505","918","587","1","177","277","358","417","275","1","78","162","206","264","207","0","99","115","152","153","68"
"2019","4","A","골목상권","1000094","마장로39길","1481","987","494","1","145","233","349","437","316","1","87","154","216","291","238","0","58","79","133","146","78"
"2019","4","A","골목상권","1000093","마장로27길","8509","5092","3417","39","917","1342","1816","2804","1591","29","425","861","1213","1670","894","10","492","481","603","1134","697"
"2019","4","A","골목상권","1000092","뚝섬로5길","8814","5702","3112","35","1634","2623","2123","1448","951","20","875","1689","1433","989","696","15","759","934","690","459","255"
"2019","4","A","골목상권","1000091","둘레9길","3374","2333","1041","7","364","796","895","832","480","5","211","628","643","554","292","2","153","168","252","278","188"
"2019","4","A","골목상권","1000090","금호산길","1475","833","642","2","190","354","362","303","264","2","63","180","206","184","198","0","127","174","156","119","66"
"2019","4","A","골목상권","1000089","금호산2길","2853","1176","1677","16","339","857","1053","394","194","1","108","294","448","187","138","15","231","563","605","207","56"
"2019","4","A","골목상권","1000088","고산자로6길","4971","2984","1987","12","659","1084","1372","1214","630","2","206","570","863","850","493","10","453","514","509","364","137"
"2019","4","A","골목상권","1000087","후암로28길","3499","2332","1167","5","330","605","1151","1006","402","4","135","345","844","725","279","1","195","260","307","281","123"
"2019","4","A","골목상권","1000086","효창원로39길","6649","4579","2070","21","1208","1796","1823","1289","512","14","670","1302","1313","906","374","7","538","494","510","383","138"
"2019","4","A","골목상권","1000085","회나무로13길","1052","594","458","2","137","281","267","205","160","0","63","144","136","121","130","2","74","137","131","84","30"
"2019","4","A","골목상권","1000084","한남대로20길","18863","14261","4602","39","2876","5155","4808","5107","878","31","1410","3407","3963","4709","741","8","1466","1748","845","398","137"
"2019","4","A","골목상권","1000083","한강대로88길","3952","1815","2137","11","649","1471","1056","506","259","4","167","568","572","327","177","7","482","903","484","179","82"
"2019","4","A","골목상권","1000082","한강대로7길","9300","5247","4053","15","1043","2286","3042","2124","790","7","453","1206","1646","1405","530","8","590","1080","1396","719","260"
"2019","4","A","골목상권","1000081","한강대로62길","15932","7729","8203","61","3485","5114","4374","2273","625","30","1377","2333","2253","1355","381","31","2108","2781","2121","918","244"
"2019","4","A","골목상권","1000080","한강대로52길","25834","9922","15912","128","6440","8327","7146","2984","809","54","2309","3034","2590","1432","503","74","4131","5293","4556","1552","306"
"2019","4","A","골목상권","1000079","한강대로43길","27127","10372","16755","153","7139","9391","7217","2423","804","71","2574","3620","2609","980","518","82","4565","5771","4608","1443","286"
"2019","4","A","골목상권","1000078","한강대로15길","8277","4527","3750","11","827","1963","2797","1995","684","6","309","971","1448","1323","470","5","518","992","1349","672","214"
"2019","4","A","골목상권","1000077","한강대로104길","36052","21422","14630","180","11153","11590","7342","3944","1843","24","3407","7445","5886","3240","1420","156","7746","4145","1456","704","423"
"2019","4","A","골목상권","1000076","청파로73길","4721","2547","2174","10","913","1365","965","784","684","5","300","628","566","511","537","5","613","737","399","273","147"
"2019","4","A","골목상권","1000075","청파로71길","6797","3510","3287","8","1504","1964","1330","1123","868","3","431","888","775","731","682","5","1073","1076","555","392","186"
"2019","4","A","골목상권","1000074","청파로47나길","6480","3174","3306","11","1149","1831","1425","1178","886","6","301","709","739","749","670","5","848","1122","686","429","216"
"2019","4","A","골목상권","1000073","청파로47길","7345","4142","3203","31","1393","2513","1795","1096","517","14","618","1336","1078","735","361","17","775","1177","717","361","156"
"2019","4","A","골목상권","1000072","장문로45길","4115","2951","1164","32","578","1180","1192","829","304","22","313","825","916","643","232","10","265","355","276","186","72"
"2019","4","A","골목상권","1000071","이태원로54길","12930","8355","4575","42","2700","4776","3105","1813","494","23","1251","2857","2315","1566","343","19","1449","1919","790","247","151"
"2019","4","A","골목상권","1000070","이태원로27길","17872","8709","9163","49","4899","6777","3836","1789","522","28","1439","3078","2376","1391","397","21","3460","3699","1460","398","125"
"2019","4","A","골목상권","1000069","이촌로22길","3232","2176","1056","11","493","860","915","676","277","4","252","552","689","507","172","7","241","308","226","169","105"
"2019","4","A","골목상권","1000068","원효로89길","8896","6141","2755","41","1655","2966","2333","1332","569","16","888","1947","1799","1072","419","25","767","1019","534","260","150"
"2019","4","A","골목상권","1000067","원효로53길","5634","3975","1659","25","859","1695","1558","892","605","18","526","1240","1133","617","441","7","333","455","425","275","164"
"2019","4","A","골목상권","1000066","원효로41길","6829","4947","1882","28","1098","2181","1898","1182","442","15","626","1544","1466","944","352","13","472","637","432","238","90"
"2019","4","A","골목상권","1000065","원효로19길","8012","5809","2203","31","1316","2537","2176","1373","579","15","750","1802","1695","1091","456","16","566","735","481","282","123"
"2019","4","A","골목상권","1000064","우사단로4길","2880","1830","1050","3","448","948","794","491","196","2","133","579","586","385","145","1","315","369","208","106","51"
"2019","4","A","골목상권","1000063","우사단로14길","5875","3406","2469","31","1371","2016","1430","723","304","16","503","1093","1025","555","214","15","868","923","405","168","90"
"2019","4","A","골목상권","1000062","우사단로10길","4890","2621","2269","26","907","1656","1262","703","336","10","249","845","824","501","192","16","658","811","438","202","144"
"2019","4","A","골목상권","1000061","신흥로20길","2563","1659","904","2","324","477","813","752","195","2","118","274","586","545","134","0","206","203","227","207","61"
"2019","4","A","골목상권","1000060","소월로20길","2112","1428","684","0","196","392","707","673","144","0","77","220","527","502","102","0","119","172","180","171","42"
"2019","4","A","골목상권","1000059","서빙고로71길","5642","3293","2349","2","725","1658","2088","833","336","0","250","673","1464","674","232","2","475","985","624","159","104"
"2019","4","A","골목상권","1000058","백범로90길","5637","3729","1908","38","1004","1627","1387","992","589","23","564","1101","985","658","398","15","440","526","402","334","191"
"2019","4","A","골목상권","1000057","백범로79길","4502","2899","1603","22","667","1156","1105","895","657","13","361","755","740","584","446","9","306","401","365","311","211"
"2019","4","A","골목상권","1000056","두텁바위로1길","8157","4692","3465","19","1343","2358","2180","1545","712","8","412","1114","1467","1139","552","11","931","1244","713","406","160"
"2019","4","A","골목상권","1000055","대사관로34길","5784","4038","1746","52","932","1551","1468","1050","731","39","528","1057","1090","782","542","13","404","494","378","268","189"
"2019","4","A","골목상권","1000054","녹사평대로46길","9993","4025","5968","16","3300","4161","1822","524","170","5","776","1717","997","398","132","11","2524","2444","825","126","38"
"2019","4","A","골목상권","1000053","녹사평대로40나길","2385","1253","1132","6","316","719","598","567","179","5","113","319","313","371","132","1","203","400","285","196","47"
"2019","4","A","골목상권","1000052","녹사평대로32길","2868","1497","1371","14","486","847","659","621","241","11","177","375","350","402","182","3","309","472","309","219","59"
"2019","4","A","골목상권","1000051","녹사평대로26길","6173","3582","2591","31","1164","1704","1560","1176","538","18","527","929","944","791","373","13","637","775","616","385","165"
"2019","4","A","골목상권","1000050","녹사평대로11길","2064","1125","939","2","295","517","651","378","221","0","90","266","388","247","134","2","205","251","263","131","87"
"2019","4","A","골목상권","1000049","퇴계로90길","2340","1262","1078","6","384","594","555","454","347","6","172","281","281","269","253","0","212","313","274","185","94"
"2019","4","A","골목상권","1000048","퇴계로8길","40352","22269","18083","168","7554","13382","11011","6350","1887","49","3063","7131","6203","4612","1211","119","4491","6251","4808","1738","676"
"2019","4","A","골목상권","1000047","퇴계로56길","46130","22957","23173","475","13559","12158","9834","7281","2823","195","6451","7253","5636","2525","897","280","7108","4905","4198","4756","1926"
"2019","4","A","골목상권","1000046","퇴계로46길","7358","4531","2827","39","1345","1788","1912","1395","879","20","585","1039","1276","967","644","19","760","749","636","428","235"
"2019","4","A","골목상권","1000045","퇴계로18길","21805","10426","11379","69","3104","6809","7093","3775","955","11","996","3010","3117","2725","567","58","2108","3799","3976","1050","388"
"2019","4","A","골목상권","1000044","퇴계로12길","26422","13011","13411","140","4810","8216","7892","4320","1044","42","1706","3903","3780","2936","644","98","3104","4313","4112","1384","400"
"2019","4","A","골목상권","1000043","청구로1길","3640","1960","1680","6","508","951","871","792","512","3","172","478","531","479","297","3","336","473","340","313","215"
"2019","4","A","골목상권","1000042","청구로17길","8635","4699","3936","17","1623","2359","2025","1733","878","6","591","1271","1211","1044","576","11","1032","1088","814","689","302"
"2019","4","A","골목상권","1000041","장충단로8길","11253","6178","5075","32","1960","3119","3017","2360","765","5","686","1825","1809","1370","483","27","1274","1294","1208","990","282"
"2019","4","A","골목상권","1000040","삼일대로4길","30429","16439","13990","112","5902","9352","8151","4979","1933","33","2050","5138","4755","3182","1281","79","3852","4214","3396","1797","652"
"2019","4","A","골목상권","1000039","명동길","71495","34548","36947","303","20557","24257","14903","9392","2083","97","6091","10970","9400","6561","1429","206","14466","13287","5503","2831","654"
"2019","4","A","골목상권","1000038","동호로8길","4658","2510","2148","13","958","1262","1054","838","533","5","331","731","664","442","337","8","627","531","390","396","196"
"2019","4","A","골목상권","1000037","동호로20길","12817","6753","6064","45","2550","3524","3201","2598","899","8","851","1970","1848","1463","613","37","1699","1554","1353","1135","286"
"2019","4","A","골목상권","1000036","동호로15길","7812","4287","3525","16","1500","2148","1861","1562","725","7","567","1144","1111","952","506","9","933","1004","750","610","219"
"2019","4","A","골목상권","1000035","동호로11길","5028","3300","1728","12","759","1711","1310","878","358","3","388","1211","937","531","230","9","371","500","373","347","128"
"2019","4","A","골목상권","1000034","동호로10길","6836","3723","3113","17","1312","1820","1519","1314","854","6","483","1029","936","745","524","11","829","791","583","569","330"
"2019","4","A","골목상권","1000033","다산로39길","2618","1371","1247","9","425","591","630","561","402","2","144","273","347","330","275","7","281","318","283","231","127"
"2019","4","A","골목상권","1000032","다산로38길","2273","1114","1159","11","398","551","534","446","333","4","128","219","275","260","228","7","270","332","259","186","105"
"2019","4","A","골목상권","1000031","다산로36길","2442","1186","1256","5","357","635","640","491","314","4","106","262","333","271","210","1","251","373","307","220","104"
"2019","4","A","골목상권","1000030","다산로33길","5574","2897","2677","12","790","1334","1468","1445","525","4","266","632","791","863","341","8","524","702","677","582","184"
"2019","4","A","골목상권","1000029","난계로21길","3313","1971","1342","13","399","606","723","744","828","12","216","362","413","456","512","1","183","244","310","288","316"
"2019","4","A","골목상권","1000028","난계로11길","2321","1306","1015","5","366","628","595","452","275","4","181","347","311","260","203","1","185","281","284","192","72"
"2019","4","A","골목상권","1000027","필운대로1길","4413","1985","2428","11","618","710","826","1256","992","4","322","378","383","434","464","7","296","332","443","822","528"
"2019","4","A","골목상권","1000026","평창길","13893","6673","7220","18","1203","3748","5345","2958","621","9","486","1608","2803","1418","349","9","717","2140","2542","1540","272"
"2019","4","A","골목상권","1000025","통일로12길","1099","504","595","9","253","305","259","176","97","8","83","129","128","87","69","1","170","176","131","89","28"
"2019","4","A","골목상권","1000024","창신길","773","266","507","2","118","150","173","195","135","1","25","45","76","70","49","1","93","105","97","125","86"
"2019","4","A","골목상권","1000023","창신5길","1560","587","973","2","184","311","477","360","226","1","43","101","156","150","136","1","141","210","321","210","90"
"2019","4","A","골목상권","1000022","창신2길","901","410","491","3","106","169","222","210","191","1","27","58","107","106","111","2","79","111","115","104","80"
"2019","4","A","골목상권","1000021","창경궁로35길","5813","2758","3055","27","756","1319","1559","1342","810","17","245","562","760","705","469","10","511","757","799","637","341"
"2019","4","A","골목상권","1000020","지봉로8길","1900","811","1089","4","226","368","551","466","285","0","63","141","194","232","181","4","163","227","357","234","104"
"2019","4","A","골목상권","1000019","종로65길","4112","2215","1897","6","318","483","752","966","1587","0","109","241","412","484","969","6","209","242","340","482","618"
"2019","4","A","골목상권","1000018","종로58가길","2197","954","1243","7","359","425","597","483","326","7","105","157","231","243","211","0","254","268","366","240","115"
"2019","4","A","골목상권","1000017","종로24길","6369","4113","2256","22","689","1588","1642","1347","1081","5","312","969","1103","899","825","17","377","619","539","448","256"
"2019","4","A","골목상권","1000016","자하문로7길","9639","6195","3444","47","1451","2302","2548","2135","1156","2","887","1634","1874","1195","603","45","564","668","674","940","553"
"2019","4","A","골목상권","1000015","이화장길","11255","7059","4196","21","2049","3568","2887","1860","870","4","844","2133","2040","1452","586","17","1205","1435","847","408","284"
"2019","4","A","골목상권","1000014","율곡로16길","10582","6889","3693","19","1923","3337","2847","1794","662","3","808","2083","2079","1460","456","16","1115","1254","768","334","206"
"2019","4","A","골목상권","1000013","율곡로10길","16455","12606","3849","19","1992","5454","4925","3014","1051","7","1161","4109","3995","2506","828","12","831","1345","930","508","223"
"2019","4","A","골목상권","1000012","옥인길","2008","1072","936","38","440","518","405","385","222","0","140","256","250","258","168","38","300","262","155","127","54"
"2019","4","A","골목상권","1000011","숭인동길","8281","3317","4964","7","870","1349","1601","2113","2341","0","245","580","725","633","1134","7","625","769","876","1480","1207"
"2019","4","A","골목상권","1000010","성균관로5길","1914","1040","874","15","346","469","424","374","286","11","118","211","252","253","195","4","228","258","172","121","91"
"2019","4","A","골목상권","1000009","삼청로5길","8686","7310","1376","1","1103","2426","2948","1866","342","0","848","1946","2550","1663","303","1","255","480","398","203","39"
"2019","4","A","골목상권","1000008","북촌로5나길","9434","7676","1758","1","1173","2620","3126","2003","511","0","866","2010","2638","1731","431","1","307","610","488","272","80"
"2019","4","A","골목상권","1000007","북촌로5길","9139","7323","1816","3","1312","2611","2919","1877","417","1","890","2027","2453","1603","349","2","422","584","466","274","68"
"2019","4","A","골목상권","1000006","북촌로11길","14654","11573","3081","5","1601","4779","4375","2998","896","5","968","3687","3606","2584","723","0","633","1092","769","414","173"
"2019","4","A","골목상권","1000005","백석동길","4252","2472","1780","18","780","1347","1116","729","262","8","313","748","710","510","183","10","467","599","406","219","79"
"2019","4","A","골목상권","1000004","명륜길","1696","957","739","11","323","483","360","296","223","11","133","250","224","177","162","0","190","233","136","119","61"
"2019","4","A","골목상권","1000003","돈화문로11가길","39506","26181","13325","1279","10020","10738","9145","5958","2366","597","5207","7310","6817","4624","1626","682","4813","3428","2328","1334","740"
"2019","4","A","골목상권","1000002","난계로27길","11773","6288","5485","24","1005","2306","3308","3030","2100","14","498","1408","1718","1410","1240","10","507","898","1590","1620","860"
"2019","3","A","골목상권","1000519","목동동로12길","14160","7959","6201","65","2547","4043","3619","2475","1411","52","1080","2398","2087","1366","976","13","1467","1645","1532","1109","435"
"2019","3","A","골목상권","1000001","계동길","7818","4892","2926","2","1054","2536","2493","1360","373","2","436","1502","1714","974","264","0","618","1034","779","386","109"
"2019","3","A","골목상권","1000002","난계로27길","9366","4453","4913","8","834","2132","2845","2422","1125","0","330","1222","1281","974","646","8","504","910","1564","1448","479"
"2019","3","A","골목상권","1000003","돈화문로11가길","32048","20069","11979","619","8419","8076","7351","4953","2630","317","4206","5083","5242","3548","1673","302","4213","2993","2109","1405","957"
"2019","3","A","골목상권","1000015","이화장길","9785","5862","3923","11","1634","2866","2459","1901","914","3","582","1503","1640","1498","636","8","1052","1363","819","403","278"
"2019","3","A","골목상권","1000016","자하문로7길","8233","5850","2383","22","1058","2378","2522","1573","680","0","644","1677","1907","1147","475","22","414","701","615","426","205"
"2019","3","A","골목상권","1000017","종로24길","5817","3837","1980","14","571","1280","1451","1317","1184","2","275","837","967","862","894","12","296","443","484","455","290"
"2019","3","A","골목상권","1000018","종로58가길","2879","1600","1279","8","421","756","810","558","326","6","215","448","405","317","209","2","206","308","405","241","117"
"2019","3","A","골목상권","1000019","종로65길","3699","2032","1667","3","398","545","737","762","1254","0","109","264","408","420","831","3","289","281","329","342","423"
"2019","3","A","골목상권","1000020","지봉로8길","2493","1442","1051","3","326","621","720","526","297","2","185","405","360","296","194","1","141","216","360","230","103"
"2019","3","A","골목상권","1000021","창경궁로35길","3854","1944","1910","22","642","913","783","799","695","14","256","467","419","402","386","8","386","446","364","397","309"
"2019","3","A","골목상권","1000022","창신2길","806","372","434","1","61","130","203","214","197","1","21","57","98","96","99","0","40","73","105","118","98"
"2019","3","A","골목상권","1000023","창신5길","1977","1128","849","2","228","511","587","403","246","1","156","353","280","194","144","1","72","158","307","209","102"
"2019","3","A","골목상권","1000024","창신길","665","234","431","0","77","100","139","199","150","0","22","36","63","66","47","0","55","64","76","133","103"
"2019","3","A","골목상권","1000025","통일로12길","1623","903","720","10","321","536","391","258","107","7","115","308","245","153","75","3","206","228","146","105","32"
"2019","3","A","골목상권","1000026","평창길","9451","5431","4020","11","874","2537","3566","1900","563","7","404","1155","2082","1379","404","4","470","1382","1484","521","159"
"2019","3","A","골목상권","1000027","필운대로1길","3174","1811","1363","2","407","777","861","678","449","2","198","412","491","384","324","0","209","365","370","294","125"
"2019","3","A","골목상권","1000028","난계로11길","2999","1490","1509","4","417","760","768","706","344","3","202","427","372","284","202","1","215","333","396","422","142"
"2019","3","A","골목상권","1000029","난계로21길","2829","1524","1305","2","366","644","752","709","356","1","161","368","396","348","250","1","205","276","356","361","106"
"2019","3","A","골목상권","1000030","다산로33길","5551","2806","2745","4","769","1334","1465","1451","528","2","276","598","731","840","359","2","493","736","734","611","169"
"2019","3","A","골목상권","1000031","다산로36길","2292","1099","1193","2","330","602","576","464","318","2","86","247","293","259","212","0","244","355","283","205","106"
"2019","3","A","골목상권","1000032","다산로38길","2383","1106","1277","2","392","586","586","492","325","1","110","222","275","282","216","1","282","364","311","210","109"
"2019","3","A","골목상권","1000033","다산로39길","2826","1434","1392","2","442","662","690","614","416","0","162","291","341","364","276","2","280","371","349","250","140"
"2019","3","A","골목상권","1000034","동호로10길","7227","3495","3732","12","1583","1994","1527","1290","821","2","459","964","854","700","516","10","1124","1030","673","590","305"
"2019","3","A","골목상권","1000035","동호로11길","4771","3096","1675","8","711","1629","1188","839","396","2","348","1122","844","513","267","6","363","507","344","326","129"
"2019","3","A","골목상권","1000036","동호로15길","7862","3823","4039","15","1667","2163","1755","1509","753","6","525","981","934","865","512","9","1142","1182","821","644","241"
"2019","3","A","골목상권","1000037","동호로20길","13565","6708","6857","25","2822","3778","3345","2661","934","6","862","1988","1835","1426","591","19","1960","1790","1510","1235","343"
"2019","3","A","골목상권","1000038","동호로8길","4385","2201","2184","11","1012","1153","908","765","536","3","311","600","532","405","350","8","701","553","376","360","186"
"2019","3","A","골목상권","1000039","명동길","96337","44858","51479","259","20615","31949","25220","15655","2639","87","6151","13231","13029","10610","1750","172","14464","18718","12191","5045","889"
"2019","3","A","골목상권","1000040","삼일대로4길","38834","17323","21511","97","6616","12101","11217","6541","2262","25","2187","5531","5102","3022","1456","72","4429","6570","6115","3519","806"
"2019","3","A","골목상권","1000041","장충단로8길","10694","5642","5052","17","1857","2801","2855","2333","831","4","661","1608","1609","1273","487","13","1196","1193","1246","1060","344"
"2019","3","A","골목상권","1000042","청구로17길","8917","4286","4631","15","1870","2475","2021","1705","831","5","554","1146","1072","971","538","10","1316","1329","949","734","293"
"2019","3","A","골목상권","1000043","청구로1길","3813","1941","1872","2","607","1028","958","778","440","0","188","484","553","454","262","2","419","544","405","324","178"
"2019","3","A","골목상권","1000044","퇴계로12길","15202","9708","5494","12","1929","4616","5080","2451","1114","5","901","2643","3704","1806","649","7","1028","1973","1376","645","465"
"2019","3","A","골목상권","1000045","퇴계로18길","22616","10493","12123","29","3559","6898","7627","3430","1073","11","1317","2955","3826","1768","616","18","2242","3943","3801","1662","457"
"2019","3","A","골목상권","1000046","퇴계로46길","8076","4975","3101","36","1398","2096","2158","1537","851","21","580","1242","1452","1058","622","15","818","854","706","479","229"
"2019","3","A","골목상권","1000047","퇴계로56길","46645","23056","23589","312","13886","12206","9779","7509","2953","120","6552","7288","5564","2627","905","192","7334","4918","4215","4882","2048"
"2019","3","A","골목상권","1000048","퇴계로8길","24169","15527","8642","41","3955","8406","6547","3744","1476","10","1753","5083","4817","2940","924","31","2202","3323","1730","804","552"
"2019","3","A","골목상권","1000049","퇴계로90길","2588","1366","1222","3","396","676","577","528","408","3","174","348","305","291","245","0","222","328","272","237","163"
"2019","3","A","골목상권","1000050","녹사평대로11길","2024","1130","894","1","235","529","663","385","211","0","75","262","406","257","130","1","160","267","257","128","81"
"2019","3","A","골목상권","1000051","녹사평대로26길","5623","3499","2124","25","1010","1453","1436","977","722","15","558","948","940","613","425","10","452","505","496","364","297"
"2019","3","A","골목상권","1000052","녹사평대로32길","1986","1110","876","16","346","398","377","408","441","10","200","247","203","207","243","6","146","151","174","201","198"
"2019","3","A","골목상권","1000053","녹사평대로40나길","1251","721","530","2","241","346","252","238","172","1","114","211","147","134","114","1","127","135","105","104","58"
"2019","3","A","골목상권","1000054","녹사평대로46길","9940","3957","5983","3","3209","4194","1831","522","181","1","739","1702","993","387","135","2","2470","2492","838","135","46"
"2019","3","A","골목상권","1000055","대사관로34길","6992","4578","2414","54","1072","2098","1833","1130","805","39","562","1274","1282","833","588","15","510","824","551","297","217"
"2019","3","A","골목상권","1000056","두텁바위로1길","7955","4940","3015","19","1333","2353","2143","1433","674","5","472","1263","1553","1109","538","14","861","1090","590","324","136"
"2019","3","A","골목상권","1000057","백범로79길","4674","3023","1651","18","635","1253","1191","938","639","11","338","835","815","613","411","7","297","418","376","325","228"
"2019","3","A","골목상권","1000058","백범로90길","9066","5401","3665","259","2618","2671","1806","1130","582","122","1306","1653","1220","716","384","137","1312","1018","586","414","198"
"2019","3","A","골목상권","1000059","서빙고로71길","5610","3274","2336","2","648","1663","2111","854","332","0","220","648","1482","690","234","2","428","1015","629","164","98"
"2019","3","A","골목상권","1000060","소월로20길","2168","1491","677","1","202","402","746","662","155","1","92","221","562","509","106","0","110","181","184","153","49"
"2019","3","A","골목상권","1000061","신흥로20길","2776","1769","1007","4","310","494","831","834","303","4","114","268","589","593","201","0","196","226","242","241","102"
"2019","3","A","골목상권","1000062","우사단로10길","6573","3335","3238","22","992","2318","1889","914","438","7","278","1032","1150","620","248","15","714","1286","739","294","190"
"2019","3","A","골목상권","1000063","우사단로14길","7298","3998","3300","24","1318","2577","2036","926","417","9","499","1239","1306","662","283","15","819","1338","730","264","134"
"2019","3","A","골목상권","1000064","우사단로4길","2678","1501","1177","7","288","827","775","513","268","2","90","406","473","356","174","5","198","421","302","157","94"
"2019","3","A","골목상권","1000065","원효로19길","8398","5866","2532","19","1170","2526","2271","1273","1139","12","661","1750","1732","907","804","7","509","776","539","366","335"
"2019","3","A","골목상권","1000066","원효로41길","6756","4811","1945","23","1091","2264","1969","923","486","12","622","1601","1507","679","390","11","469","663","462","244","96"
"2019","3","A","골목상권","1000067","원효로53길","6718","4773","1945","39","1102","2070","1878","1012","617","27","679","1539","1370","707","451","12","423","531","508","305","166"
"2019","3","A","골목상권","1000068","원효로89길","11112","6713","4399","276","3202","3702","2236","1181","515","118","1548","2266","1570","849","362","158","1654","1436","666","332","153"
"2019","3","A","골목상권","1000069","이촌로22길","2407","1488","919","3","390","659","593","510","252","2","200","404","388","342","152","1","190","255","205","168","100"
"2019","3","A","골목상권","1000070","이태원로27길","18297","9048","9249","28","4719","6801","4054","1864","831","16","1416","3085","2541","1417","573","12","3303","3716","1513","447","258"
"2019","3","A","골목상권","1000071","이태원로54길","14402","9024","5378","30","2712","5508","3692","1927","533","13","1243","3123","2636","1630","379","17","1469","2385","1056","297","154"
"2019","3","A","골목상권","1000072","장문로45길","3839","2662","1177","37","619","955","1007","858","363","26","308","626","757","667","278","11","311","329","250","191","85"
"2019","3","A","골목상권","1000073","청파로47길","11070","6421","4649","268","3163","3768","2115","1209","547","114","1498","2217","1395","808","389","154","1665","1551","720","401","158"
"2019","3","A","골목상권","1000074","청파로47나길","6299","3747","2552","5","909","1756","1270","1058","1301","2","299","808","848","716","1074","3","610","948","422","342","227"
"2019","3","A","골목상권","1000075","청파로71길","6760","4051","2709","2","1239","1812","1296","1091","1320","1","399","910","880","750","1111","1","840","902","416","341","209"
"2019","3","A","골목상권","1000076","청파로73길","4225","2730","1495","13","573","1044","778","701","1116","9","216","513","539","491","962","4","357","531","239","210","154"
"2019","3","A","골목상권","1000077","한강대로104길","25525","13524","12001","76","9202","7003","4673","2681","1890","13","2019","4109","3754","2129","1500","63","7183","2894","919","552","390"
"2019","3","A","골목상권","1000078","한강대로15길","8262","4685","3577","9","726","1926","2702","2111","788","6","289","979","1469","1399","543","3","437","947","1233","712","245"
"2019","3","A","골목상권","1000079","한강대로43길","30446","12591","17855","93","8030","11166","7918","2413","826","39","3097","4782","3106","1020","547","54","4933","6384","4812","1393","279"
"2019","3","A","골목상권","1000080","한강대로52길","25037","9472","15565","65","6139","8052","7108","2902","771","23","2201","2828","2516","1422","482","42","3938","5224","4592","1480","289"
"2019","3","A","골목상권","1000081","한강대로62길","14819","7117","7702","29","3181","4756","4144","2113","596","14","1243","2108","2086","1302","364","15","1938","2648","2058","811","232"
"2019","3","A","골목상권","1000082","한강대로7길","9292","5426","3866","11","961","2249","2918","2247","906","7","446","1244","1649","1482","598","4","515","1005","1269","765","308"
"2019","3","A","골목상권","1000083","한강대로88길","3532","1948","1584","10","570","1355","955","429","213","4","198","642","621","319","164","6","372","713","334","110","49"
"2019","3","A","골목상권","1000084","한남대로20길","19793","14956","4837","77","3025","5602","5011","5114","964","38","1499","3747","4159","4721","792","39","1526","1855","852","393","172"
"2019","3","A","골목상권","1000085","회나무로13길","2914","1396","1518","4","494","1099","780","344","193","0","228","548","333","143","144","4","266","551","447","201","49"
"2019","3","A","골목상권","1000086","효창원로39길","5010","3124","1886","12","801","1278","1337","1126","456","10","384","814","860","740","316","2","417","464","477","386","140"
"2019","3","A","골목상권","1000087","후암로28길","3274","2099","1175","5","322","554","1017","978","398","4","113","291","721","701","269","1","209","263","296","277","129"
"2019","3","A","골목상권","1000088","고산자로6길","11694","4963","6731","15","1021","2018","3428","4313","899","12","560","1354","1466","1007","564","3","461","664","1962","3306","335"
"2019","3","A","골목상권","1000089","금호산2길","3237","1364","1873","19","374","945","1158","469","272","0","129","317","499","229","190","19","245","628","659","240","82"
"2019","3","A","골목상권","1000090","금호산길","1615","868","747","1","241","371","397","328","277","0","76","177","221","185","209","1","165","194","176","143","68"
"2019","3","A","골목상권","1000091","둘레9길","3334","2398","936","10","367","832","913","823","389","5","219","657","644","582","291","5","148","175","269","241","98"
"2019","3","A","골목상권","1000092","뚝섬로5길","9107","5815","3292","26","1563","2647","2273","1587","1011","15","795","1655","1520","1102","728","11","768","992","753","485","283"
"2019","3","A","골목상권","1000093","마장로27길","3653","2056","1597","5","644","756","780","787","681","2","264","416","488","476","410","3","380","340","292","311","271"
"2019","3","A","골목상권","1000094","마장로39길","1704","1111","593","1","162","299","424","471","347","0","86","185","259","323","258","1","76","114","165","148","89"
"2019","3","A","골목상권","1000095","마조로16길","1743","1064","679","2","205","340","439","456","301","1","97","194","251","298","223","1","108","146","188","158","78"
"2019","3","A","골목상권","1000096","마조로1길","3894","2688","1206","1","310","780","1132","1123","548","1","116","476","801","888","406","0","194","304","331","235","142"
"2019","3","A","골목상권","1000097","매봉길","786","408","378","3","84","189","212","208","90","1","33","85","118","106","65","2","51","104","94","102","25"
"2019","3","A","골목상권","1000098","무수막길","1020","557","463","1","124","185","243","240","227","0","42","81","134","133","167","1","82","104","109","107","60"
"2019","3","A","골목상권","1000099","무학로6길","4173","2255","1918","12","802","793","802","884","880","4","283","435","493","523","517","8","519","358","309","361","363"
"2019","3","A","골목상권","1000100","무학봉28길","3439","1892","1547","9","501","654","731","813","731","4","182","336","419","484","467","5","319","318","312","329","264"
"2019","3","A","골목상권","1000101","무학봉길","1160","589","571","1","141","270","320","277","151","1","59","126","155","141","107","0","82","144","165","136","44"
"2019","3","A","골목상권","1000102","사근동길","2734","1878","856","1","201","547","850","748","387","1","72","324","584","583","314","0","129","223","266","165","73"
"2019","3","A","골목상권","1000103","상원12길","5148","3434","1714","7","732","1159","1134","1101","1015","4","412","792","737","723","766","3","320","367","397","378","249"
"2019","3","A","골목상권","1000104","상원길","8493","5295","3198","26","1343","2157","2016","1635","1316","14","729","1353","1296","1044","859","12","614","804","720","591","457"
"2019","3","A","골목상권","1000105","서울숲2길","2910","1865","1045","5","400","647","751","689","418","4","214","392","468","465","322","1","186","255","283","224","96"
"2019","3","A","골목상권","1000106","성덕정17길","5531","3833","1698","68","918","1476","1438","1088","543","40","523","1039","1016","781","434","28","395","437","422","307","109"
"2019","3","A","골목상권","1000107","성덕정길","2778","1904","874","3","270","580","671","818","436","1","143","382","435","591","352","2","127","198","236","227","84"
"2019","3","A","골목상권","1000108","성수이로18길","17664","11267","6397","119","2812","4229","4270","3684","2550","82","1484","2721","2862","2320","1798","37","1328","1508","1408","1364","752"
"2019","3","A","골목상권","1000109","성수이로7길","13468","8240","5228","48","2287","3496","3144","2670","1823","31","1140","2167","2044","1607","1251","17","1147","1329","1100","1063","572"
"2019","3","A","골목상권","1000110","성수일로6길","20314","12638","7676","72","3289","5284","4858","3827","2984","52","1714","3316","3167","2374","2015","20","1575","1968","1691","1453","969"
"2019","3","A","골목상권","1000111","송정12라길","1178","607","571","0","144","309","313","271","141","0","57","173","174","123","80","0","87","136","139","148","61"
"2019","3","A","골목상권","1000112","송정4가길","6406","4057","2349","15","1029","1899","1713","1080","670","5","517","1208","1143","670","514","10","512","691","570","410","156"
"2019","3","A","골목상권","1000113","아차산로11길","18052","11601","6451","71","2792","4649","4552","3629","2359","48","1438","3002","3091","2250","1772","23","1354","1647","1461","1379","587"
"2019","3","A","골목상권","1000114","아차산로15길","12658","8502","4156","63","1842","3385","3373","2470","1525","44","999","2271","2356","1665","1167","19","843","1114","1017","805","358"
"2019","3","A","골목상권","1000115","아차산로5길","10565","6501","4064","24","1580","2613","2511","2063","1774","13","794","1592","1612","1285","1205","11","786","1021","899","778","569"
"2019","3","A","골목상권","1000116","왕십리로14길","5704","3767","1937","11","809","1260","1274","1245","1105","8","450","833","787","838","851","3","359","427","487","407","254"
"2019","3","A","골목상권","1000117","왕십리로21길","8415","2654","5761","11","691","1334","2479","3459","441","9","421","906","788","342","188","2","270","428","1691","3117","253"
"2019","3","A","골목상권","1000118","왕십리로26길","5356","3035","2321","12","916","1077","1146","1240","965","5","316","582","747","804","581","7","600","495","399","436","384"
"2019","3","A","골목상권","1000119","왕십리로31길","3269","1577","1692","8","641","732","609","683","596","2","171","357","354","362","331","6","470","375","255","321","265"
"2019","3","A","골목상권","1000120","왕십리로6길","8279","5192","3087","19","1317","2043","1987","1645","1268","12","742","1287","1241","1055","855","7","575","756","746","590","413"
"2019","3","A","골목상권","1000121","용답29길","8434","4507","3927","33","1262","1839","2322","2038","940","5","783","1247","1123","715","634","28","479","592","1199","1323","306"
"2019","3","A","골목상권","1000122","용답중앙길","6266","2892","3374","29","945","1319","1711","1596","666","4","578","890","651","370","399","25","367","429","1060","1226","267"
"2019","3","A","골목상권","1000123","장터길","1048","452","596","0","125","254","274","270","125","0","32","89","128","123","80","0","93","165","146","147","45"
"2019","3","A","골목상권","1000124","청계천로10나길","4806","2824","1982","5","527","1204","1242","1232","596","4","249","600","736","831","404","1","278","604","506","401","192"
"2019","3","A","골목상권","1000125","한림말3길","4469","1851","2618","5","965","1324","1006","711","458","1","240","467","484","370","289","4","725","857","522","341","169"
"2019","3","A","골목상권","1000126","한림말길","14686","10526","4160","13","1950","4894","4329","3006","494","12","741","3287","3501","2594","391","1","1209","1607","828","412","103"
"2019","3","A","골목상권","1000127","광나루로12길","3432","2108","1324","5","520","921","903","654","429","4","284","596","581","331","312","1","236","325","322","323","117"
"2019","3","A","골목상권","1000128","광나루로24길","1341","966","375","4","123","188","353","454","219","0","69","132","244","340","181","4","54","56","109","114","38"
"2019","3","A","골목상권","1000129","광나루로36길","2612","1733","879","7","326","715","591","633","340","6","181","483","373","423","267","1","145","232","218","210","73"
"2019","3","A","골목상권","1000130","광나루로37길","2204","1170","1034","4","229","479","523","590","379","4","88","234","245","314","285","0","141","245","278","276","94"
"2019","3","A","골목상권","1000131","광나루로40길","2549","1398","1151","6","299","594","666","671","313","4","127","328","364","356","219","2","172","266","302","315","94"
"2019","3","A","골목상권","1000132","광나루로52길","10641","5932","4709","14","1095","2210","2696","2887","1739","8","610","1454","1687","1287","886","6","485","756","1009","1600","853"
"2019","3","A","골목상권","1000133","긴고랑로20길","3084","1688","1396","3","383","639","837","718","504","2","191","391","436","364","304","1","192","248","401","354","200"
"2019","3","A","골목상권","1000134","긴고랑로7길","2796","1753","1043","5","302","649","660","660","520","1","121","377","391","441","422","4","181","272","269","219","98"
"2019","3","A","골목상권","1000135","긴고랑로8길","3548","2229","1319","20","513","851","849","766","549","15","236","495","545","505","433","5","277","356","304","261","116"
"2019","3","A","골목상권","1000136","긴고랑로9길","1796","1020","776","3","182","352","493","453","313","0","55","195","263","273","234","3","127","157","230","180","79"
"2019","3","A","골목상권","1000137","능동로13길","4765","3073","1692","11","690","1159","1268","1055","582","5","358","744","841","663","462","6","332","415","427","392","120"
"2019","3","A","골목상권","1000138","능동로19길","2152","1356","796","5","239","351","523","673","361","1","106","201","333","440","275","4","133","150","190","233","86"
"2019","3","A","골목상권","1000139","능동로34길","5128","3063","2065","7","669","1089","1310","1092","961","2","362","650","772","609","668","5","307","439","538","483","293"
"2019","3","A","골목상권","1000140","능동로3길","2145","1690","455","6","248","543","606","524","218","4","177","443","485","410","171","2","71","100","121","114","47"
"2019","3","A","골목상권","1000141","능동로4길","2386","1761","625","4","289","612","673","582","226","2","198","472","520","411","158","2","91","140","153","171","68"
"2019","3","A","골목상권","1000142","동일로18길","5296","3382","1914","29","684","1127","1318","1218","920","18","334","699","860","805","666","11","350","428","458","413","254"
"2019","3","A","골목상권","1000143","동일로24길","3596","2307","1289","16","524","798","912","739","607","9","263","500","616","463","456","7","261","298","296","276","151"
"2019","3","A","골목상권","1000144","뚝섬로23길","1746","1076","670","11","263","383","411","384","294","6","129","222","250","240","229","5","134","161","161","144","65"
"2019","3","A","골목상권","1000145","뚝섬로24길","786","546","240","4","94","149","188","186","165","3","58","104","119","126","136","1","36","45","69","60","29"
"2019","3","A","골목상권","1000146","뚝섬로48길","2029","1271","758","7","401","415","505","446","255","3","275","292","299","222","180","4","126","123","206","224","75"
"2019","3","A","골목상권","1000147","뚝섬로54길","2293","1513","780","9","461","522","555","488","258","5","354","358","317","276","203","4","107","164","238","212","55"
"2019","3","A","골목상권","1000148","뚝섬로58길","3387","1986","1401","11","397","747","896","940","396","7","239","429","508","510","293","4","158","318","388","430","103"
"2019","3","A","골목상권","1000149","뚝섬로64길","3274","1776","1498","6","342","778","864","884","400","4","144","437","472","446","273","2","198","341","392","438","127"
"2019","3","A","골목상권","1000150","면목로17길","1939","1408","531","4","159","386","472","603","315","0","82","274","335","481","236","4","77","112","137","122","79"
"2019","3","A","골목상권","1000151","아차산로40길","3139","1850","1289","18","488","661","784","680","508","6","253","407","468","351","365","12","235","254","316","329","143"
"2019","3","A","골목상권","1000152","아차산로51길","13687","10357","3330","20","831","2210","3717","5387","1522","14","391","1383","2848","4500","1221","6","440","827","869","887","301"
"2019","3","A","골목상권","1000153","아차산로55길","6735","3479","3256","14","522","1201","1933","2157","908","11","244","668","1066","969","521","3","278","533","867","1188","387"
"2019","3","A","골목상권","1000154","아차산로65길","6030","3776","2254","13","891","1427","1369","1173","1157","7","507","1012","965","661","624","6","384","415","404","512","533"
"2019","3","A","골목상권","1000155","아차산로78길","10472","6194","4278","75","2872","2416","1978","2033","1098","28","1294","1422","1332","1349","769","47","1578","994","646","684","329"
"2019","3","A","골목상권","1000156","용마산로21길","2846","1548","1298","1","284","612","787","730","432","0","103","296","424","415","310","1","181","316","363","315","122"
"2019","3","A","골목상권","1000157","용마산로3길","4311","2442","1869","8","598","872","1115","963","755","2","326","529","590","492","503","6","272","343","525","471","252"
"2019","3","A","골목상권","1000158","자양로11길","4582","2554","2028","14","597","1009","1227","1135","600","10","232","532","715","643","422","4","365","477","512","492","178"
"2019","3","A","골목상권","1000159","자양로15길","13989","10432","3557","23","1002","2106","3766","5421","1671","13","444","1269","2904","4483","1319","10","558","837","862","938","352"
"2019","3","A","골목상권","1000160","자양로26길","10801","8903","1898","10","593","1536","2990","4544","1128","8","333","1152","2471","3971","968","2","260","384","519","573","160"
"2019","3","A","골목상권","1000161","자양로45길","3348","1858","1490","11","380","623","884","832","618","5","179","369","466","428","411","6","201","254","418","404","207"
"2019","3","A","골목상권","1000162","자양로50길","3213","1920","1293","6","351","515","871","963","507","3","168","287","564","589","309","3","183","228","307","374","198"
"2019","3","A","골목상권","1000163","자양로53길","3112","1951","1161","2","340","508","931","881","450","1","169","328","558","558","337","1","171","180","373","323","113"
"2019","3","A","골목상권","1000164","자양번영로3길","2324","1553","771","4","290","484","672","640","234","2","189","340","462","400","160","2","101","144","210","240","74"
"2019","3","A","골목상권","1000165","천호대로109길","4550","2707","1843","6","659","1009","1186","932","758","2","357","634","678","523","513","4","302","375","508","409","245"
"2019","3","A","골목상권","1000166","천호대로123길","3898","2175","1723","9","466","786","1022","924","691","3","247","478","530","450","467","6","219","308","492","474","224"
"2019","3","A","골목상권","1000167","천호대로129길","3629","2259","1370","7","405","603","1011","1004","599","3","199","368","653","633","403","4","206","235","358","371","196"
"2019","3","A","골목상권","1000168","경희대로3길","2199","1212","987","4","408","756","481","362","188","2","140","395","298","243","134","2","268","361","183","119","54"
"2019","3","A","골목상권","1000169","경희대로4길","2413","802","1611","2","580","790","543","322","176","0","101","257","199","125","120","2","479","533","344","197","56"
"2019","3","A","골목상권","1000170","난계로30길","10345","4859","5486","10","1010","2410","3106","2590","1219","2","373","1311","1357","1059","757","8","637","1099","1749","1531","462"
"2019","3","A","골목상권","1000171","답십리로23길","713","405","308","1","72","125","174","170","171","1","40","81","118","89","76","0","32","44","56","81","95"
"2019","3","A","골목상권","1000172","답십리로56길","1731","1030","701","7","192","328","415","449","340","1","83","178","225","276","267","6","109","150","190","173","73"
"2019","3","A","골목상권","1000173","답십리로60길","2888","1591","1297","10","264","409","541","716","948","7","133","228","328","389","506","3","131","181","213","327","442"
"2019","3","A","골목상권","1000174","답십리로63길","4150","2144","2006","17","1712","832","724","565","300","13","895","489","314","245","188","4","817","343","410","320","112"
"2019","3","A","골목상권","1000175","답십리로64길","4055","2069","1986","22","482","724","795","960","1072","18","219","364","447","484","537","4","263","360","348","476","535"
"2019","3","A","골목상권","1000176","답십리로68길","4974","2389","2585","20","624","1013","1118","1148","1051","16","250","491","542","551","539","4","374","522","576","597","512"
"2019","3","A","골목상권","1000177","답십리로69길","3199","1556","1643","3","421","669","801","809","496","1","146","336","330","398","345","2","275","333","471","411","151"
"2019","3","A","골목상권","1000178","답십리로72길","5358","3024","2334","16","921","1316","1382","1143","580","12","477","745","718","648","424","4","444","571","664","495","156"
"2019","3","A","골목상권","1000179","망우로18가길","1880","990","890","0","182","404","505","511","278","0","73","132","267","331","187","0","109","272","238","180","91"
"2019","3","A","골목상권","1000180","망우로18길","3882","1953","1929","3","543","814","1007","1045","470","0","155","345","567","616","270","3","388","469","440","429","200"
"2019","3","A","골목상권","1000181","망우로21길","3171","1603","1568","4","498","668","835","801","365","0","138","340","475","460","190","4","360","328","360","341","175"
"2019","3","A","골목상권","1000182","무학로16길","3110","2010","1100","4","343","688","676","708","691","2","186","407","477","474","464","2","157","281","199","234","227"
"2019","3","A","골목상권","1000183","무학로45길","4256","2741","1515","13","655","1065","987","936","600","6","281","652","656","668","478","7","374","413","331","268","122"
"2019","3","A","골목상권","1000184","사가정로13길","4543","2341","2202","3","448","1023","1204","1203","662","1","197","464","645","639","395","2","251","559","559","564","267"
"2019","3","A","골목상권","1000185","사가정로23가길","3149","1870","1279","5","236","577","788","943","600","2","108","313","413","540","494","3","128","264","375","403","106"
"2019","3","A","골목상권","1000186","사가정로2길","6370","2982","3388","13","844","1368","1752","1637","756","3","547","894","664","393","481","10","297","474","1088","1244","275"
"2019","3","A","골목상권","1000187","서울시립대로16길","1454","861","593","1","158","308","421","375","191","1","75","168","269","238","110","0","83","140","152","137","81"
"2019","3","A","골목상권","1000188","서울시립대로29길","3126","1608","1518","5","435","608","708","767","603","2","143","234","371","416","442","3","292","374","337","351","161"
"2019","3","A","골목상권","1000189","서울시립대로4길","1455","946","509","6","210","294","380","339","226","4","129","183","241","224","165","2","81","111","139","115","61"
"2019","3","A","골목상권","1000190","약령시로17길","2220","1414","806","0","237","509","523","606","345","0","135","357","355","361","206","0","102","152","168","245","139"
"2019","3","A","골목상권","1000191","왕산로32길","2531","1363","1168","4","269","617","695","731","215","3","102","279","336","493","150","1","167","338","359","238","65"
"2019","3","A","골목상권","1000192","왕산로33길","1292","748","544","2","154","195","272","357","312","2","78","107","172","179","210","0","76","88","100","178","102"
"2019","3","A","골목상권","1000193","왕산로43길","3510","1924","1586","1","476","779","783","825","646","0","196","474","457","462","335","1","280","305","326","363","311"
"2019","3","A","골목상권","1000194","이문로42길","1408","830","578","1","120","293","347","325","322","1","48","181","204","191","205","0","72","112","143","134","117"
"2019","3","A","골목상권","1000195","장한로14길","3323","2048","1275","3","371","662","715","950","622","2","187","406","451","549","453","1","184","256","264","401","169"
"2019","3","A","골목상권","1000196","장한로25길","3162","1385","1777","18","492","752","827","704","369","13","170","324","332","323","223","5","322","428","495","381","146"
"2019","3","A","골목상권","1000197","장한로26가길","3858","1803","2055","5","510","874","987","951","531","2","170","391","439","456","345","3","340","483","548","495","186"
"2019","3","A","골목상권","1000198","장한로26길","4673","2574","2099","18","862","1206","1221","945","421","11","447","657","609","551","299","7","415","549","612","394","122"
"2019","3","A","골목상권","1000199","장한로27가길","5769","2830","2939","18","1947","1235","1113","971","485","13","962","658","469","420","308","5","985","577","644","551","177"
"2019","3","A","골목상권","1000200","장한로27길","5193","2598","2595","20","1903","1103","932","776","459","13","948","579","406","369","283","7","955","524","526","407","176"
"2019","3","A","골목상권","1000201","장한로5길","5840","3658","2182","6","580","1002","1195","1346","1711","4","292","630","785","822","1125","2","288","372","410","524","586"
"2019","3","A","골목상권","1000202","장한로8길","5218","3301","1917","5","577","986","1207","1218","1225","2","250","586","730","758","975","3","327","400","477","460","250"
"2019","3","A","골목상권","1000203","전농로29길","3125","1723","1402","3","373","652","823","859","415","2","152","296","501","513","259","1","221","356","322","346","156"
"2019","3","A","골목상권","1000204","전농로3길","5358","2290","3068","15","710","1051","1521","1540","521","4","467","692","488","324","315","11","243","359","1033","1216","206"
"2019","3","A","골목상권","1000205","전농로4길","3945","2695","1250","5","457","862","1045","877","699","1","275","551","732","607","529","4","182","311","313","270","170"
"2019","3","A","골목상권","1000206","제기로21길","2988","1831","1157","2","416","832","746","672","320","1","148","453","492","495","242","1","268","379","254","177","78"
"2019","3","A","골목상권","1000207","제기로5길","1069","648","421","0","86","212","326","258","187","0","45","116","196","162","129","0","41","96","130","96","58"
"2019","3","A","골목상권","1000208","천장산로7길","1468","893","575","2","150","272","459","381","204","2","56","126","274","271","164","0","94","146","185","110","40"
"2019","3","A","골목상권","1000209","천호대로12길","8882","4148","4734","7","736","2092","2776","2330","941","2","297","1176","1209","907","557","5","439","916","1567","1423","384"
"2019","3","A","골목상권","1000210","천호대로17길","8220","4956","3264","20","1963","2460","1759","1185","833","8","773","1543","1170","832","630","12","1190","917","589","353","203"
"2019","3","A","골목상권","1000211","천호대로45길","2803","1586","1217","5","315","689","751","806","237","4","143","341","382","547","169","1","172","348","369","259","68"
"2019","3","A","골목상권","1000212","천호대로77길","7559","4798","2761","33","1463","1824","1514","1351","1374","1","664","1196","1028","847","1062","32","799","628","486","504","312"
"2019","3","A","골목상권","1000213","천호대로97길","2780","1714","1066","2","267","418","602","654","837","0","101","225","319","396","673","2","166","193","283","258","164"
"2019","3","A","골목상권","1000214","한천로14길","5561","3333","2228","9","555","1022","1173","1409","1393","7","277","638","773","806","832","2","278","384","400","603","561"
"2019","3","A","골목상권","1000215","한천로33길","4276","2324","1952","10","1590","764","696","735","481","4","869","487","363","318","283","6","721","277","333","417","198"
"2019","3","A","골목상권","1000216","한천로40길","3982","2435","1547","6","1569","700","537","656","514","3","859","474","316","393","390","3","710","226","221","263","124"
"2019","3","A","골목상권","1000217","한천로46길","3109","1933","1176","6","232","652","797","869","553","2","102","374","453","546","456","4","130","278","344","323","97"
"2019","3","A","골목상권","1000218","휘경로14길","1552","892","660","3","155","287","412","398","297","1","65","166","251","254","155","2","90","121","161","144","142"
"2019","3","A","골목상권","1000219","휘경로23길","754","444","310","1","71","162","211","198","111","1","27","107","127","108","74","0","44","55","84","90","37"
"2019","3","A","골목상권","1000220","휘경로2길","3064","1255","1809","1","573","808","755","557","370","0","97","285","346","320","207","1","476","523","409","237","163"
"2019","3","A","골목상권","1000221","휘경로3길","1817","1078","739","1","126","294","536","504","356","1","47","164","315","336","215","0","79","130","221","168","141"
"2019","3","A","골목상권","1000222","겸재로29길","2791","1633","1158","1","339","642","781","633","395","0","152","429","424","334","294","1","187","213","357","299","101"
"2019","3","A","골목상권","1000223","겸재로36길","2133","1305","828","1","222","444","551","510","405","1","113","276","315","309","291","0","109","168","236","201","114"
"2019","3","A","골목상권","1000224","겸재로54길","1921","1068","853","1","150","372","465","566","367","0","52","182","248","343","243","1","98","190","217","223","124"
"2019","3","A","골목상권","1000225","공릉로12가길","1642","777","865","4","140","336","430","447","285","0","48","155","189","209","176","4","92","181","241","238","109"
"2019","3","A","골목상권","1000226","공릉로2길","2013","1097","916","3","269","440","468","517","316","2","105","262","245","261","222","1","164","178","223","256","94"
"2019","3","A","골목상권","1000227","답십리로75길","1513","1050","463","0","123","226","402","541","221","0","49","130","276","419","176","0","74","96","126","122","45"
"2019","3","A","골목상권","1000228","동일로100길","3344","2151","1193","2","379","714","919","799","531","1","193","493","556","490","418","1","186","221","363","309","113"
"2019","3","A","골목상권","1000229","동일로101길","1396","804","592","2","130","213","326","406","319","2","52","94","161","251","244","0","78","119","165","155","75"
"2019","3","A","골목상권","1000230","동일로112길","4467","2719","1748","3","516","995","1211","1020","722","0","239","620","689","610","561","3","277","375","522","410","161"
"2019","3","A","골목상권","1000231","동일로123길","2503","1568","935","2","226","418","588","631","638","0","106","230","328","406","498","2","120","188","260","225","140"
"2019","3","A","골목상권","1000232","동일로130길","1465","783","682","0","167","285","379","369","265","0","65","137","187","186","208","0","102","148","192","183","57"
"2019","3","A","골목상권","1000233","동일로139가길","2308","1527","781","0","298","540","578","576","316","0","167","356","362","398","244","0","131","184","216","178","72"
"2019","3","A","골목상권","1000234","동일로139길","1855","1299","556","0","246","425","453","458","273","0","150","301","302","341","205","0","96","124","151","117","68"
"2019","3","A","골목상권","1000235","동일로140길","2467","1583","884","1","319","572","629","610","336","0","182","354","383","403","261","1","137","218","246","207","75"
"2019","3","A","골목상권","1000236","동일로149길","1701","1170","531","0","242","444","421","441","153","0","141","308","282","321","118","0","101","136","139","120","35"
"2019","3","A","골목상권","1000237","동일로157길","3145","1925","1220","0","411","733","762","843","396","0","198","469","462","524","272","0","213","264","300","319","124"
"2019","3","A","골목상권","1000238","동일로163길","1302","722","580","0","136","269","302","368","227","0","42","154","166","209","151","0","94","115","136","159","76"
"2019","3","A","골목상권","1000239","망우로68길","2001","1107","894","8","208","316","409","575","485","1","63","120","202","344","377","7","145","196","207","231","108"
"2019","3","A","골목상권","1000240","망우로73길","1797","1089","708","2","153","286","398","545","413","0","55","122","188","360","364","2","98","164","210","185","49"
"2019","3","A","골목상권","1000241","면목로21길","1517","1017","500","1","106","209","378","547","276","0","40","107","239","418","213","1","66","102","139","129","63"
"2019","3","A","골목상권","1000242","면목로33길","1674","1120","554","0","142","239","445","588","260","0","66","135","296","439","184","0","76","104","149","149","76"
"2019","3","A","골목상권","1000243","면목로45길","3040","1771","1269","0","204","376","550","688","1222","0","71","177","284","448","791","0","133","199","266","240","431"
"2019","3","A","골목상권","1000244","면목로48길","3491","2043","1448","0","275","446","548","848","1374","0","88","201","281","546","927","0","187","245","267","302","447"
"2019","3","A","골목상권","1000245","면목로49길","3501","2060","1441","1","276","539","711","742","1232","1","118","299","377","469","796","0","158","240","334","273","436"
"2019","3","A","골목상권","1000246","면목로55길","2509","1555","954","1","254","506","624","617","507","1","121","312","360","393","368","0","133","194","264","224","139"
"2019","3","A","골목상권","1000247","면목로56길","2693","1652","1041","0","237","524","627","742","563","0","90","277","384","497","404","0","147","247","243","245","159"
"2019","3","A","골목상권","1000248","면목로78길","2879","1669","1210","2","368","677","835","641","356","0","175","445","455","328","266","2","193","232","380","313","90"
"2019","3","A","골목상권","1000249","봉우재로33길","3268","2004","1264","1","421","749","912","674","511","0","195","486","526","380","417","1","226","263","386","294","94"
"2019","3","A","골목상권","1000250","봉화산로30길","1896","1116","780","7","215","352","466","490","366","7","99","192","255","277","286","0","116","160","211","213","80"
"2019","3","A","골목상권","1000251","봉화산로4길","1082","589","493","3","141","176","272","255","235","3","72","83","132","130","169","0","69","93","140","125","66"
"2019","3","A","골목상권","1000252","봉화산로56길","5853","3579","2274","2","667","1237","1270","1512","1165","1","340","649","666","983","940","1","327","588","604","529","225"
"2019","3","A","골목상권","1000253","사가정로42길","1099","663","436","0","93","230","343","259","174","0","53","134","214","164","98","0","40","96","129","95","76"
"2019","3","A","골목상권","1000254","사가정로54길","3062","1914","1148","0","221","327","502","737","1275","0","90","178","289","491","866","0","131","149","213","246","409"
"2019","3","A","골목상권","1000255","신내로7가길","2548","1590","958","3","343","489","552","568","593","1","218","322","289","309","451","2","125","167","263","259","142"
"2019","3","A","골목상권","1000256","용마산로100길","1301","752","549","0","105","181","336","344","335","0","42","85","188","213","224","0","63","96","148","131","111"
"2019","3","A","골목상권","1000257","용마산로112길","1335","826","509","3","110","206","267","412","337","1","38","99","154","269","265","2","72","107","113","143","72"
"2019","3","A","골목상권","1000258","용마산로118길","2145","1347","798","3","174","311","449","625","583","0","63","141","230","422","491","3","111","170","219","203","92"
"2019","3","A","골목상권","1000259","용마산로94길","1288","830","458","0","116","185","297","371","319","0","36","94","179","281","240","0","80","91","118","90","79"
"2019","3","A","골목상권","1000260","중랑천로10길","3351","2262","1089","3","335","767","1019","937","290","3","165","461","716","726","191","0","170","306","303","211","99"
"2019","3","A","골목상권","1000261","길음로7길","2191","707","1484","9","693","609","431","297","152","1","92","211","160","139","104","8","601","398","271","158","48"
"2019","3","A","골목상권","1000262","돌곶이로14길","1431","964","467","3","153","355","384","365","171","0","79","228","252","266","139","3","74","127","132","99","32"
"2019","3","A","골목상권","1000263","돌곶이로22길","2717","1807","910","3","257","420","451","444","1142","0","112","247","268","261","919","3","145","173","183","183","223"
"2019","3","A","골목상권","1000264","돌곶이로27길","1369","777","592","0","141","256","338","286","348","0","55","117","170","164","271","0","86","139","168","122","77"
"2019","3","A","골목상권","1000265","돌곶이로28길","2768","1850","918","8","233","309","425","495","1298","4","88","159","234","298","1067","4","145","150","191","197","231"
"2019","3","A","골목상권","1000266","돌곶이로41길","592","288","304","8","92","149","142","127","74","5","42","91","66","47","37","3","50","58","76","80","37"
"2019","3","A","골목상권","1000267","돌곶이로8길","1528","1012","516","4","157","367","370","381","249","1","77","227","220","278","209","3","80","140","150","103","40"
"2019","3","A","골목상권","1000268","동소문로13길","14085","6702","7383","310","2249","3197","4025","2554","1750","115","773","1498","1958","1532","826","195","1476","1699","2067","1022","924"
"2019","3","A","골목상권","1000269","동소문로15길","11663","5691","5972","304","1966","2540","3138","2126","1589","110","664","1199","1620","1332","766","194","1302","1341","1518","794","823"
"2019","3","A","골목상권","1000270","동소문로26가길","3875","1797","2078","12","702","785","936","897","543","7","182","304","460","486","358","5","520","481","476","411","185"
"2019","3","A","골목상권","1000271","동소문로2길","2541","1210","1331","7","310","571","713","583","357","5","141","335","325","216","188","2","169","236","388","367","169"
"2019","3","A","골목상권","1000272","동소문로6길","2119","1042","1077","8","268","511","633","484","215","4","119","301","300","192","126","4","149","210","333","292","89"
"2019","3","A","골목상권","1000273","보국문로16길","1401","832","569","0","139","184","310","389","379","0","50","85","162","256","279","0","89","99","148","133","100"
"2019","3","A","골목상권","1000274","보문로13길","6567","4836","1731","3","570","1816","1210","1352","1616","2","300","1469","956","1011","1098","1","270","347","254","341","518"
"2019","3","A","골목상권","1000275","보문로26길","2426","1168","1258","5","361","488","679","600","293","1","98","217","354","318","180","4","263","271","325","282","113"
"2019","3","A","골목상권","1000276","보문로31길","5246","2902","2344","6","584","1188","1726","1303","439","0","211","621","913","898","259","6","373","567","813","405","180"
"2019","3","A","골목상권","1000277","보문로32길","3531","1961","1570","7","436","685","1002","984","417","1","138","324","591","637","270","6","298","361","411","347","147"
"2019","3","A","골목상권","1000278","삼선교로10길","1627","720","907","3","209","300","385","407","323","2","83","124","164","177","170","1","126","176","221","230","153"
"2019","3","A","골목상권","1000279","삼선교로10다길","1342","700","642","0","140","245","308","296","353","0","61","116","142","143","238","0","79","129","166","153","115"
"2019","3","A","골목상권","1000280","삼선교로16가길","2478","1648","830","0","273","615","724","627","239","0","113","413","514","461","147","0","160","202","210","166","92"
"2019","3","A","골목상권","1000281","삼양로8길","1921","946","975","12","294","407","487","397","324","10","79","187","233","194","243","2","215","220","254","203","81"
"2019","3","A","골목상권","1000282","성북로8길","3021","1593","1428","22","556","735","849","612","247","11","265","412","430","304","171","11","291","323","419","308","76"
"2019","3","A","골목상권","1000283","솔샘로6길","1078","717","361","0","65","162","265","334","252","0","22","88","168","249","190","0","43","74","97","85","62"
"2019","3","A","골목상권","1000284","아리랑로4길","2556","1201","1355","13","518","505","534","553","433","8","149","220","254","282","288","5","369","285","280","271","145"
"2019","3","A","골목상권","1000285","안암로5길","4333","2673","1660","10","504","837","934","1038","1010","5","210","528","620","642","668","5","294","309","314","396","342"
"2019","3","A","골목상권","1000286","오패산로19길","1952","995","957","10","390","473","504","359","216","8","167","246","259","181","134","2","223","227","245","178","82"
"2019","3","A","골목상권","1000287","오패산로3길","2984","1819","1165","6","326","462","606","563","1021","3","138","241","314","334","789","3","188","221","292","229","232"
"2019","3","A","골목상권","1000288","오패산로4길","4166","2598","1568","6","541","1054","944","917","704","3","268","682","533","564","548","3","273","372","411","353","156"
"2019","3","A","골목상권","1000289","인촌로17가길","2036","1022","1014","1","269","407","589","522","248","1","76","178","313","298","156","0","193","229","276","224","92"
"2019","3","A","골목상권","1000290","인촌로1길","3365","2010","1355","8","346","619","778","887","727","2","131","380","516","552","429","6","215","239","262","335","298"
"2019","3","A","골목상권","1000291","개운사길","2717","1424","1293","2","357","685","880","581","212","0","118","298","505","348","155","2","239","387","375","233","57"
"2019","3","A","골목상권","1000292","인촌로24길","4488","2659","1829","8","536","1070","1342","1053","479","2","202","577","846","676","356","6","334","493","496","377","123"
"2019","3","A","골목상권","1000293","인촌로5길","3436","1918","1518","6","409","644","981","974","422","1","122","312","581","631","271","5","287","332","400","343","151"
"2019","3","A","골목상권","1000294","인촌로6길","7173","5303","1870","5","701","1968","1342","1488","1669","3","373","1599","1066","1117","1145","2","328","369","276","371","524"
"2019","3","A","골목상권","1000295","장월로1길","3804","2328","1476","4","634","1114","938","740","374","3","314","736","569","428","278","1","320","378","369","312","96"
"2019","3","A","골목상권","1000296","장위로50길","2731","1782","949","8","197","285","416","516","1309","4","68","141","206","291","1072","4","129","144","210","225","237"
"2019","3","A","골목상권","1000297","정릉로26길","3569","1878","1691","2","382","497","522","560","1606","1","144","248","223","278","984","1","238","249","299","282","622"
"2019","3","A","골목상권","1000298","정릉로27길","4760","2515","2245","4","567","668","810","834","1877","1","194","323","364","446","1187","3","373","345","446","388","690"
"2019","3","A","골목상권","1000299","정릉로8길","1863","1360","503","5","339","578","430","317","194","4","194","427","349","259","127","1","145","151","81","58","67"
"2019","3","A","골목상권","1000300","종암로16길","1720","734","986","4","241","313","417","448","297","2","84","136","177","199","136","2","157","177","240","249","161"
"2019","3","A","골목상권","1000301","종암로19길","3386","1915","1471","3","398","896","926","904","259","1","152","415","541","641","165","2","246","481","385","263","94"
"2019","3","A","골목상권","1000302","종암로21길","5276","3322","1954","10","541","1268","1264","1320","873","2","245","679","770","982","644","8","296","589","494","338","229"
"2019","3","A","골목상권","1000303","종암로24가길","1983","1142","841","4","233","443","463","588","252","1","106","280","266","371","118","3","127","163","197","217","134"
"2019","3","A","골목상권","1000305","지봉로20길","7066","5312","1754","4","641","1946","1439","1527","1509","3","336","1596","1139","1201","1037","1","305","350","300","326","472"
"2019","3","A","골목상권","1000306","창경궁로43길","4349","2296","2053","28","774","1106","965","899","577","17","345","603","543","470","318","11","429","503","422","429","259"
"2019","3","A","골목상권","1000307","한천로101가길","830","373","457","10","114","170","240","176","120","7","40","79","102","70","75","3","74","91","138","106","45"
"2019","3","A","골목상권","1000308","한천로76길","1346","868","478","2","152","254","349","360","229","0","69","135","216","269","179","2","83","119","133","91","50"
"2019","3","A","골목상권","1000309","화랑로13길","3161","2021","1140","2","430","857","705","618","549","1","209","571","415","374","451","1","221","286","290","244","98"
"2019","3","A","골목상권","1000310","화랑로14길","3175","1904","1271","2","512","983","729","603","346","1","248","636","406","360","253","1","264","347","323","243","93"
"2019","3","A","골목상권","1000311","화랑로19길","2256","1314","942","4","345","540","630","438","299","3","164","313","361","249","224","1","181","227","269","189","75"
"2019","3","A","골목상권","1000312","화랑로1길","4209","2706","1503","15","506","787","872","933","1096","10","238","479","510","627","842","5","268","308","362","306","254"
"2019","3","A","골목상권","1000313","화랑로32길","1558","926","632","4","182","413","429","337","193","1","69","255","246","213","142","3","113","158","183","124","51"
"2019","3","A","골목상권","1000314","화랑로40길","2603","1739","864","0","165","254","437","526","1221","0","49","123","250","333","984","0","116","131","187","193","237"
"2019","3","A","골목상권","1000315","노해로17길","3300","1576","1724","1","305","696","767","836","695","1","95","275","358","514","333","0","210","421","409","322","362"
"2019","3","A","골목상권","1000316","노해로23길","1610","1110","500","1","137","194","380","592","306","0","54","103","256","462","235","1","83","91","124","130","71"
"2019","3","A","골목상권","1000317","노해로33길","1321","631","690","1","213","241","327","320","219","0","43","103","149","177","159","1","170","138","178","143","60"
"2019","3","A","골목상권","1000318","덕릉로40길","1148","456","692","0","106","132","342","397","171","0","40","60","108","167","81","0","66","72","234","230","90"
"2019","3","A","골목상권","1000319","덕릉로41길","4717","2479","2238","4","466","1096","1103","1290","758","2","166","540","540","798","433","2","300","556","563","492","325"
"2019","3","A","골목상권","1000320","도봉로13길","989","622","367","1","89","188","234","290","187","1","41","109","133","194","144","0","48","79","101","96","43"
"2019","3","A","골목상권","1000321","도봉로18길","1544","737","807","4","137","269","409","392","333","4","34","110","164","178","247","0","103","159","245","214","86"
"2019","3","A","골목상권","1000322","도봉로45길","1947","983","964","0","165","407","456","476","443","0","57","194","253","268","211","0","108","213","203","208","232"
"2019","3","A","골목상권","1000323","도봉로67길","1632","906","726","3","170","330","427","403","299","2","67","165","231","236","205","1","103","165","196","167","94"
"2019","3","A","골목상권","1000324","도봉로76길","4033","2370","1663","6","423","866","896","1027","815","3","182","509","525","645","506","3","241","357","371","382","309"
"2019","3","A","골목상권","1000325","도봉로8길","1074","508","566","1","175","249","274","223","152","1","65","121","123","96","102","0","110","128","151","127","50"
"2019","3","A","골목상권","1000326","도봉로99길","1780","819","961","0","377","411","420","397","175","0","97","183","196","222","121","0","280","228","224","175","54"
"2019","3","A","골목상권","1000327","삼각산로28길","4469","2212","2257","3","419","858","942","1152","1095","2","144","350","434","681","601","1","275","508","508","471","494"
"2019","3","A","골목상권","1000328","삼양로20길","1218","717","501","1","118","252","309","309","229","1","42","122","158","197","197","0","76","130","151","112","32"
"2019","3","A","골목상권","1000329","삼양로24길","1200","743","457","2","96","212","301","312","277","1","39","110","169","201","223","1","57","102","132","111","54"
"2019","3","A","골목상권","1000330","삼양로27길","1290","701","589","1","167","334","412","257","119","0","79","187","230","123","82","1","88","147","182","134","37"
"2019","3","A","골목상권","1000331","삼양로41길","1150","613","537","2","140","219","276","268","245","1","52","100","132","157","171","1","88","119","144","111","74"
"2019","3","A","골목상권","1000332","삼양로54길","1275","597","678","1","101","167","226","323","457","1","27","73","108","173","215","0","74","94","118","150","242"
"2019","3","A","골목상권","1000333","삼양로77길","1393","588","805","1","152","270","376","407","187","1","46","105","163","166","107","0","106","165","213","241","80"
"2019","3","A","골목상권","1000334","삼양로93길","2200","1067","1133","0","208","411","515","581","485","0","55","171","250","268","323","0","153","240","265","313","162"
"2019","3","A","골목상권","1000335","솔매로41길","1672","942","730","1","182","349","449","422","269","1","68","181","254","250","188","0","114","168","195","172","81"
"2019","3","A","골목상권","1000336","솔매로45길","1533","906","627","2","154","322","424","389","242","2","63","159","248","257","177","0","91","163","176","132","65"
"2019","3","A","골목상권","1000337","솔매로50길","2202","1182","1020","4","217","483","568","559","371","4","70","216","304","318","270","0","147","267","264","241","101"
"2019","3","A","골목상권","1000338","솔샘로65길","1789","813","976","5","130","311","365","423","555","5","27","120","161","203","297","0","103","191","204","220","258"
"2019","3","A","골목상권","1000339","수유로12길","3033","1495","1538","6","335","494","643","768","787","3","104","211","279","386","512","3","231","283","364","382","275"
"2019","3","A","골목상권","1000340","오패산로30길","1172","535","637","1","101","196","331","299","244","1","33","93","140","130","138","0","68","103","191","169","106"
"2019","3","A","골목상권","1000341","오패산로52길","1556","878","678","1","143","351","435","397","229","1","55","191","261","228","142","0","88","160","174","169","87"
"2019","3","A","골목상권","1000342","오패산로67길","3440","1912","1528","5","403","701","711","844","776","1","152","401","382","520","456","4","251","300","329","324","320"
"2019","3","A","골목상권","1000343","인수봉로56길","2117","1267","850","0","176","399","559","641","342","0","50","182","345","419","271","0","126","217","214","222","71"
"2019","3","A","골목상권","1000344","인수봉로72길","3703","2182","1521","0","241","501","710","910","1341","0","79","236","410","560","897","0","162","265","300","350","444"
"2019","3","A","골목상권","1000345","인수봉로79길","2295","1214","1081","3","275","539","517","527","434","3","125","291","273","278","244","0","150","248","244","249","190"
"2019","3","A","골목상권","1000346","한천로109길","1729","864","865","14","213","322","433","435","312","10","67","147","219","235","186","4","146","175","214","200","126"
"2019","3","A","골목상권","1000347","한천로124나길","1736","1053","683","0","170","412","417","491","246","0","75","274","222","320","162","0","95","138","195","171","84"
"2019","3","A","골목상권","1000348","한천로130길","1195","629","566","1","123","208","281","314","268","1","39","97","151","167","174","0","84","111","130","147","94"
"2019","3","A","골목상권","1000349","한천로132길","4071","2362","1709","4","399","1079","955","1056","578","2","152","578","555","724","351","2","247","501","400","332","227"
"2019","3","A","골목상권","1000350","한천로139가길","3248","1550","1698","3","334","710","724","800","677","1","105","283","339","493","329","2","229","427","385","307","348"
"2019","3","A","골목상권","1000351","한천로140길","3505","1838","1667","1","364","880","883","896","481","1","125","407","468","544","293","0","239","473","415","352","188"
"2019","3","A","골목상권","1000352","노해로60길","1863","1088","775","10","170","321","455","555","352","9","57","164","253","352","253","1","113","157","202","203","99"
"2019","3","A","골목상권","1000353","노해로63다길","5116","3100","2016","7","487","1067","1260","1120","1175","3","204","672","830","602","789","4","283","395","430","518","386"
"2019","3","A","골목상권","1000354","덕릉로60길","1096","618","478","2","106","223","287","292","186","0","38","125","170","155","130","2","68","98","117","137","56"
"2019","3","A","골목상권","1000355","도당로13가길","766","411","355","0","69","157","199","183","158","0","30","86","95","98","102","0","39","71","104","85","56"
"2019","3","A","골목상권","1000356","도당로13바길","1012","480","532","0","79","209","276","215","233","0","28","100","132","100","120","0","51","109","144","115","113"
"2019","3","A","골목상권","1000357","도당로19길","782","421","361","1","98","162","205","197","119","1","41","95","97","109","78","0","57","67","108","88","41"
"2019","3","A","골목상권","1000358","도당로29길","2453","1779","674","3","235","419","495","661","640","3","130","298","326","484","538","0","105","121","169","177","102"
"2019","3","A","골목상권","1000359","도봉로109길","3014","1582","1432","8","498","667","732","710","399","7","123","318","399","437","298","1","375","349","333","273","101"
"2019","3","A","골목상권","1000360","도봉로114길","1761","975","786","4","179","273","404","540","361","4","63","126","209","322","251","0","116","147","195","218","110"
"2019","3","A","골목상권","1000361","도봉로143길","1841","1035","806","2","201","370","448","493","327","1","86","223","259","264","202","1","115","147","189","229","125"
"2019","3","A","골목상권","1000362","도봉로147길","2182","1345","837","3","232","426","483","644","394","0","119","262","306","420","238","3","113","164","177","224","156"
"2019","3","A","골목상권","1000363","도봉로152가길","1505","934","571","1","88","199","309","427","481","1","29","96","166","286","356","0","59","103","143","141","125"
"2019","3","A","골목상권","1000364","도봉로156길","1558","1071","487","2","86","188","316","429","537","2","31","106","183","314","435","0","55","82","133","115","102"
"2019","3","A","골목상권","1000365","도봉로169나길","1282","907","375","1","57","142","219","415","448","1","26","80","128","304","368","0","31","62","91","111","80"
"2019","3","A","골목상권","1000366","도봉로181길","1891","842","1049","0","62","114","206","346","1163","0","17","63","92","140","530","0","45","51","114","206","633"
"2019","3","A","골목상권","1000368","도봉산길","1628","694","934","0","46","101","147","258","1076","0","18","59","76","88","453","0","28","42","71","170","623"
"2019","3","A","골목상권","1000369","방학로10길","1371","684","687","3","133","350","374","300","211","1","40","174","190","144","135","2","93","176","184","156","76"
"2019","3","A","골목상권","1000370","방학로15길","2172","1471","701","8","418","496","507","460","283","8","291","316","357","265","234","0","127","180","150","195","49"
"2019","3","A","골목상권","1000371","방학로5길","2262","1120","1142","4","299","482","543","529","405","1","84","242","270","254","269","3","215","240","273","275","136"
"2019","3","A","골목상권","1000372","방학로6가길","1110","526","584","0","94","175","281","309","251","0","43","85","127","136","135","0","51","90","154","173","116"
"2019","3","A","골목상권","1000373","삼양로144길","978","345","633","0","185","170","242","229","152","0","22","52","95","88","88","0","163","118","147","141","64"
"2019","3","A","골목상권","1000374","시루봉로23길","1868","1322","546","2","133","265","358","547","563","2","58","160","209","405","488","0","75","105","149","142","75"
"2019","3","A","골목상권","1000375","우이천로32길","1658","835","823","3","254","324","392","416","269","3","52","139","178","230","233","0","202","185","214","186","36"
"2019","3","A","골목상권","1000376","우이천로4다길","1386","783","603","3","135","243","372","415","218","0","59","131","215","249","129","3","76","112","157","166","89"
"2019","3","A","골목상권","1000377","해등로16길","5451","3248","2203","3","547","1057","1276","1244","1324","0","226","654","833","654","881","3","321","403","443","590","443"
"2019","3","A","골목상권","1000378","공릉로58길","3608","2361","1247","3","367","720","866","1041","611","2","178","404","559","776","442","1","189","316","307","265","169"
"2019","3","A","골목상권","1000379","동일로173가길","5204","2897","2307","12","470","629","979","1453","1661","8","210","364","509","772","1034","4","260","265","470","681","627"
"2019","3","A","골목상권","1000380","동일로192길","3680","2246","1434","10","290","492","637","888","1363","8","131","237","341","622","907","2","159","255","296","266","456"
"2019","3","A","골목상권","1000381","동일로242길","2117","1222","895","3","225","382","459","511","537","3","103","225","263","279","349","0","122","157","196","232","188"
"2019","3","A","골목상권","1000382","상계로12길","2673","1308","1365","4","346","540","710","684","389","3","133","291","324","313","244","1","213","249","386","371","145"
"2019","3","A","골목상권","1000383","상계로1길","1542","721","821","2","164","295","392","431","258","0","70","158","183","177","133","2","94","137","209","254","125"
"2019","3","A","골목상권","1000384","상계로9가길","1901","852","1049","4","231","333","520","508","305","3","84","183","216","215","151","1","147","150","304","293","154"
"2019","3","A","골목상권","1000385","석계로1길","1861","921","940","3","217","323","478","504","336","2","70","136","219","251","243","1","147","187","259","253","93"
"2019","3","A","골목상권","1000386","한글비석로22길","2019","1110","909","3","241","393","493","513","376","0","92","198","260","288","272","3","149","195","233","225","104"
"2019","3","A","골목상권","1000387","한글비석로24길","1494","778","716","9","160","232","368","418","307","4","53","114","180","227","200","5","107","118","188","191","107"
"2019","3","A","골목상권","1000388","한글비석로44길","1688","908","780","6","133","186","298","416","649","3","55","105","139","189","417","3","78","81","159","227","232"
"2019","3","A","골목상권","1000389","가좌로7길","2162","1118","1044","0","170","369","555","622","446","0","66","154","223","330","345","0","104","215","332","292","101"
"2019","3","A","골목상권","1000390","갈현로1길","1978","1035","943","5","295","475","479","378","346","3","95","245","269","187","236","2","200","230","210","191","110"
"2019","3","A","골목상권","1000391","갈현로33길","1575","733","842","4","180","368","377","428","218","0","68","166","165","187","147","4","112","202","212","241","71"
"2019","3","A","골목상권","1000392","갈현로41길","1406","776","630","2","170","290","334","372","238","0","90","156","178","195","157","2","80","134","156","177","81"
"2019","3","A","골목상권","1000393","갈현로7길","2412","1048","1364","7","426","590","586","516","287","4","140","283","278","192","151","3","286","307","308","324","136"
"2019","3","A","골목상권","1000394","불광천길","1888","1026","862","4","210","359","436","494","385","2","108","203","226","260","227","2","102","156","210","234","158"
"2019","3","A","골목상권","1000395","서오릉로21길","3298","2031","1267","3","265","555","725","1112","638","0","119","288","398","804","422","3","146","267","327","308","216"
"2019","3","A","골목상권","1000396","서오릉로8길","2131","1174","957","7","244","459","569","502","350","5","107","235","311","269","247","2","137","224","258","233","103"
"2019","3","A","골목상권","1000397","수색로18길","709","448","261","0","50","117","178","247","117","0","24","71","126","134","93","0","26","46","52","113","24"
"2019","3","A","골목상권","1000398","역말로9길","2449","1165","1284","2","299","557","736","544","311","2","110","262","328","242","221","0","189","295","408","302","90"
"2019","3","A","골목상권","1000399","연서로11길","2557","1359","1198","8","491","565","571","527","395","2","232","300","289","280","256","6","259","265","282","247","139"
"2019","3","A","골목상권","1000400","연서로13길","4641","2422","2219","13","591","813","1008","1422","794","3","214","388","492","833","492","10","377","425","516","589","302"
"2019","3","A","골목상권","1000401","연서로16길","3829","1564","2265","11","618","838","968","907","487","4","199","347","404","342","268","7","419","491","564","565","219"
"2019","3","A","골목상권","1000402","연서로17길","4721","2438","2283","12","453","794","1108","1488","866","3","202","374","488","833","538","9","251","420","620","655","328"
"2019","3","A","골목상권","1000403","연서로21길","4422","2282","2140","13","407","666","1059","1427","850","9","163","309","447","808","546","4","244","357","612","619","304"
"2019","3","A","골목상권","1000404","연서로27길","2345","1036","1309","17","398","522","602","507","299","10","124","226","234","236","206","7","274","296","368","271","93"
"2019","3","A","골목상권","1000405","연서로28길","2456","1054","1402","14","433","500","645","519","345","10","133","216","242","236","217","4","300","284","403","283","128"
"2019","3","A","골목상권","1000406","연서로29길","2127","845","1282","14","332","486","534","484","277","8","85","198","193","198","163","6","247","288","341","286","114"
"2019","3","A","골목상권","1000407","연서로33길","2746","1316","1430","1","187","374","407","538","1239","1","63","198","180","213","661","0","124","176","227","325","578"
"2019","3","A","골목상권","1000408","연서로34길","2572","1211","1361","2","167","324","425","492","1162","2","66","169","165","192","617","0","101","155","260","300","545"
"2019","3","A","골목상권","1000409","연서로3길","2384","1158","1226","7","258","484","661","607","367","5","114","261","318","248","212","2","144","223","343","359","155"
"2019","3","A","골목상권","1000410","연서로41길","2137","1059","1078","0","133","248","307","373","1076","0","54","131","120","166","588","0","79","117","187","207","488"
"2019","3","A","골목상권","1000411","연서로5길","2879","1436","1443","2","465","571","705","683","453","1","190","280","346","323","296","1","275","291","359","360","157"
"2019","3","A","골목상권","1000412","은평로10길","2797","1608","1189","8","256","454","648","724","707","5","126","247","355","362","513","3","130","207","293","362","194"
"2019","3","A","골목상권","1000413","은평로13길","5112","2783","2329","14","461","1020","1225","1377","1015","7","202","467","618","767","722","7","259","553","607","610","293"
"2019","3","A","골목상권","1000414","은평로20길","3395","1793","1602","5","425","874","855","858","378","3","155","415","430","537","253","2","270","459","425","321","125"
"2019","3","A","골목상권","1000415","은평로3길","2831","1418","1413","5","254","547","809","727","489","2","86","261","402","349","318","3","168","286","407","378","171"
"2019","3","A","골목상권","1000416","은평로8길","2570","1608","962","4","253","427","609","611","666","2","122","241","356","361","526","2","131","186","253","250","140"
"2019","3","A","골목상권","1000417","응암로12길","1541","605","936","0","155","288","432","414","252","0","58","101","137","156","153","0","97","187","295","258","99"
"2019","3","A","골목상권","1000418","응암로13길","1780","827","953","2","189","299","386","435","469","1","87","124","135","198","282","1","102","175","251","237","187"
"2019","3","A","골목상권","1000419","응암로14길","1190","497","693","1","155","225","268","295","246","0","71","95","96","118","117","1","84","130","172","177","129"
"2019","3","A","골목상권","1000420","응암로22길","1780","983","797","3","207","275","359","499","437","2","112","158","191","246","274","1","95","117","168","253","163"
"2019","3","A","골목상권","1000421","응암로34길","2199","1270","929","4","206","361","475","563","590","2","101","192","261","286","428","2","105","169","214","277","162"
"2019","3","A","골목상권","1000422","증산로13길","2236","1592","644","2","207","496","548","537","446","2","108","341","405","392","344","0","99","155","143","145","102"
"2019","3","A","골목상권","1000423","증산로15길","2125","1539","586","4","271","441","515","534","360","2","149","313","367","392","316","2","122","128","148","142","44"
"2019","3","A","골목상권","1000424","증산로17길","1725","1070","655","2","207","327","362","406","421","1","130","195","188","240","316","1","77","132","174","166","105"
"2019","3","A","골목상권","1000425","증산로21길","2744","1530","1214","2","282","618","778","631","433","1","116","331","430","343","309","1","166","287","348","288","124"
"2019","3","A","골목상권","1000426","증산로5길","2151","1437","714","0","251","538","602","501","259","0","120","384","423","326","184","0","131","154","179","175","75"
"2019","3","A","골목상권","1000427","증산로9길","2208","1527","681","1","277","580","609","486","255","1","135","411","442","337","201","0","142","169","167","149","54"
"2019","3","A","골목상권","1000428","증산서길","4701","3376","1325","3","383","562","625","862","2266","2","199","318","341","502","2014","1","184","244","284","360","252"
"2019","3","A","골목상권","1000429","진흥로12길","3073","1429","1644","5","371","813","822","660","402","3","136","344","410","301","235","2","235","469","412","359","167"
"2019","3","A","골목상권","1000430","진흥로1길","3044","1508","1536","3","329","539","788","830","555","1","144","275","402","377","309","2","185","264","386","453","246"
"2019","3","A","골목상권","1000431","통일로69길","1497","762","735","5","161","288","425","367","251","4","79","148","220","167","144","1","82","140","205","200","107"
"2019","3","A","골목상권","1000432","통일로78길","3522","1708","1814","2","315","570","662","716","1257","1","127","300","318","294","668","1","188","270","344","422","589"
"2019","3","A","골목상권","1000433","통일로87길","1913","875","1038","6","290","420","477","422","298","3","91","193","204","202","182","3","199","227","273","220","116"
"2019","3","A","골목상권","1000434","통일로92길","2025","859","1166","5","290","441","510","476","303","4","88","197","199","193","178","1","202","244","311","283","125"
"2019","3","A","골목상권","1000435","가재울로6길","838","438","400","0","81","152","257","257","91","0","30","83","134","133","58","0","51","69","123","124","33"
"2019","3","A","골목상권","1000436","독립문로8길","4893","2970","1923","7","539","1043","1190","1222","892","3","235","635","753","737","607","4","304","408","437","485","285"
"2019","3","A","골목상권","1000437","명지대길","2332","1380","952","1","197","435","626","677","396","0","105","255","322","401","297","1","92","180","304","276","99"
"2019","3","A","골목상권","1000438","모래내로15길","7538","4040","3498","36","2079","1313","1103","1354","1653","16","859","772","640","740","1013","20","1220","541","463","614","640"
"2019","3","A","골목상권","1000439","북아현로4길","4260","2491","1769","7","708","1227","1074","791","453","2","319","748","655","490","277","5","389","479","419","301","176"
"2019","3","A","골목상권","1000440","세검정로1길","1807","817","990","1","166","293","443","519","385","1","73","155","189","205","194","0","93","138","254","314","191"
"2019","3","A","골목상권","1000441","세무서2길","2073","1021","1052","2","214","337","549","680","291","1","75","177","260","346","162","1","139","160","289","334","129"
"2019","3","A","골목상권","1000442","세무서길","2079","981","1098","2","228","320","538","739","252","1","72","163","235","360","150","1","156","157","303","379","102"
"2019","3","A","골목상권","1000443","수색로8길","3693","2936","757","0","113","303","357","625","2295","0","49","189","184","415","2099","0","64","114","173","210","196"
"2019","3","A","골목상권","1000444","신촌로37길","3718","2170","1548","6","683","1102","922","633","372","1","307","672","567","402","221","5","376","430","355","231","151"
"2019","3","A","골목상권","1000445","연희로10길","7240","5475","1765","3","790","1553","1510","2448","936","2","499","1028","1029","2109","808","1","291","525","481","339","128"
"2019","3","A","골목상권","1000446","응암로1길","3214","1736","1478","4","397","872","801","703","437","2","150","498","469","363","254","2","247","374","332","340","183"
"2019","3","A","골목상권","1000447","증가로10길","1956","1073","883","1","199","469","564","528","195","1","97","277","276","285","137","0","102","192","288","243","58"
"2019","3","A","골목상권","1000448","증가로20가길","4286","2026","2260","31","1868","992","625","524","246","13","709","517","298","299","190","18","1159","475","327","225","56"
"2019","3","A","골목상권","1000449","증가로23나길","5873","2859","3014","37","2061","1356","958","923","538","16","770","693","506","529","345","21","1291","663","452","394","193"
"2019","3","A","골목상권","1000450","증가로6길","1829","1117","712","5","166","349","475","548","286","4","76","210","274","344","209","1","90","139","201","204","77"
"2019","3","A","골목상권","1000451","충정로4길","12451","7547","4904","22","2064","3709","3338","2325","993","9","1047","2246","2101","1457","687","13","1017","1463","1237","868","306"
"2019","3","A","골목상권","1000452","충정로6길","22356","13551","8805","42","3684","7299","6044","3916","1371","16","1665","4216","3938","2697","1019","26","2019","3083","2106","1219","352"
"2019","3","A","골목상권","1000453","통일로11길","1905","1117","788","6","202","489","468","479","261","3","71","285","276","291","191","3","131","204","192","188","70"
"2019","3","A","골목상권","1000454","통일로37길","1937","969","968","2","219","324","517","622","253","1","69","166","255","329","149","1","150","158","262","293","104"
"2019","3","A","골목상권","1000455","통일로39길","1847","875","972","1","203","289","466","677","211","0","66","146","226","314","123","1","137","143","240","363","88"
"2019","3","A","골목상권","1000456","홍연길","1345","854","491","5","117","217","306","439","261","4","51","131","172","293","203","1","66","86","134","146","58"
"2019","3","A","골목상권","1000457","홍제내길","1402","870","532","1","195","368","367","309","162","0","82","214","238","220","116","1","113","154","129","89","46"
"2019","3","A","골목상권","1000458","광성로6길","4955","2743","2212","23","763","1296","1237","1100","536","11","293","599","719","727","394","12","470","697","518","373","142"
"2019","3","A","골목상권","1000459","대흥로21길","3489","1676","1813","31","676","871","741","703","467","16","220","378","336","402","324","15","456","493","405","301","143"
"2019","3","A","골목상권","1000460","대흥로28길","1052","424","628","3","136","237","271","251","154","2","33","81","89","126","93","1","103","156","182","125","61"
"2019","3","A","골목상권","1000461","도화4길","18635","12105","6530","23","2761","4247","4105","4804","2695","14","1659","2918","2840","2958","1716","9","1102","1329","1265","1846","979"
"2019","3","A","골목상권","1000462","도화길","24419","15675","8744","25","3475","5739","5420","6208","3552","13","2092","3910","3881","3594","2185","12","1383","1829","1539","2614","1367"
"2019","3","A","골목상권","1000463","독막로22길","2697","1604","1093","6","347","623","693","632","396","4","126","308","422","430","314","2","221","315","271","202","82"
"2019","3","A","골목상권","1000464","독막로32길","5615","3148","2467","13","731","1548","1484","1264","575","11","316","755","833","807","426","2","415","793","651","457","149"
"2019","3","A","골목상권","1000465","독막로8길","5671","3372","2299","32","1480","1789","1209","794","367","14","678","1150","769","497","264","18","802","639","440","297","103"
"2019","3","A","골목상권","1000466","동교로17길","11590","5988","5602","31","1784","2873","2491","1747","2664","17","582","1443","1477","1025","1444","14","1202","1430","1014","722","1220"
"2019","3","A","골목상권","1000467","동교로19길","8710","4604","4106","22","1474","2465","2104","1549","1096","14","509","1282","1324","870","605","8","965","1183","780","679","491"
"2019","3","A","골목상권","1000468","동교로25길","8773","4722","4051","31","1555","2536","2114","1448","1089","19","556","1378","1338","833","598","12","999","1158","776","615","491"
"2019","3","A","골목상권","1000469","동교로27길","8492","4365","4127","25","1358","2345","2112","1572","1080","15","463","1271","1243","806","567","10","895","1074","869","766","513"
"2019","3","A","골목상권","1000470","동교로38길","4323","2241","2082","19","717","1084","1058","889","556","8","243","558","580","469","383","11","474","526","478","420","173"
"2019","3","A","골목상권","1000471","마포대로12길","18846","11355","7491","66","3489","5803","5365","3334","789","24","1343","3234","3573","2603","578","42","2146","2569","1792","731","211"
"2019","3","A","골목상권","1000472","마포대로20길","7006","3802","3204","9","1194","2193","2070","1114","426","5","561","1229","1125","620","262","4","633","964","945","494","164"
"2019","3","A","골목상권","1000473","마포대로4길","14354","9121","5233","24","1872","3349","3318","3135","2656","15","953","2011","2339","2051","1752","9","919","1338","979","1084","904"
"2019","3","A","골목상권","1000474","만리재옛길","11245","7060","4185","32","1663","3388","3371","2193","598","8","763","2040","2229","1615","405","24","900","1348","1142","578","193"
"2019","3","A","골목상권","1000475","망원로11길","8279","5674","2605","44","881","1481","1864","2333","1676","31","394","969","1303","1657","1320","13","487","512","561","676","356"
"2019","3","A","골목상권","1000476","망원로2길","3832","2116","1716","10","910","1093","906","571","342","5","512","596","459","304","240","5","398","497","447","267","102"
"2019","3","A","골목상권","1000477","매봉산로2길","8179","5297","2882","7","2244","2916","1776","933","303","2","1019","2011","1379","663","223","5","1225","905","397","270","80"
"2019","3","A","골목상권","1000478","모래내로7길","1979","1273","706","2","175","322","468","574","438","1","72","176","309","403","312","1","103","146","159","171","126"
"2019","3","A","골목상권","1000479","방울내로9안길","3140","1769","1371","12","523","649","785","714","457","2","205","378","466","422","296","10","318","271","319","292","161"
"2019","3","A","골목상권","1000480","백범로16길","30848","17676","13172","94","4325","6612","6252","10332","3233","38","1586","3360","3392","7068","2232","56","2739","3252","2860","3264","1001"
"2019","3","A","골목상권","1000481","성미산로11길","4101","2672","1429","9","532","1046","1024","890","600","8","244","656","679","621","464","1","288","390","345","269","136"
"2019","3","A","골목상권","1000482","성미산로1길","8621","5871","2750","46","940","1540","1935","2410","1750","33","416","1012","1356","1702","1352","13","524","528","579","708","398"
"2019","3","A","골목상권","1000483","성미산로32길","2456","1437","1019","9","410","696","594","470","277","5","165","401","361","294","211","4","245","295","233","176","66"
"2019","3","A","골목상권","1000484","성산로4길","4782","2818","1964","20","706","1082","1149","1134","691","9","302","648","680","711","468","11","404","434","469","423","223"
"2019","3","A","골목상권","1000485","성지3길","4035","2368","1667","14","651","1187","1061","728","394","11","248","624","689","508","288","3","403","563","372","220","106"
"2019","3","A","골목상권","1000486","숭문8길","3737","2438","1299","18","391","531","732","1107","958","5","146","311","497","781","698","13","245","220","235","326","260"
"2019","3","A","골목상권","1000487","숭문길","22147","12344","9803","98","3401","4627","4099","7861","2061","37","1071","2048","1886","5711","1591","61","2330","2579","2213","2150","470"
"2019","3","A","골목상권","1000488","신촌로12길","2882","1317","1565","6","591","767","675","504","339","3","173","343","340","262","196","3","418","424","335","242","143"
"2019","3","A","골목상권","1000489","신촌로28가길","810","316","494","2","119","191","207","181","110","2","36","61","63","78","76","0","83","130","144","103","34"
"2019","3","A","골목상권","1000490","신촌로30길","1451","756","695","5","367","459","289","197","134","1","146","245","148","119","97","4","221","214","141","78","37"
"2019","3","A","골목상권","1000491","양화로11길","12280","6156","6124","63","2264","3271","2622","1830","2230","41","957","1652","1528","909","1069","22","1307","1619","1094","921","1161"
"2019","3","A","골목상권","1000492","양화로1길","4874","2694","2180","6","864","1372","1099","833","700","4","347","673","665","508","497","2","517","699","434","325","203"
"2019","3","A","골목상권","1000493","양화진길","4337","2477","1860","6","781","1201","1062","804","483","5","301","639","672","537","323","1","480","562","390","267","160"
"2019","3","A","골목상권","1000494","와우산로29가길","4905","3307","1598","11","833","1184","1227","948","702","6","442","781","850","679","549","5","391","403","377","269","153"
"2019","3","A","골목상권","1000495","와우산로29길","2707","1512","1195","9","577","796","653","433","239","7","215","438","387","291","174","2","362","358","266","142","65"
"2019","3","A","골목상권","1000496","와우산로3길","4840","3024","1816","45","1374","1555","944","643","279","24","680","1083","636","395","206","21","694","472","308","248","73"
"2019","3","A","골목상권","1000497","월드컵로10길","8335","3925","4410","18","1242","2055","1757","1299","1964","9","402","981","992","690","851","9","840","1074","765","609","1113"
"2019","3","A","골목상권","1000498","월드컵로11길","3757","2051","1706","1","610","927","956","678","585","1","237","492","522","397","402","0","373","435","434","281","183"
"2019","3","A","골목상권","1000499","월드컵로16길","9404","6188","3216","37","995","1804","2206","2573","1789","31","425","1105","1488","1782","1357","6","570","699","718","791","432"
"2019","3","A","골목상권","1000500","월드컵로19길","7958","5447","2511","31","794","1459","1830","2218","1626","28","382","936","1245","1575","1281","3","412","523","585","643","345"
"2019","3","A","골목상권","1000501","월드컵로25길","2275","1280","995","3","252","485","669","516","350","2","121","274","367","286","230","1","131","211","302","230","120"
"2019","3","A","골목상권","1000502","월드컵로36길","3068","1463","1605","9","417","581","730","851","480","5","159","305","375","358","261","4","258","276","355","493","219"
"2019","3","A","골목상권","1000503","월드컵로7길","5092","2673","2419","11","862","1330","1200","914","775","7","334","655","689","508","480","4","528","675","511","406","295"
"2019","3","A","골목상권","1000504","월드컵로8길","12870","6599","6271","65","2363","3411","2761","1974","2296","43","986","1775","1632","1036","1127","22","1377","1636","1129","938","1169"
"2019","3","A","골목상권","1000505","토정로37길","19071","12015","7056","19","2290","4186","4301","4757","3518","10","1237","2648","3081","2867","2172","9","1053","1538","1220","1890","1346"
"2019","3","A","골목상권","1000506","효창원로93길","3752","1950","1802","8","727","864","990","832","331","5","315","452","491","481","206","3","412","412","499","351","125"
"2019","3","A","골목상권","1000507","가로공원로58길","992","630","362","5","83","156","209","291","248","5","36","72","112","195","210","0","47","84","97","96","38"
"2019","3","A","골목상권","1000508","곰달래로10길","2234","1425","809","10","252","408","522","690","352","8","144","257","310","448","258","2","108","151","212","242","94"
"2019","3","A","골목상권","1000509","곰달래로2길","2157","1431","726","8","244","371","513","688","333","4","148","247","328","451","253","4","96","124","185","237","80"
"2019","3","A","골목상권","1000510","곰달래로3길","2368","1325","1043","4","226","438","649","748","303","3","134","244","322","409","213","1","92","194","327","339","90"
"2019","3","A","골목상권","1000511","곰달래로5길","2454","1339","1115","8","228","441","575","664","538","7","137","249","268","356","322","1","91","192","307","308","216"
"2019","3","A","골목상권","1000512","남부순환로33길","2498","1410","1088","4","233","528","581","677","475","4","131","304","325","375","271","0","102","224","256","302","204"
"2019","3","A","골목상권","1000513","남부순환로40길","1611","1008","603","5","138","276","347","428","417","5","69","148","184","274","328","0","69","128","163","154","89"
"2019","3","A","골목상권","1000514","남부순환로58길","1566","819","747","5","183","326","436","440","176","3","107","192","202","198","117","2","76","134","234","242","59"
"2019","3","A","골목상권","1000515","남부순환로70길","3321","2494","827","3","323","444","649","1016","886","2","183","292","447","773","797","1","140","152","202","243","89"
"2019","3","A","골목상권","1000516","남부순환로79길","1921","1158","763","1","147","289","431","577","476","0","70","164","232","346","346","1","77","125","199","231","130"
"2019","3","A","골목상권","1000517","남부순환로88길","2340","1566","774","2","264","450","574","618","432","0","200","319","370","374","303","2","64","131","204","244","129"
"2019","3","A","골목상권","1000518","목동남로4길","2102","1256","846","5","252","496","523","471","355","3","129","307","288","272","257","2","123","189","235","199","98"
"2019","3","A","골목상권","1000520","목동동로8길","8127","5212","2915","17","997","2176","1984","1827","1126","7","524","1473","1317","1101","790","10","473","703","667","726","336"
"2019","3","A","골목상권","1000521","목동로19길","3566","1791","1775","7","489","866","893","781","530","6","159","427","463","414","322","1","330","439","430","367","208"
"2019","3","A","골목상권","1000522","목동로9길","3654","2078","1576","9","481","901","946","785","532","8","221","523","551","451","324","1","260","378","395","334","208"
"2019","3","A","골목상권","1000523","목동중앙남로3가길","1828","981","847","1","198","447","465","456","261","0","86","261","229","227","178","1","112","186","236","229","83"
"2019","3","A","골목상권","1000524","목동중앙로13나길","1457","850","607","5","186","436","388","270","172","3","78","227","237","200","105","2","108","209","151","70","67"
"2019","3","A","골목상권","1000525","목동중앙로3길","2755","1310","1445","5","323","583","803","647","394","2","147","280","326","286","269","3","176","303","477","361","125"
"2019","3","A","골목상권","1000526","목동중앙본로7길","1678","853","825","4","184","372","439","413","266","2","80","202","204","201","164","2","104","170","235","212","102"
"2019","3","A","골목상권","1000527","목동중앙북로16길","4793","2804","1989","3","766","1181","1304","1094","445","2","393","596","830","686","297","1","373","585","474","408","148"
"2019","3","A","골목상권","1000528","목동중앙북로8길","5428","3101","2327","8","732","1200","1307","1341","840","5","329","650","793","831","493","3","403","550","514","510","347"
"2019","3","A","골목상권","1000529","목동중앙서로7길","4466","2400","2066","4","841","1185","1052","948","436","1","226","601","634","595","343","3","615","584","418","353","93"
"2019","3","A","골목상권","1000530","목동중앙서로8가길","3906","1874","2032","3","781","1082","973","789","278","2","156","483","558","468","207","1","625","599","415","321","71"
"2019","3","A","골목상권","1000531","신목로2길","6261","3663","2598","26","898","1684","1589","1440","624","17","414","1054","970","768","440","9","484","630","619","672","184"
"2019","3","A","골목상권","1000532","신목로5길","11375","7572","3803","65","1539","3205","2766","2398","1402","50","894","2333","1859","1448","988","15","645","872","907","950","414"
"2019","3","A","골목상권","1000533","신목로6길","7112","4088","3024","27","1033","1846","1789","1656","761","17","472","1115","1072","884","528","10","561","731","717","772","233"
"2019","3","A","골목상권","1000534","신월로15길","2597","1802","795","2","165","311","510","798","811","1","84","178","287","552","700","1","81","133","223","246","111"
"2019","3","A","골목상권","1000535","신월로20길","1716","1052","664","2","156","285","387","416","470","1","67","134","212","244","394","1","89","151","175","172","76"
"2019","3","A","골목상권","1000536","오목로23길","3796","2006","1790","14","855","812","806","766","543","13","326","467","448","393","359","1","529","345","358","373","184"
"2019","3","A","골목상권","1000537","오목로30길","3177","1400","1777","7","716","579","629","663","583","6","205","263","306","293","327","1","511","316","323","370","256"
"2019","3","A","골목상권","1000538","오목로3길","2529","1819","710","3","165","291","495","811","764","1","91","174","283","586","684","2","74","117","212","225","80"
"2019","3","A","골목상권","1000539","오목로5길","2214","1397","817","4","201","366","509","638","496","2","101","211","263","414","406","2","100","155","246","224","90"
"2019","3","A","골목상권","1000540","은행정로5길","1363","647","716","1","130","256","279","400","297","1","61","117","120","178","170","0","69","139","159","222","127"
"2019","3","A","골목상권","1000541","은행정로7길","2877","1298","1579","6","717","584","544","579","447","4","208","255","282","278","271","2","509","329","262","301","176"
"2019","3","A","골목상권","1000542","중앙로25길","7070","4391","2679","21","883","1844","2109","1453","760","16","472","1184","1442","802","475","5","411","660","667","651","285"
"2019","3","A","골목상권","1000543","중앙로32길","9685","5589","4096","21","1665","2757","2572","1813","857","16","594","1651","1589","1147","592","5","1071","1106","983","666","265"
"2019","3","A","골목상권","1000544","중앙로36길","877","421","456","2","86","151","200","245","193","1","34","67","89","120","110","1","52","84","111","125","83"
"2019","3","A","골목상권","1000545","중앙로45길","3681","2722","959","5","259","428","650","670","1669","1","118","225","344","461","1573","4","141","203","306","209","96"
"2019","3","A","골목상권","1000546","중앙로47길","3953","2972","981","2","362","808","907","518","1356","1","160","476","671","370","1294","1","202","332","236","148","62"
"2019","3","A","골목상권","1000547","중앙로51길","3131","1839","1292","13","309","549","843","766","651","10","165","314","419","419","512","3","144","235","424","347","139"
"2019","3","A","골목상권","1000548","중앙로55길","2694","1503","1191","10","302","574","707","731","370","10","159","351","370","356","257","0","143","223","337","375","113"
"2019","3","A","골목상권","1000549","지양로7길","2787","1610","1177","2","244","350","463","729","999","2","141","217","288","432","530","0","103","133","175","297","469"
"2019","3","A","골목상권","1000550","화곡로3길","1251","643","608","9","141","289","336","336","140","6","68","140","172","167","90","3","73","149","164","169","50"
"2019","3","A","골목상권","1000551","화곡로4길","1747","954","793","5","155","356","418","480","333","5","71","170","207","267","234","0","84","186","211","213","99"
"2019","3","A","골목상권","1000552","가로공원로76가길","3422","2235","1187","6","263","604","884","1106","559","5","147","367","569","761","386","1","116","237","315","345","173"
"2019","3","A","골목상권","1000553","가로공원로80길","3330","2035","1295","6","315","682","804","907","616","5","160","419","491","613","347","1","155","263","313","294","269"
"2019","3","A","골목상권","1000554","강서로15길","3429","2229","1200","13","289","592","902","1121","512","13","177","348","542","741","408","0","112","244","360","380","104"
"2019","3","A","골목상권","1000555","강서로17가길","2316","1411","905","3","184","443","618","698","370","2","96","266","364","455","228","1","88","177","254","243","142"
"2019","3","A","골목상권","1000556","강서로18길","3425","2172","1253","3","356","895","929","855","387","2","197","524","535","603","311","1","159","371","394","252","76"
"2019","3","A","골목상권","1000557","강서로29길","3094","1432","1662","8","430","684","724","678","570","5","156","341","351","326","253","3","274","343","373","352","317"
"2019","3","A","골목상권","1000558","강서로35길","2484","1296","1188","3","300","560","602","583","436","2","122","315","305","289","263","1","178","245","297","294","173"
"2019","3","A","골목상권","1000559","강서로45길","5297","3226","2071","12","589","1151","1318","1381","846","6","321","764","766","765","604","6","268","387","552","616","242"
"2019","3","A","골목상권","1000560","강서로45다길","5855","3622","2233","10","620","1269","1459","1481","1016","6","348","843","861","842","722","4","272","426","598","639","294"
"2019","3","A","골목상권","1000561","강서로47길","1897","832","1065","3","182","351","557","602","202","1","53","151","203","277","147","2","129","200","354","325","55"
"2019","3","A","골목상권","1000562","강서로47라길","1832","854","978","3","165","313","511","631","209","1","54","137","192","315","155","2","111","176","319","316","54"
"2019","3","A","골목상권","1000563","강서로5가길","2161","1284","877","9","251","437","596","592","276","9","134","256","367","324","194","0","117","181","229","268","82"
"2019","3","A","골목상권","1000564","강서로5나길","2296","1512","784","11","241","462","626","654","302","9","150","284","404","428","237","2","91","178","222","226","65"
"2019","3","A","골목상권","1000565","강서로5라길","2427","1471","956","3","287","548","625","586","378","2","178","358","355","298","280","1","109","190","270","288","98"
"2019","3","A","골목상권","1000566","강서로8길","2680","1549","1131","6","341","624","710","674","325","6","185","378","403","344","233","0","156","246","307","330","92"
"2019","3","A","골목상권","1000567","개화동로23길","32664","17061","15603","4","5260","11027","9034","6088","1251","4","1124","4496","5252","5317","868","0","4136","6531","3782","771","383"
"2019","3","A","골목상권","1000568","개화동로25길","31997","16838","15159","2","5164","10932","8954","5984","961","2","1095","4448","5218","5271","804","0","4069","6484","3736","713","157"
"2019","3","A","골목상권","1000569","곰달래로25길","1599","840","759","2","182","324","446","428","217","2","83","159","217","218","161","0","99","165","229","210","56"
"2019","3","A","골목상권","1000570","곰달래로31길","2368","1344","1024","3","280","667","690","476","252","3","139","352","357","304","189","0","141","315","333","172","63"
"2019","3","A","골목상권","1000571","곰달래로47길","2054","1053","1001","4","214","586","615","435","200","2","104","297","286","239","125","2","110","289","329","196","75"
"2019","3","A","골목상권","1000572","곰달래로53길","1048","591","457","3","88","204","290","274","189","1","41","116","150","154","129","2","47","88","140","120","60"
"2019","3","A","골목상권","1000573","곰달래로60길","4139","1802","2337","2","845","1072","932","858","430","1","194","443","461","424","279","1","651","629","471","434","151"
"2019","3","A","골목상권","1000574","공항대로38길","3562","1756","1806","16","852","747","644","632","671","8","285","376","387","314","386","8","567","371","257","318","285"
"2019","3","A","골목상권","1000575","공항대로42길","2726","1437","1289","6","335","529","583","595","678","5","122","286","339","294","391","1","213","243","244","301","287"
"2019","3","A","골목상권","1000576","공항대로55길","10063","6402","3661","32","2097","2898","2409","1635","992","16","782","1852","1778","1195","779","16","1315","1046","631","440","213"
"2019","3","A","골목상권","1000577","공항대로59길","6250","4328","1922","20","771","1275","1211","1277","1696","16","346","792","772","892","1510","4","425","483","439","385","186"
"2019","3","A","골목상권","1000578","공항대로59다길","6526","4062","2464","17","809","1521","1748","1611","820","13","347","885","1116","1071","630","4","462","636","632","540","190"
"2019","3","A","골목상권","1000579","공항대로61길","5840","4057","1783","16","601","1150","1191","1211","1671","14","267","695","740","857","1484","2","334","455","451","354","187"
"2019","3","A","골목상권","1000580","공항대로8길","2283","1489","794","9","234","435","529","603","473","3","109","252","321","412","392","6","125","183","208","191","81"
"2019","3","A","골목상권","1000581","국회대로7길","3617","1767","1850","4","760","873","769","753","458","2","227","419","412","406","301","2","533","454","357","347","157"
"2019","3","A","골목상권","1000582","까치산로4길","3174","1709","1465","17","503","812","858","677","307","12","208","460","465","386","178","5","295","352","393","291","129"
"2019","3","A","골목상권","1000583","남부순환로11길","1621","1147","474","0","147","348","411","406","309","0","80","216","278","303","270","0","67","132","133","103","39"
"2019","3","A","골목상권","1000584","등촌로13길","1278","746","532","2","97","259","335","346","239","0","36","167","173","201","169","2","61","92","162","145","70"
"2019","3","A","골목상권","1000585","등촌로39길","3771","2103","1668","4","469","780","922","971","625","3","228","395","559","582","336","1","241","385","363","389","289"
"2019","3","A","골목상권","1000586","등촌로51길","2262","1385","877","5","252","454","523","589","439","4","98","244","313","386","340","1","154","210","210","203","99"
"2019","3","A","골목상권","1000587","등촌로55길","2909","1850","1059","10","343","643","748","698","467","8","145","398","460","473","366","2","198","245","288","225","101"
"2019","3","A","골목상권","1000588","등촌로5길","2969","1367","1602","2","679","820","634","543","291","0","139","365","330","319","214","2","540","455","304","224","77"
"2019","3","A","골목상권","1000589","방화대로21길","2569","1400","1169","10","299","455","590","540","675","5","112","252","381","323","327","5","187","203","209","217","348"
"2019","3","A","골목상권","1000590","방화대로6라길","1662","1051","611","0","165","390","480","416","211","0","94","248","322","251","136","0","71","142","158","165","75"
"2019","3","A","골목상권","1000591","양천로14길","3537","2332","1205","6","314","688","957","952","620","2","176","404","656","617","477","4","138","284","301","335","143"
"2019","3","A","골목상권","1000592","양천로24가길","3415","2235","1180","6","348","655","978","915","513","2","200","401","682","580","370","4","148","254","296","335","143"
"2019","3","A","골목상권","1000593","양천로24길","2263","1364","899","3","258","490","553","605","354","2","152","311","328","329","242","1","106","179","225","276","112"
"2019","3","A","골목상권","1000594","양천로26길","2408","1366","1042","9","510","629","483","492","285","2","183","332","293","327","229","7","327","297","190","165","56"
"2019","3","A","골목상권","1000595","양천로49길","6378","3772","2606","11","702","1492","1472","1591","1110","10","350","930","948","801","733","1","352","562","524","790","377"
"2019","3","A","골목상권","1000596","양천로71길","4714","2937","1777","7","512","1000","1146","1244","805","6","251","592","669","773","646","1","261","408","477","471","159"
"2019","3","A","골목상권","1000597","양천로73가길","4343","2966","1377","7","636","991","981","1003","725","5","396","651","626","692","596","2","240","340","355","311","129"
"2019","3","A","골목상권","1000598","우장산로6길","1565","839","726","2","156","280","433","479","215","2","63","143","205","261","165","0","93","137","228","218","50"
"2019","3","A","골목상권","1000599","월정로20길","1929","1244","685","13","203","387","525","559","242","11","123","229","328","359","194","2","80","158","197","200","48"
"2019","3","A","골목상권","1000600","초록마을로3길","4376","2756","1620","3","915","1009","925","848","676","3","308","621","623","626","575","0","607","388","302","222","101"
"2019","3","A","골목상권","1000601","초록마을로8길","1876","1091","785","5","204","413","500","494","260","2","99","266","297","251","176","3","105","147","203","243","84"
"2019","3","A","골목상권","1000602","초원로16길","2324","1253","1071","8","268","400","537","518","593","3","106","232","347","289","276","5","162","168","190","229","317"
"2019","3","A","골목상권","1000603","화곡로13길","2004","1109","895","3","206","456","560","530","249","3","111","269","288","268","170","0","95","187","272","262","79"
"2019","3","A","골목상권","1000604","화곡로20길","2846","1566","1280","4","327","660","670","694","491","4","181","396","373","367","245","0","146","264","297","327","246"
"2019","3","A","골목상권","1000605","화곡로31길","4118","2087","2031","6","894","890","869","800","659","3","237","445","455","472","475","3","657","445","414","328","184"
"2019","3","A","골목상권","1000606","화곡로44나길","6214","3993","2221","3","668","1580","1473","1535","955","2","291","925","945","1096","734","1","377","655","528","439","221"
"2019","3","A","골목상권","1000607","화곡로59길","13146","7810","5336","24","1570","3362","3218","3400","1572","7","747","2155","2074","1874","953","17","823","1207","1144","1526","619"
"2019","3","A","골목상권","1000608","화곡로64길","14195","8485","5710","37","2506","3701","3251","2947","1753","11","1041","2501","2287","1587","1058","26","1465","1200","964","1360","695"
"2019","3","A","골목상권","1000609","개봉로11길","2920","1316","1604","11","408","543","691","822","445","10","208","287","261","281","269","1","200","256","430","541","176"
"2019","3","A","골목상권","1000610","개봉로17길","4544","2383","2161","21","1048","1356","926","849","344","15","583","902","420","265","198","6","465","454","506","584","146"
"2019","3","A","골목상권","1000611","개봉로17다길","5328","2960","2368","24","1064","1428","1113","1083","616","18","593","947","546","435","421","6","471","481","567","648","195"
"2019","3","A","골목상권","1000612","개봉로1길","1125","674","451","1","164","243","263","234","220","1","73","147","153","139","161","0","91","96","110","95","59"
"2019","3","A","골목상권","1000613","개봉로20길","7036","3927","3109","26","1135","1781","1583","1581","930","17","635","1157","822","724","572","9","500","624","761","857","358"
"2019","3","A","골목상권","1000614","개봉로23가길","7315","3759","3556","17","617","1303","1883","2199","1296","11","325","654","879","1043","847","6","292","649","1004","1156","449"
"2019","3","A","골목상권","1000615","개봉로2길","5507","2892","2615","18","1031","1565","1209","1150","534","10","560","1029","606","423","264","8","471","536","603","727","270"
"2019","3","A","골목상권","1000616","개봉로3길","1385","792","593","2","196","297","313","310","267","2","84","165","170","181","190","0","112","132","143","129","77"
"2019","3","A","골목상권","1000617","경인로15길","1979","1220","759","7","153","358","495","589","377","4","83","210","300","343","280","3","70","148","195","246","97"
"2019","3","A","골목상권","1000618","경인로31길","1349","773","576","2","143","338","343","302","221","1","68","200","176","157","171","1","75","138","167","145","50"
"2019","3","A","골목상권","1000619","경인로35길","3243","1904","1339","14","261","654","877","848","589","11","121","371","501","467","433","3","140","283","376","381","156"
"2019","3","A","골목상권","1000620","경인로47길","3463","2253","1210","3","384","737","795","831","713","3","192","445","461","537","615","0","192","292","334","294","98"
"2019","3","A","골목상권","1000621","고척로21나길","2488","1503","985","5","272","493","548","635","535","4","136","290","328","348","397","1","136","203","220","287","138"
"2019","3","A","골목상권","1000622","고척로27길","1590","913","677","0","166","350","389","423","262","0","85","183","201","236","208","0","81","167","188","187","54"
"2019","3","A","골목상권","1000623","고척로27다길","1318","740","578","1","147","304","302","339","225","0","70","145","153","192","180","1","77","159","149","147","45"
"2019","3","A","골목상권","1000624","고척로52길","5366","3884","1482","12","356","1163","1588","1799","448","11","180","828","1172","1377","316","1","176","335","416","422","132"
"2019","3","A","골목상권","1000625","공원로6가길","11445","5899","5546","37","1258","2228","2973","2977","1972","29","687","1325","1548","1239","1071","8","571","903","1425","1738","901"
"2019","3","A","골목상권","1000626","구로동로15길","12442","8644","3798","52","2063","3649","3205","1988","1485","44","1135","2524","2419","1436","1086","8","928","1125","786","552","399"
"2019","3","A","골목상권","1000627","구로동로28길","4145","2368","1777","9","453","1188","1013","1001","481","3","189","606","544","706","320","6","264","582","469","295","161"
"2019","3","A","골목상권","1000628","구로동로38길","4396","2501","1895","3","487","1204","1043","1106","553","1","220","617","591","744","328","2","267","587","452","362","225"
"2019","3","A","골목상권","1000629","구로동로41길","1287","615","672","0","129","214","294","350","300","0","55","90","154","157","159","0","74","124","140","193","141"
"2019","3","A","골목상권","1000630","구로동로42길","5118","2589","2529","6","721","1260","1186","1245","700","1","247","555","568","793","425","5","474","705","618","452","275"
"2019","3","A","골목상권","1000631","구로동로7길","12781","8818","3963","51","2090","3689","3263","2050","1638","44","1157","2544","2435","1452","1186","7","933","1145","828","598","452"
"2019","3","A","골목상권","1000632","구로동로8길","1777","922","855","9","207","302","420","416","423","6","89","149","185","215","278","3","118","153","235","201","145"
"2019","3","A","골목상권","1000633","구로중앙로19길","4824","2726","2098","3","514","1325","1180","1192","610","1","228","703","651","795","348","2","286","622","529","397","262"
"2019","3","A","골목상권","1000634","구로중앙로28길","12917","8903","4014","12","1629","3211","3148","2719","2198","6","1078","2501","2343","1660","1315","6","551","710","805","1059","883"
"2019","3","A","골목상권","1000635","구로중앙로34길","3914","2287","1627","3","473","872","1026","916","624","0","211","504","620","541","411","3","262","368","406","375","213"
"2019","3","A","골목상권","1000636","구로중앙로42길","8996","6446","2550","18","805","2371","2410","2008","1384","13","457","1737","1759","1434","1046","5","348","634","651","574","338"
"2019","3","A","골목상권","1000637","구로중앙로7길","1798","1107","691","6","161","315","439","527","350","3","65","151","256","366","266","3","96","164","183","161","84"
"2019","3","A","골목상권","1000638","구로중앙로8길","3214","1926","1288","2","299","613","856","887","557","0","141","352","487","555","391","2","158","261","369","332","166"
"2019","3","A","골목상권","1000639","남부순환로97길","6447","3655","2792","26","1085","1631","1407","1431","867","15","610","1086","745","651","548","11","475","545","662","780","319"
"2019","3","A","골목상권","1000640","도림로12길","5643","3828","1815","27","1093","1822","1436","784","481","20","635","1302","1046","500","325","7","458","520","390","284","156"
"2019","3","A","골목상권","1000641","도림로6길","6586","4103","2483","27","1085","1910","1690","1020","854","18","509","1197","1104","649","626","9","576","713","586","371","228"
"2019","3","A","골목상권","1000642","디지털로27길","28510","19539","8971","92","5763","9852","7053","3664","2086","63","3028","6913","5372","2524","1639","29","2735","2939","1681","1140","447"
"2019","3","A","골목상권","1000643","디지털로32가길","32787","19823","12964","87","6306","11557","8707","3939","2191","48","2822","7177","5708","2439","1629","39","3484","4380","2999","1500","562"
"2019","3","A","골목상권","1000644","디지털로32길","33210","19957","13253","76","6476","11907","8885","3868","1998","39","2936","7431","5720","2361","1470","37","3540","4476","3165","1507","528"
"2019","3","A","골목상권","1000645","부일로11길","1736","1074","662","0","194","345","440","457","300","0","92","205","261","312","204","0","102","140","179","145","96"
"2019","3","A","골목상권","1000646","부일로15길","1369","834","535","0","132","260","344","364","269","0","62","144","204","235","189","0","70","116","140","129","80"
"2019","3","A","골목상권","1000647","부일로1길","2510","1740","770","22","225","479","574","725","485","22","144","292","367","502","413","0","81","187","207","223","72"
"2019","3","A","골목상권","1000648","새말로18길","10262","5194","5068","37","1066","1936","2604","2721","1898","30","570","1151","1281","1089","1073","7","496","785","1323","1632","825"
"2019","3","A","골목상권","1000649","신도림로13길","4603","3433","1170","5","417","1502","1289","873","517","4","239","1133","1023","641","393","1","178","369","266","232","124"
"2019","3","A","골목상권","1000650","오류로8길","3412","2181","1231","3","382","756","971","910","390","0","229","448","633","591","280","3","153","308","338","319","110"
"2019","3","A","골목상권","1000651","우마길","5058","3191","1867","26","821","1360","1333","880","638","17","407","861","880","561","465","9","414","499","453","319","173"
"2019","3","A","골목상권","1000652","중앙로15길","1990","1316","674","4","230","448","472","556","280","2","136","317","309","330","222","2","94","131","163","226","58"
"2019","3","A","골목상권","1000653","중앙로1길","4432","2630","1802","3","477","924","1049","1095","884","3","247","491","520","629","740","0","230","433","529","466","144"
"2019","3","A","골목상권","1000654","가산로3길","23142","15779","7363","68","3801","7093","6026","3994","2160","47","2150","4883","4490","2673","1536","21","1651","2210","1536","1321","624"
"2019","3","A","골목상권","1000655","가산로5길","9489","5285","4204","31","1457","2477","2344","1743","1437","23","772","1427","1388","921","754","8","685","1050","956","822","683"
"2019","3","A","골목상권","1000656","금하로14길","1455","693","762","0","124","234","370","398","329","0","36","113","175","189","180","0","88","121","195","209","149"
"2019","3","A","골목상권","1000657","금하로1길","1380","874","506","12","216","300","294","303","255","11","130","188","203","157","185","1","86","112","91","146","70"
"2019","3","A","골목상권","1000658","금하로24길","1842","1050","792","12","217","390","444","443","336","12","118","223","219","250","228","0","99","167","225","193","108"
"2019","3","A","골목상권","1000659","남부순환로112길","4036","2362","1674","19","516","894","922","694","991","14","266","553","604","437","488","5","250","341","318","257","503"
"2019","3","A","골목상권","1000660","독산로108길","5283","3750","1533","3","363","952","972","1018","1975","3","203","569","608","628","1739","0","160","383","364","390","236"
"2019","3","A","골목상권","1000661","독산로40길","1565","961","604","10","228","342","447","378","160","8","140","237","276","184","116","2","88","105","171","194","44"
"2019","3","A","골목상권","1000662","독산로50길","977","610","367","7","145","202","304","229","90","5","87","141","182","127","68","2","58","61","122","102","22"
"2019","3","A","골목상권","1000663","독산로64길","1616","909","707","1","177","285","352","471","330","0","98","112","154","282","263","1","79","173","198","189","67"
"2019","3","A","골목상권","1000664","독산로70길","1765","1104","661","1","208","334","373","463","386","0","117","198","206","290","293","1","91","136","167","173","93"
"2019","3","A","골목상권","1000665","독산로78다길","1514","948","566","2","225","380","355","307","245","2","143","270","215","159","159","0","82","110","140","148","86"
"2019","3","A","골목상권","1000666","독산로85길","1548","986","562","2","212","380","391","345","218","2","131","268","246","189","150","0","81","112","145","156","68"
"2019","3","A","골목상권","1000667","문성로5길","4652","3245","1407","3","271","726","851","845","1956","3","150","398","501","470","1723","0","121","328","350","375","233"
"2019","3","A","골목상권","1000668","범안로11길","24684","16820","7864","67","3091","5981","5696","4390","5459","51","1847","4150","4132","2957","3683","16","1244","1831","1564","1433","1776"
"2019","3","A","골목상권","1000669","범안로17길","9202","5914","3288","26","606","1159","1420","1810","4181","23","377","760","914","1110","2730","3","229","399","506","700","1451"
"2019","3","A","골목상권","1000670","벚꽃로56길","57475","35620","21855","837","14443","16782","12962","7380","5071","407","7174","10807","9041","4589","3602","430","7269","5975","3921","2791","1469"
"2019","3","A","골목상권","1000671","시흥대로120길","2877","1943","934","7","341","568","683","717","561","5","198","350","451","486","453","2","143","218","232","231","108"
"2019","3","A","골목상권","1000672","시흥대로138길","1917","1165","752","2","236","390","506","483","300","2","141","226","310","274","212","0","95","164","196","209","88"
"2019","3","A","골목상권","1000673","시흥대로141길","3100","1893","1207","5","444","686","748","706","511","0","219","411","452","424","387","5","225","275","296","282","124"
"2019","3","A","골목상권","1000674","시흥대로150길","2651","1573","1078","4","289","576","721","659","402","0","141","321","415","390","306","4","148","255","306","269","96"
"2019","3","A","골목상권","1000675","시흥대로153길","3302","1746","1556","10","386","597","720","639","950","3","183","346","422","351","441","7","203","251","298","288","509"
"2019","3","A","골목상권","1000676","시흥대로22길","7864","4751","3113","8","543","1106","1839","2115","2253","2","277","728","1074","1198","1472","6","266","378","765","917","781"
"2019","3","A","골목상권","1000677","시흥대로36길","7357","4210","3147","8","549","1109","1742","1983","1966","2","264","710","980","1065","1189","6","285","399","762","918","777"
"2019","3","A","골목상권","1000678","시흥대로62가길","2092","959","1133","5","327","393","488","525","354","5","127","197","219","211","200","0","200","196","269","314","154"
"2019","3","A","골목상권","1000679","시흥대로63길","5201","2592","2609","12","991","1479","1104","1077","538","6","420","677","508","622","359","6","571","802","596","455","179"
"2019","3","A","골목상권","1000680","시흥대로68길","4174","2360","1814","15","908","1045","735","650","821","9","405","565","353","311","717","6","503","480","382","339","104"
"2019","3","A","골목상권","1000681","시흥대로84길","2535","1634","901","6","259","493","521","524","732","6","157","295","282","253","641","0","102","198","239","271","91"
"2019","3","A","골목상권","1000682","시흥대로94길","3639","2395","1244","7","352","600","692","910","1078","3","187","328","393","548","936","4","165","272","299","362","142"
"2019","3","A","골목상권","1000683","가마산로61길","1074","605","469","0","89","256","286","262","181","0","32","136","150","158","129","0","57","120","136","104","52"
"2019","3","A","골목상권","1000684","경인로77길","9616","5772","3844","21","1755","2800","2617","1568","855","8","686","1577","1734","1092","675","13","1069","1223","883","476","180"
"2019","3","A","골목상권","1000685","경인로80길","8214","5256","2958","16","1508","2283","2165","1351","891","6","635","1376","1504","1011","724","10","873","907","661","340","167"
"2019","3","A","골목상권","1000686","경인로90길","8824","5515","3309","38","1736","2619","2320","1375","736","8","719","1530","1610","1051","597","30","1017","1089","710","324","139"
"2019","3","A","골목상권","1000687","국회대로56길","7396","4375","3021","13","1438","1706","1722","1453","1064","8","472","964","1146","989","796","5","966","742","576","464","268"
"2019","3","A","골목상권","1000688","당산로31길","16080","9043","7037","38","2703","3926","3199","3624","2590","13","1285","2220","1931","2064","1530","25","1418","1706","1268","1560","1060"
"2019","3","A","골목상권","1000689","당산로37길","17655","10007","7648","44","3300","5443","4556","2971","1341","14","1301","3136","2698","1900","958","30","1999","2307","1858","1071","383"
"2019","3","A","골목상권","1000690","당산로38길","9714","6175","3539","27","1662","2824","2191","2012","998","7","754","1758","1536","1376","744","20","908","1066","655","636","254"
"2019","3","A","골목상권","1000691","당산로46길","10918","7319","3599","22","1229","2468","2923","2790","1486","9","587","1648","2088","1925","1062","13","642","820","835","865","424"
"2019","3","A","골목상권","1000692","대림로22길","3006","1594","1412","11","507","597","651","682","558","3","162","309","343","388","389","8","345","288","308","294","169"
"2019","3","A","골목상권","1000693","대림로29길","4098","2329","1769","6","571","836","956","988","741","2","228","463","558","574","504","4","343","373","398","414","237"
"2019","3","A","골목상권","1000694","대림로31길","12608","8744","3864","23","1445","3035","2976","2675","2454","11","1029","2458","2288","1583","1375","12","416","577","688","1092","1079"
"2019","3","A","골목상권","1000695","대림로34길","4611","3212","1399","22","524","1109","1234","951","771","8","300","785","914","637","568","14","224","324","320","314","203"
"2019","3","A","골목상권","1000696","대림로44길","8512","4444","4068","19","848","1646","2153","2305","1541","12","529","1065","1157","855","826","7","319","581","996","1450","715"
"2019","3","A","골목상권","1000697","대림로7길","4992","2804","2188","14","937","1534","1247","785","475","7","418","926","674","465","314","7","519","608","573","320","161"
"2019","3","A","골목상권","1000698","대림로8길","4740","2360","2380","5","1176","1364","994","742","459","5","388","731","558","391","287","0","788","633","436","351","172"
"2019","3","A","골목상권","1000699","도림로112길","2449","1706","743","6","259","518","624","556","486","4","123","361","445","395","378","2","136","157","179","161","108"
"2019","3","A","골목상권","1000700","도림로147길","8225","4639","3586","16","1219","1909","2010","2099","972","7","606","1186","1238","1031","571","9","613","723","772","1068","401"
"2019","3","A","골목상권","1000701","도림로63길","1332","884","448","7","198","274","304","315","234","2","109","179","211","196","187","5","89","95","93","119","47"
"2019","3","A","골목상권","1000702","도림천로21길","17407","10208","7199","47","3705","6293","4352","1855","1155","22","1574","3805","2821","1184","802","25","2131","2488","1531","671","353"
"2019","3","A","골목상권","1000703","도신로15길","3086","1983","1103","5","440","573","698","678","692","3","212","342","382","481","563","2","228","231","316","197","129"
"2019","3","A","골목상권","1000704","도신로29길","2066","1362","704","4","228","484","557","433","360","2","99","331","387","286","257","2","129","153","170","147","103"
"2019","3","A","골목상권","1000705","도신로60길","1396","776","620","0","192","382","320","279","223","0","93","206","175","167","135","0","99","176","145","112","88"
"2019","3","A","골목상권","1000706","도신로62길","2270","1224","1046","0","282","567","481","549","391","0","128","331","290","274","201","0","154","236","191","275","190"
"2019","3","A","골목상권","1000707","디지털로37길","3199","1744","1455","6","485","642","705","738","623","3","183","342","384","406","426","3","302","300","321","332","197"
"2019","3","A","골목상권","1000708","디지털로57길","3063","1700","1363","7","440","545","666","748","657","3","154","288","366","441","448","4","286","257","300","307","209"
"2019","3","A","골목상권","1000709","디지털로74길","3461","1607","1854","9","723","836","888","678","327","6","201","396","419","365","220","3","522","440","469","313","107"
"2019","3","A","골목상권","1000710","선유로55길","11415","6048","5367","29","2140","3350","3254","1637","1005","13","798","1935","1775","824","703","16","1342","1415","1479","813","302"
"2019","3","A","골목상권","1000711","선유서로24길","22479","11969","10510","93","5232","5595","4877","4465","2217","37","2307","3889","2579","1489","1668","56","2925","1706","2298","2976","549"
"2019","3","A","골목상권","1000712","선유서로25길","5355","3999","1356","17","612","1294","1286","1062","1084","11","372","982","984","773","877","6","240","312","302","289","207"
"2019","3","A","골목상권","1000713","선유서로28길","8413","5175","3238","33","1557","2037","2011","1594","1181","17","793","1324","1205","929","907","16","764","713","806","665","274"
"2019","3","A","골목상권","1000714","신길로17길","2354","1284","1070","17","271","530","697","544","295","8","125","315","350","294","192","9","146","215","347","250","103"
"2019","3","A","골목상권","1000715","신길로39길","1789","1010","779","2","149","324","390","462","462","2","58","171","216","241","322","0","91","153","174","221","140"
"2019","3","A","골목상권","1000716","신길로42가길","2756","1550","1206","1","266","593","600","638","658","0","112","289","304","356","489","1","154","304","296","282","169"
"2019","3","A","골목상권","1000717","신길로42길","2220","1289","931","0","268","434","477","533","508","0","136","259","279","276","339","0","132","175","198","257","169"
"2019","3","A","골목상권","1000718","신길로60길","2210","1243","967","4","232","520","527","512","415","1","104","235","272","294","337","3","128","285","255","218","78"
"2019","3","A","골목상권","1000719","양평로19길","13383","7393","5990","35","2409","3915","3772","2006","1246","15","993","2362","2095","1052","876","20","1416","1553","1677","954","370"
"2019","3","A","골목상권","1000720","양평로22라길","4280","2580","1700","9","561","1024","1153","1031","502","7","257","597","705","620","394","2","304","427","448","411","108"
"2019","3","A","골목상권","1000721","양평로28길","4368","2776","1592","12","511","958","1129","1108","650","8","268","613","680","688","519","4","243","345","449","420","131"
"2019","3","A","골목상권","1000722","여의대방로35길","3426","2054","1372","17","501","705","762","717","724","9","217","455","462","441","470","8","284","250","300","276","254"
"2019","3","A","골목상권","1000723","여의대방로39길","4921","3547","1374","7","874","1171","996","1432","441","2","518","859","739","1120","309","5","356","312","257","312","132"
"2019","3","A","골목상권","1000724","여의대방로43나길","5861","4249","1612","4","861","1233","1148","1831","784","2","570","928","833","1383","533","2","291","305","315","448","251"
"2019","3","A","골목상권","1000725","여의대방로61길","3778","1851","1927","7","816","1086","849","549","471","1","258","573","455","292","272","6","558","513","394","257","199"
"2019","3","A","골목상권","1000726","영등포로25길","9035","5218","3817","34","1231","2210","2234","1927","1399","23","552","1102","1310","1228","1003","11","679","1108","924","699","396"
"2019","3","A","골목상권","1000727","영등포로27길","7457","4351","3106","33","1132","1884","1852","1417","1139","16","482","1028","1163","879","783","17","650","856","689","538","356"
"2019","3","A","골목상권","1000728","영등포로35길","4816","2883","1933","14","536","1054","1210","1063","939","3","209","621","802","664","584","11","327","433","408","399","355"
"2019","3","A","골목상권","1000729","영등포로62길","1640","874","766","0","195","311","418","398","318","0","93","155","226","199","201","0","102","156","192","199","117"
"2019","3","A","골목상권","1000730","영등포로80길","4075","1935","2140","4","680","911","943","894","643","0","197","473","504","421","340","4","483","438","439","473","303"
"2019","3","A","골목상권","1000731","영등포로84길","4371","2067","2304","4","863","1167","926","826","585","0","268","634","498","371","296","4","595","533","428","455","289"
"2019","3","A","골목상권","1000732","영신로9길","2662","1667","995","25","502","478","523","563","571","11","232","320","356","353","395","14","270","158","167","210","176"
"2019","3","A","골목상권","1000733","국사봉1길","1828","927","901","0","161","378","434","471","384","0","67","218","253","201","188","0","94","160","181","270","196"
"2019","3","A","골목상권","1000734","국사봉2길","16541","10676","5865","23","3242","3409","2609","3796","3462","11","2562","2811","1729","1786","1777","12","680","598","880","2010","1685"
"2019","3","A","골목상권","1000735","국사봉길","1454","817","637","0","145","333","397","384","195","0","68","187","238","193","131","0","77","146","159","191","64"
"2019","3","A","골목상권","1000736","노량진로6길","6312","3608","2704","9","774","2030","1748","1208","543","3","366","1049","1017","812","361","6","408","981","731","396","182"
"2019","3","A","골목상권","1000737","대방동27길","6330","4252","2078","9","1046","1453","1303","1796","723","3","563","985","882","1323","496","6","483","468","421","473","227"
"2019","3","A","골목상권","1000738","대방동2길","16869","10771","6098","23","3325","3535","2673","3821","3492","11","2578","2858","1738","1800","1786","12","747","677","935","2021","1706"
"2019","3","A","골목상권","1000739","동작대로17길","5580","3085","2495","13","816","1303","1389","1063","996","7","276","661","804","643","694","6","540","642","585","420","302"
"2019","3","A","골목상권","1000740","동작대로29길","1281","639","642","6","221","337","355","218","144","3","74","192","182","109","79","3","147","145","173","109","65"
"2019","3","A","골목상권","1000741","동작대로33길","11983","5014","6969","15","1964","3143","3698","2176","987","6","590","1272","1667","1009","470","9","1374","1871","2031","1167","517"
"2019","3","A","골목상권","1000742","동작대로35길","10868","4646","6222","13","1745","2921","3556","1971","662","5","527","1181","1615","975","343","8","1218","1740","1941","996","319"
"2019","3","A","골목상권","1000743","동작대로7길","7677","4249","3428","7","1331","2042","1982","1349","966","3","452","1061","1148","861","724","4","879","981","834","488","242"
"2019","3","A","골목상권","1000744","등용로14길","7740","4661","3079","18","1051","2531","2103","1397","640","6","528","1442","1290","959","436","12","523","1089","813","438","204"
"2019","3","A","골목상권","1000745","만양로14길","2069","1080","989","5","239","516","556","412","341","2","98","264","318","195","203","3","141","252","238","217","138"
"2019","3","A","골목상권","1000746","만양로8길","4532","2761","1771","17","605","950","1186","1160","614","9","356","615","751","669","361","8","249","335","435","491","253"
"2019","3","A","골목상권","1000747","사당로16가길","2588","1425","1163","1","253","452","609","535","738","0","106","231","291","287","510","1","147","221","318","248","228"
"2019","3","A","골목상권","1000748","사당로16길","2679","1519","1160","1","262","429","635","558","794","0","124","215","314","300","566","1","138","214","321","258","228"
"2019","3","A","골목상권","1000749","사당로20길","2201","1335","866","1","214","349","501","446","690","0","82","195","292","278","488","1","132","154","209","168","202"
"2019","3","A","골목상권","1000750","사당로23길","13107","4362","8745","0","3494","4255","3168","1751","439","0","669","1303","1065","1024","301","0","2825","2952","2103","727","138"
"2019","3","A","골목상권","1000751","사당로23나길","845","394","451","1","160","192","220","161","111","1","46","95","95","90","67","0","114","97","125","71","44"
"2019","3","A","골목상권","1000752","사당로26길","3024","1706","1318","1","370","675","873","638","467","0","132","323","497","405","349","1","238","352","376","233","118"
"2019","3","A","골목상권","1000753","사당로29길","2526","1239","1287","4","391","646","695","461","329","1","114","298","350","257","219","3","277","348","345","204","110"
"2019","3","A","골목상권","1000754","사당로2차길","2179","1452","727","0","229","578","490","504","378","0","128","394","314","328","288","0","101","184","176","176","90"
"2019","3","A","골목상권","1000755","사당로30길","4778","2722","2056","2","683","1284","1292","952","565","0","233","646","806","642","395","2","450","638","486","310","170"
"2019","3","A","골목상권","1000756","사당로8길","3286","2034","1252","2","409","803","884","728","460","1","221","534","501","428","349","1","188","269","383","300","111"
"2019","3","A","골목상권","1000757","상도로15길","1998","920","1078","1","273","386","480","457","401","0","117","180","214","207","202","1","156","206","266","250","199"
"2019","3","A","골목상권","1000758","상도로37길","2367","1135","1232","4","370","631","580","483","299","2","131","327","290","226","159","2","239","304","290","257","140"
"2019","3","A","골목상권","1000759","상도로47길","2701","1283","1418","3","385","699","698","570","346","2","141","351","353","257","179","1","244","348","345","313","167"
"2019","3","A","골목상권","1000760","상도로61길","3185","1684","1501","2","516","920","937","562","248","1","199","521","534","263","166","1","317","399","403","299","82"
"2019","3","A","골목상권","1000761","상도로62길","1876","909","967","1","327","435","405","422","286","0","105","216","235","187","166","1","222","219","170","235","120"
"2019","3","A","골목상권","1000762","서달로10길","663","387","276","1","84","148","158","155","117","1","50","99","89","83","65","0","34","49","69","72","52"
"2019","3","A","골목상권","1000763","서달로14길","758","411","347","1","87","151","203","167","149","1","33","82","104","86","105","0","54","69","99","81","44"
"2019","3","A","골목상권","1000765","서달로8가길","475","196","279","1","61","72","121","126","94","1","13","31","51","48","52","0","48","41","70","78","42"
"2019","3","A","골목상권","1000766","성대로1길","1440","636","804","0","132","267","355","358","328","0","51","129","166","136","154","0","81","138","189","222","174"
"2019","3","A","골목상권","1000767","성대로29길","1699","789","910","0","195","326","399","421","358","0","85","160","187","187","170","0","110","166","212","234","188"
"2019","3","A","골목상권","1000768","신대방길","7354","4580","2774","24","1586","2021","1819","1210","694","17","718","1352","1258","745","490","7","868","669","561","465","204"
"2019","3","A","골목상권","1000769","양녕로26길","1652","1153","499","3","159","390","444","507","149","2","79","257","306","395","114","1","80","133","138","112","35"
"2019","3","A","골목상권","1000770","여의대방로22길","17909","11394","6515","34","3439","3610","2908","4038","3880","18","2667","2912","1882","1949","1966","16","772","698","1026","2089","1914"
"2019","3","A","골목상권","1000771","여의대방로22나길","17606","11183","6423","35","3393","3529","2806","3983","3860","18","2627","2863","1800","1914","1961","17","766","666","1006","2069","1899"
"2019","3","A","골목상권","1000772","여의대방로22카길","18024","11520","6504","25","3426","3736","3002","4070","3765","12","2643","2997","1953","1952","1963","13","783","739","1049","2118","1802"
"2019","3","A","골목상권","1000773","여의대방로24길","19681","12377","7304","38","3729","4075","3301","4433","4105","18","2736","3190","2122","2187","2124","20","993","885","1179","2246","1981"
"2019","3","A","골목상권","1000774","여의대방로46길","7717","4507","3210","14","1363","2427","1929","1223","761","5","556","1503","1249","752","442","9","807","924","680","471","319"
"2019","3","A","골목상권","1000775","장승배기로10길","3413","2145","1268","14","466","729","875","918","411","6","271","486","562","578","242","8","195","243","313","340","169"
"2019","3","A","골목상권","1000776","장승배기로19길","1775","914","861","2","176","379","454","479","285","1","78","184","222","259","170","1","98","195","232","220","115"
"2019","3","A","골목상권","1000777","장승배기로27길","6741","3867","2874","16","874","2182","1791","1269","609","7","410","1157","1059","841","393","9","464","1025","732","428","216"
"2019","3","A","골목상권","1000778","흑석로13길","983","513","470","0","129","188","252","231","183","0","56","97","126","114","120","0","73","91","126","117","63"
"2019","3","A","골목상권","1000779","흑석로9길","698","356","342","0","115","136","174","163","110","0","49","71","88","76","72","0","66","65","86","87","38"
"2019","3","A","골목상권","1000780","관악로10길","6202","3748","2454","9","829","1600","1511","1540","713","3","411","924","900","1033","477","6","418","676","611","507","236"
"2019","3","A","골목상권","1000781","관악로14길","6542","3309","3233","23","1018","1671","1591","1411","828","6","337","706","829","866","565","17","681","965","762","545","263"
"2019","3","A","골목상권","1000782","관악로28길","1891","807","1084","3","201","369","440","502","376","1","53","151","218","200","184","2","148","218","222","302","192"
"2019","3","A","골목상권","1000783","관악로30길","2909","1444","1465","10","371","630","725","687","486","8","144","326","400","313","253","2","227","304","325","374","233"
"2019","3","A","골목상권","1000784","관천로15길","3932","2599","1333","3","637","1021","1177","790","304","3","278","703","877","542","196","0","359","318","300","248","108"
"2019","3","A","골목상권","1000785","관천로22길","4600","2514","2086","8","672","1129","1235","909","647","6","273","619","679","493","444","2","399","510","556","416","203"
"2019","3","A","골목상권","1000786","구암길","831","403","428","1","111","181","240","206","92","1","41","89","109","104","59","0","70","92","131","102","33"
"2019","3","A","골목상권","1000787","국회단지길","5486","2157","3329","7","963","1365","1186","1323","642","1","207","517","550","515","367","6","756","848","636","808","275"
"2019","3","A","골목상권","1000788","낙성대역길","5197","3075","2122","7","770","1307","1227","964","922","3","327","773","734","564","674","4","443","534","493","400","248"
"2019","3","A","골목상권","1000789","난곡로24길","1312","728","584","1","129","247","328","383","224","1","51","113","159","229","175","0","78","134","169","154","49"
"2019","3","A","골목상권","1000790","난곡로26길","1205","654","551","0","136","225","293","333","218","0","50","106","142","191","165","0","86","119","151","142","53"
"2019","3","A","골목상권","1000791","난곡로34길","967","488","479","6","118","204","241","288","110","5","47","107","120","141","68","1","71","97","121","147","42"
"2019","3","A","골목상권","1000792","난곡로74길","4511","3556","955","7","683","1342","1423","777","279","5","421","1089","1230","619","192","2","262","253","193","158","87"
"2019","3","A","골목상권","1000793","난우길","1341","639","702","20","165","271","296","347","242","17","62","121","136","159","144","3","103","150","160","188","98"
"2019","3","A","골목상권","1000794","난향길","1946","948","998","1","442","487","403","303","310","0","121","241","187","147","252","1","321","246","216","156","58"
"2019","3","A","골목상권","1000795","남부순환로142길","4960","3467","1493","20","381","767","855","962","1975","17","197","445","502","570","1736","3","184","322","353","392","239"
"2019","3","A","골목상권","1000796","남부순환로151길","4960","3441","1519","7","663","1325","1435","1078","452","3","318","968","1121","731","300","4","345","357","314","347","152"
"2019","3","A","골목상권","1000797","남부순환로161길","4516","3110","1406","3","585","1208","1268","986","466","2","280","865","972","687","304","1","305","343","296","299","162"
"2019","3","A","골목상권","1000798","남부순환로172길","2016","1192","824","4","210","462","466","523","351","3","113","282","266","303","225","1","97","180","200","220","126"
"2019","3","A","골목상권","1000799","남부순환로234길","3074","1859","1215","4","431","694","748","670","527","0","177","396","447","425","414","4","254","298","301","245","113"
"2019","3","A","골목상권","1000800","남부순환로248길","2154","1155","999","4","330","613","569","387","251","3","127","330","311","205","179","1","203","283","258","182","72"
"2019","3","A","골목상권","1000801","남현2길","4016","2615","1401","5","585","958","1081","749","638","3","283","622","754","470","483","2","302","336","327","279","155"
"2019","3","A","골목상권","1000802","남현3길","6766","3909","2857","7","1303","1742","1709","1183","822","4","536","963","1029","755","622","3","767","779","680","428","200"
"2019","3","A","골목상권","1000803","남현길","3537","2297","1240","2","533","874","901","631","596","2","252","563","633","398","449","0","281","311","268","233","147"
"2019","3","A","골목상권","1000804","당곡길","2870","1609","1261","7","337","634","772","588","532","5","140","365","444","298","357","2","197","269","328","290","175"
"2019","3","A","골목상권","1000805","대학14길","1117","644","473","0","140","303","307","216","151","0","45","162","204","122","111","0","95","141","103","94","40"
"2019","3","A","골목상권","1000806","대학길","2196","1683","513","1","339","600","641","397","218","0","221","467","521","313","161","1","118","133","120","84","57"
"2019","3","A","골목상권","1000807","미성5길","1478","719","759","18","167","268","326","377","322","16","65","140","160","150","188","2","102","128","166","227","134"
"2019","3","A","골목상권","1000808","법원단지9길","947","511","436","6","104","200","226","267","144","5","32","107","123","152","92","1","72","93","103","115","52"
"2019","3","A","골목상권","1000809","법원단지길","827","393","434","5","111","178","188","218","127","4","39","92","88","98","72","1","72","86","100","120","55"
"2019","3","A","골목상권","1000810","복은길","1794","1093","701","1","180","343","464","427","379","1","82","181","258","281","290","0","98","162","206","146","89"
"2019","3","A","골목상권","1000811","봉천로13길","2149","1182","967","5","226","466","524","493","435","4","93","261","295","245","284","1","133","205","229","248","151"
"2019","3","A","골목상권","1000812","봉천로33길","7532","3165","4367","8","1231","1782","1659","1735","1117","3","293","727","776","770","596","5","938","1055","883","965","521"
"2019","3","A","골목상권","1000813","서림7길","1708","1051","657","2","188","315","427","414","362","1","93","182","257","259","259","1","95","133","170","155","103"
"2019","3","A","골목상권","1000814","승방길","3807","2469","1338","7","724","901","964","721","490","5","334","575","677","519","359","2","390","326","287","202","131"
"2019","3","A","골목상권","1000815","신림동길","3501","1739","1762","5","633","677","718","664","804","3","194","297","355","344","546","2","439","380","363","320","258"
"2019","3","A","골목상권","1000816","신림로11길","2680","1853","827","1","416","770","738","501","254","0","243","513","544","360","193","1","173","257","194","141","61"
"2019","3","A","골목상권","1000817","신림로28길","2832","2034","798","4","389","648","801","586","404","2","254","479","594","418","287","2","135","169","207","168","117"
"2019","3","A","골목상권","1000818","신림로38길","1469","928","541","0","129","263","368","376","333","0","58","138","216","254","262","0","71","125","152","122","71"
"2019","3","A","골목상권","1000819","신림로48길","786","437","349","0","68","157","183","183","195","0","25","79","95","85","153","0","43","78","88","98","42"
"2019","3","A","골목상권","1000820","신림로64길","2309","943","1366","5","530","543","484","423","324","3","147","212","225","167","189","2","383","331","259","256","135"
"2019","3","A","골목상권","1000821","신림로65길","3331","1514","1817","7","668","663","656","604","733","3","206","274","315","264","452","4","462","389","341","340","281"
"2019","3","A","골목상권","1000822","신사로20길","3363","2267","1096","0","519","898","1023","653","270","0","228","629","785","454","171","0","291","269","238","199","99"
"2019","3","A","골목상권","1000823","신원로3길","2499","1069","1430","9","557","558","473","474","428","4","195","221","240","204","205","5","362","337","233","270","223"
"2019","3","A","골목상권","1000824","양녕로6길","2490","1262","1228","11","277","443","573","559","627","7","91","220","303","317","324","4","186","223","270","242","303"
"2019","3","A","골목상권","1000825","은천로25길","817","382","435","0","119","194","241","160","103","0","42","98","104","76","62","0","77","96","137","84","41"
"2019","3","A","골목상권","1000826","인헌길","1959","1087","872","3","292","477","546","423","218","2","148","280","298","205","154","1","144","197","248","218","64"
"2019","3","A","골목상권","1000827","장군봉1길","2745","1382","1363","3","333","598","601","586","624","3","122","325","299","311","322","0","211","273","302","275","302"
"2019","3","A","골목상권","1000828","장군봉2길","2466","1336","1130","4","301","537","479","538","607","1","111","290","252","292","390","3","190","247","227","246","217"
"2019","3","A","골목상권","1000829","조원로10길","17980","10118","7862","39","3564","6331","4715","2087","1244","16","1429","3664","2907","1224","878","23","2135","2667","1808","863","366"
"2019","3","A","골목상권","1000830","조원로18길","5926","4561","1365","5","560","1260","1403","1062","1636","2","257","915","1098","788","1501","3","303","345","305","274","135"
"2019","3","A","골목상권","1000831","조원중앙로2길","5980","4243","1737","7","499","1085","1171","1151","2067","4","268","716","749","709","1797","3","231","369","422","442","270"
"2019","3","A","골목상권","1000832","중앙길","2016","995","1021","10","258","382","514","468","384","6","84","180","265","253","207","4","174","202","249","215","177"
"2019","3","A","골목상권","1000833","청룡8길","2508","1207","1301","3","302","553","551","537","562","3","99","294","268","266","277","0","203","259","283","271","285"
"2019","3","A","골목상권","1000834","청룡길","3280","1614","1666","14","514","826","789","561","576","6","134","355","420","344","355","8","380","471","369","217","221"
"2019","3","A","골목상권","1000835","청림3길","3413","1832","1581","8","489","998","1068","591","259","7","210","573","583","283","176","1","279","425","485","308","83"
"2019","3","A","골목상권","1000836","행운1길","2967","1557","1410","10","424","619","762","680","472","4","155","317","408","361","312","6","269","302","354","319","160"
"2019","3","A","골목상권","1000837","행운길","5569","3260","2309","9","731","1326","1307","1153","1043","4","333","797","773","626","727","5","398","529","534","527","316"
"2019","3","A","골목상권","1000838","호암로20길","2140","1606","534","3","328","609","637","369","194","1","211","450","524","278","142","2","117","159","113","91","52"
"2019","3","A","골목상권","1000839","호암로24길","2532","1846","686","4","408","671","767","447","235","2","261","500","591","334","158","2","147","171","176","113","77"
"2019","3","A","골목상권","1000840","양산길","729","374","355","2","108","133","199","191","96","1","54","67","121","92","39","1","54","66","78","99","57"
"2019","3","A","골목상권","1000841","양지길","402","168","234","2","41","76","119","98","66","1","10","19","58","43","37","1","31","57","61","55","29"
"2019","3","A","골목상권","1000842","원신길","727","377","350","3","79","196","205","158","86","1","22","94","129","69","62","2","57","102","76","89","24"
"2019","3","A","골목상권","1000843","소담길","1124","583","541","0","155","286","293","218","172","0","47","146","137","125","128","0","108","140","156","93","44"
"2019","3","A","골목상권","1000844","강남대로23길","19777","12359","7418","210","5310","6004","4187","2601","1465","105","2633","3952","3043","1639","987","105","2677","2052","1144","962","478"
"2019","3","A","골목상권","1000845","강남대로34길","22589","14461","8128","75","4683","6712","4977","3294","2848","27","2072","4511","3700","2176","1975","48","2611","2201","1277","1118","873"
"2019","3","A","골목상권","1000846","강남대로8길","85264","76488","8776","31","7910","17382","22787","33801","3353","15","6276","14786","20286","32181","2944","16","1634","2596","2501","1620","409"
"2019","3","A","골목상권","1000847","고무래로8길","16992","11435","5557","49","1779","4153","4875","3951","2185","19","771","2653","3587","2892","1513","30","1008","1500","1288","1059","672"
"2019","3","A","골목상권","1000848","남부순환로317길","20952","13375","7577","15","2534","6903","5532","3794","2174","8","1153","4139","3904","2614","1557","7","1381","2764","1628","1180","617"
"2019","3","A","골목상권","1000849","남부순환로325길","23106","13802","9304","31","3565","7258","5382","4292","2578","20","1701","4023","3359","2842","1857","11","1864","3235","2023","1450","721"
"2019","3","A","골목상권","1000850","남부순환로339길","11863","6444","5419","24","2352","3574","2742","2033","1138","5","950","2173","1754","964","598","19","1402","1401","988","1069","540"
"2019","3","A","골목상권","1000851","논현로1길","10695","6765","3930","53","1851","3105","2549","1968","1169","39","1115","2063","1554","1171","823","14","736","1042","995","797","346"
"2019","3","A","골목상권","1000852","논현로27길","46436","23315","23121","308","9185","11845","13022","8763","3313","149","4486","7159","5801","3327","2393","159","4699","4686","7221","5436","920"
"2019","3","A","골목상권","1000853","동광로12길","16774","8164","8610","41","2498","4036","4876","3255","2068","21","861","1820","2455","1704","1303","20","1637","2216","2421","1551","765"
"2019","3","A","골목상권","1000854","동광로1길","15047","6360","8687","35","2807","3704","4303","2863","1335","26","832","1544","1891","1337","730","9","1975","2160","2412","1526","605"
"2019","3","A","골목상권","1000855","동광로39길","16028","11533","4495","23","1974","4603","4356","3596","1476","12","1019","3162","3410","2858","1072","11","955","1441","946","738","404"
"2019","3","A","골목상권","1000856","동산로10길","9596","6055","3541","33","1462","2847","2358","1800","1096","22","792","1814","1478","1157","792","11","670","1033","880","643","304"
"2019","3","A","골목상권","1000857","동산로19길","18090","10602","7488","45","2328","4777","4910","3852","2178","25","1222","3077","2877","1903","1498","20","1106","1700","2033","1949","680"
"2019","3","A","골목상권","1000858","방배천로4안길","6983","3566","3417","2","1191","1882","1810","1266","832","0","397","844","961","752","612","2","794","1038","849","514","220"
"2019","3","A","골목상권","1000859","마방로2길","12733","8561","4172","28","1835","3351","3106","2681","1732","17","982","2281","2248","1807","1226","11","853","1070","858","874","506"
"2019","3","A","골목상권","1000860","바우뫼로39길","41106","20067","21039","326","8697","9758","11173","7568","3584","162","4186","5771","4703","2765","2480","164","4511","3987","6470","4803","1104"
"2019","3","A","골목상권","1000861","반포대로9길","14975","11362","3613","9","1484","4657","4333","2960","1532","4","821","3597","3603","2356","981","5","663","1060","730","604","551"
"2019","3","A","골목상권","1000862","방배로18길","13590","9838","3752","49","2494","3876","3329","2787","1055","38","1374","2657","2630","2338","801","11","1120","1219","699","449","254"
"2019","3","A","골목상권","1000863","방배로35길","12497","8267","4230","42","2309","3407","2736","2501","1502","7","845","2140","2074","1970","1231","35","1464","1267","662","531","271"
"2019","3","A","골목상권","1000864","방배로42길","16445","10082","6363","44","3413","4842","4019","2823","1304","14","1197","2937","2860","2041","1033","30","2216","1905","1159","782","271"
"2019","3","A","골목상권","1000865","사임당로17길","18186","10158","8028","34","3205","5697","4593","3326","1331","22","1297","3219","2745","1907","968","12","1908","2478","1848","1419","363"
"2019","3","A","골목상권","1000866","사평대로22길","14502","10889","3613","21","1600","3974","3844","3524","1539","11","873","2888","3131","2886","1100","10","727","1086","713","638","439"
"2019","3","A","골목상권","1000867","사평대로26길","10115","7115","3000","15","1368","2820","2726","2036","1150","6","700","1963","2079","1545","822","9","668","857","647","491","328"
"2019","3","A","골목상권","1000868","사평대로57길","12049","6278","5771","27","3045","3854","2771","1610","742","13","933","1985","1812","1001","534","14","2112","1869","959","609","208"
"2019","3","A","골목상권","1000869","서초대로15길","9162","5644","3518","33","1470","2309","2193","1693","1464","19","646","1351","1399","1114","1115","14","824","958","794","579","349"
"2019","3","A","골목상권","1000870","서초대로23길","13211","8808","4403","33","2047","3288","3287","2779","1777","17","906","2009","2365","2103","1408","16","1141","1279","922","676","369"
"2019","3","A","골목상권","1000871","서초대로25길","21807","14793","7014","84","4381","6615","4905","3693","2129","41","2040","4333","3735","2915","1729","43","2341","2282","1170","778","400"
"2019","3","A","골목상권","1000873","서초대로64길","20650","12891","7759","25","3403","6444","5728","3918","1132","15","1776","4156","3683","2452","809","10","1627","2288","2045","1466","323"
"2019","3","A","골목상권","1000874","서초대로8길","9023","4380","4643","24","1460","2163","2341","1816","1219","15","544","1044","1099","870","808","9","916","1119","1242","946","411"
"2019","3","A","골목상권","1000875","신반포로45길","10753","6415","4338","27","2095","3343","2715","1547","1026","13","815","2030","1918","959","680","14","1280","1313","797","588","346"
"2019","3","A","골목상권","1000876","언남길","18611","11765","6846","44","2425","5208","5063","3739","2132","25","1352","3536","3203","2104","1545","19","1073","1672","1860","1635","587"
"2019","3","A","골목상권","1000877","주흥15길","10699","5239","5460","26","2893","3482","2197","1325","776","11","802","1758","1383","763","522","15","2091","1724","814","562","254"
"2019","3","A","골목상권","1000878","주흥길","4929","2734","2195","8","884","1442","1210","918","467","5","333","770","757","527","342","3","551","672","453","391","125"
"2019","3","A","골목상권","1000879","청두곶길","13110","6497","6613","21","2110","3710","3784","2413","1072","11","689","1717","1804","1492","784","10","1421","1993","1980","921","288"
"2019","3","A","골목상권","1000880","효령로23길","13045","8684","4361","53","2547","3703","3078","2035","1629","41","1369","2475","2226","1355","1218","12","1178","1228","852","680","411"
"2019","3","A","골목상권","1000881","효령로31길","10652","7146","3506","54","2134","3234","2468","1613","1149","46","1222","2201","1783","1074","820","8","912","1033","685","539","329"
"2019","3","A","골목상권","1000882","효령로34길","8829","5689","3140","15","1118","2758","2319","1519","1100","5","546","1600","1611","1089","838","10","572","1158","708","430","262"
"2019","3","A","골목상권","1000883","효령로72길","28079","21029","7050","70","4852","9562","7294","4585","1716","34","2708","7309","5946","3819","1213","36","2144","2253","1348","766","503"
"2019","3","A","골목상권","1000884","방배중앙로21길","12909","5920","6989","15","2089","3345","3964","2428","1068","6","665","1398","1894","1292","665","9","1424","1947","2070","1136","403"
"2019","3","A","골목상권","1000885","서초중앙로8길","21908","13370","8538","62","4326","6361","5527","3770","1862","15","1763","3844","3814","2549","1385","47","2563","2517","1713","1221","477"
"2019","3","A","골목상권","1000886","강남대로118길","10119","6479","3640","65","2299","3011","2340","1462","942","46","1265","1998","1612","922","636","19","1034","1013","728","540","306"
"2019","3","A","골목상권","1000887","강남대로136길","27582","15223","12359","53","6946","9360","6141","3329","1753","25","2379","5259","4169","2182","1209","28","4567","4101","1972","1147","544"
"2019","3","A","골목상권","1000888","강남대로140길","26412","13779","12633","61","6527","8524","5631","3539","2130","27","1940","4511","3653","2117","1531","34","4587","4013","1978","1422","599"
"2019","3","A","골목상권","1000889","개포로17길","31977","13405","18572","121","4880","7459","10000","7084","2433","61","2356","4159","3356","1964","1509","60","2524","3300","6644","5120","924"
"2019","3","A","골목상권","1000890","개포로20길","17163","9905","7258","34","2419","4854","4611","3495","1750","13","1228","3087","2682","1658","1237","21","1191","1767","1929","1837","513"
"2019","3","A","골목상권","1000891","개포로28길","4647","2997","1650","15","830","1407","1120","785","490","7","425","899","754","509","403","8","405","508","366","276","87"
"2019","3","A","골목상권","1000872","서초대로4길","11174","5079","6095","18","1933","2823","2802","2161","1437","10","654","1233","1285","1018","879","8","1279","1590","1517","1143","558"
"2019","3","A","골목상권","1000892","개포로82길","4987","3716","1271","2","713","1633","1263","815","561","0","428","1238","993","591","466","2","285","395","270","224","95"
"2019","3","A","골목상권","1000893","남부순환로365길","18776","11937","6839","58","3508","5241","4583","2968","2418","22","1403","3406","3413","2081","1612","36","2105","1835","1170","887","806"
"2019","3","A","골목상권","1000894","논현로106길","14559","8201","6358","36","3096","4760","3411","1905","1351","12","1066","2732","2317","1153","921","24","2030","2028","1094","752","430"
"2019","3","A","골목상권","1000895","논현로10길","6728","3828","2900","10","887","1560","1669","1578","1024","4","402","952","925","794","751","6","485","608","744","784","273"
"2019","3","A","골목상권","1000896","논현로115길","22705","14815","7890","91","5168","6849","5172","3461","1964","49","2502","4476","3816","2559","1413","42","2666","2373","1356","902","551"
"2019","3","A","골목상권","1000897","논현로123길","9753","5955","3798","42","2268","2662","2156","1461","1164","27","1107","1646","1454","923","798","15","1161","1016","702","538","366"
"2019","3","A","골목상권","1000898","논현로139길","25238","14362","10876","68","6374","7890","5585","3127","2194","22","2378","4448","3722","2099","1693","46","3996","3442","1863","1028","501"
"2019","3","A","골목상권","1000899","논현로159길","7485","3505","3980","10","1631","2151","1771","1167","755","2","560","1012","833","587","511","8","1071","1139","938","580","244"
"2019","3","A","골목상권","1000900","논현로26길","44511","22711","21800","185","7594","11610","13304","8562","3256","94","3700","7207","6237","3346","2127","91","3894","4403","7067","5216","1129"
"2019","3","A","골목상권","1000901","논현로28길","45634","23984","21650","185","7936","10659","13617","9776","3461","101","3804","6324","6703","4903","2149","84","4132","4335","6914","4873","1312"
"2019","3","A","골목상권","1000902","논현로63길","32015","23227","8788","54","4536","8720","9006","7270","2429","20","2131","5684","7176","6266","1950","34","2405","3036","1830","1004","479"
"2019","3","A","골목상권","1000903","논현로8길","3770","2475","1295","3","457","917","835","839","719","3","230","635","549","548","510","0","227","282","286","291","209"
"2019","3","A","골목상권","1000904","도곡로37길","27418","16462","10956","107","6252","8048","6730","4340","1941","43","2769","4814","4512","2860","1464","64","3483","3234","2218","1480","477"
"2019","3","A","골목상권","1000905","도산대로15길","12413","6807","5606","22","3346","3822","2597","1488","1138","6","1207","2077","1689","999","829","16","2139","1745","908","489","309"
"2019","3","A","골목상권","1000906","도산대로23길","14091","7339","6752","22","3648","4354","3232","1773","1062","5","1197","2300","1985","1105","747","17","2451","2054","1247","668","315"
"2019","3","A","골목상권","1000907","도산대로30길","21865","11878","9987","52","5390","6708","5039","3072","1604","14","1917","3610","3200","1965","1172","38","3473","3098","1839","1107","432"
"2019","3","A","골목상권","1000908","도산대로38길","22258","12215","10043","41","4405","6925","5448","3579","1860","14","1464","3678","3443","2299","1317","27","2941","3247","2005","1280","543"
"2019","3","A","골목상권","1000909","도산대로50길","21633","11895","9738","41","4471","6693","5235","3463","1730","19","1391","3277","3397","2499","1312","22","3080","3416","1838","964","418"
"2019","3","A","골목상권","1000910","도산대로81길","45427","25601","19826","85","9377","13941","11490","8963","1571","24","3106","6709","7481","7104","1177","61","6271","7232","4009","1859","394"
"2019","3","A","골목상권","1000911","도산대로89길","35398","20349","15049","66","6794","10125","9282","7856","1275","22","2350","4926","6040","6077","934","44","4444","5199","3242","1779","341"
"2019","3","A","골목상권","1000912","봉은사로109길","31422","24054","7368","28","5569","8927","8156","5635","3107","13","3239","6771","6901","4672","2458","15","2330","2156","1255","963","649"
"2019","3","A","골목상권","1000913","봉은사로29길","26048","16651","9397","59","5608","7884","6074","3996","2427","30","2443","5005","4338","3016","1819","29","3165","2879","1736","980","608"
"2019","3","A","골목상권","1000914","봉은사로43길","26569","16745","9824","55","5489","8274","6188","3977","2586","21","2402","4975","4381","2947","2019","34","3087","3299","1807","1030","567"
"2019","3","A","골목상권","1000915","봉은사로57길","11412","7492","3920","38","2418","3827","2576","1570","983","23","1097","2265","2002","1290","815","15","1321","1562","574","280","168"
"2019","3","A","골목상권","1000916","봉은사로68길","26050","14721","11329","70","5405","8028","5919","4140","2488","23","2397","4963","3809","2012","1517","47","3008","3065","2110","2128","971"
"2019","3","A","골목상권","1000917","삼성로115길","15288","9326","5962","55","3121","4489","3424","2225","1974","25","1298","2869","2391","1384","1359","30","1823","1620","1033","841","615"
"2019","3","A","골목상권","1000918","삼성로147길","14517","7537","6980","29","3644","4918","3062","1807","1057","8","1346","2570","1874","1070","669","21","2298","2348","1188","737","388"
"2019","3","A","골목상권","1000919","삼성로57길","13015","9541","3474","23","1392","4187","3779","2692","942","12","703","3133","2853","2136","704","11","689","1054","926","556","238"
"2019","3","A","골목상권","1000920","삼성로63길","17197","11593","5604","39","2076","5044","4684","3617","1737","26","1014","3578","3306","2516","1153","13","1062","1466","1378","1101","584"
"2019","3","A","골목상권","1000921","삼성로64길","26010","14918","11092","55","4589","6959","6717","4846","2844","26","2144","4462","4058","2511","1717","29","2445","2497","2659","2335","1127"
"2019","3","A","골목상권","1000922","삼성로69길","11237","6265","4972","39","1741","2954","2686","2305","1512","23","744","1612","1569","1316","1001","16","997","1342","1117","989","511"
"2019","3","A","골목상권","1000923","삼성로75길","39655","25233","14422","121","6246","12100","11148","6617","3423","20","2642","7381","8038","4955","2197","101","3604","4719","3110","1662","1226"
"2019","3","A","골목상권","1000924","선릉로121길","19126","11898","7228","44","3470","5639","4866","3338","1769","17","1469","3279","3357","2375","1401","27","2001","2360","1509","963","368"
"2019","3","A","골목상권","1000925","선릉로132길","14903","8743","6160","50","2409","4304","3662","2750","1728","23","1028","2554","2344","1646","1148","27","1381","1750","1318","1104","580"
"2019","3","A","골목상권","1000926","선릉로133길","21360","13524","7836","42","3224","6259","5594","4164","2077","15","1394","3629","3859","2994","1633","27","1830","2630","1735","1170","444"
"2019","3","A","골목상권","1000927","선릉로146길","22906","11534","11372","53","5812","7398","4918","3110","1615","11","1665","3496","2921","2305","1136","42","4147","3902","1997","805","479"
"2019","3","A","골목상권","1000928","선릉로18길","4350","2826","1524","78","802","1137","1013","813","507","29","488","765","652","501","391","49","314","372","361","312","116"
"2019","3","A","골목상권","1000929","압구정로2길","14779","9440","5339","37","2724","4525","4035","2461","997","17","1216","2939","2830","1699","739","20","1508","1586","1205","762","258"
"2019","3","A","골목상권","1000930","언주로81길","92700","56558","36142","158","15509","26779","25201","20625","4428","70","9248","18666","16288","9254","3032","88","6261","8113","8913","11371","1396"
"2019","3","A","골목상권","1000931","영동대로112길","62892","48029","14863","51","10301","18060","15895","12438","6147","27","6265","13641","13615","10424","4057","24","4036","4419","2280","2014","2090"
"2019","3","A","골목상권","1000932","영동대로65길","28380","17099","11281","50","4869","7767","7342","5143","3209","27","2327","5020","4699","2974","2052","23","2542","2747","2643","2169","1157"
"2019","3","A","골목상권","1000933","일원로3길","3417","2107","1310","3","418","649","844","791","712","2","233","396","527","498","451","1","185","253","317","293","261"
"2019","3","A","골목상권","1000934","일원로9길","10670","3745","6925","18","3072","3557","2218","1258","547","3","641","1219","903","619","360","15","2431","2338","1315","639","187"
"2019","3","A","골목상권","1000935","테헤란로81길","50658","28954","21704","120","10989","18359","12235","6170","2785","43","4334","11007","8299","3589","1682","77","6655","7352","3936","2581","1103"
"2019","3","A","골목상권","1000936","학동로38길","25857","17165","8692","53","5369","7243","5656","4010","3526","18","2276","4626","4298","3215","2732","35","3093","2617","1358","795","794"
"2019","3","A","골목상권","1000937","학동로56길","14323","8655","5668","49","2780","4429","3319","2344","1402","23","1162","2468","2301","1629","1072","26","1618","1961","1018","715","330"
"2019","3","A","골목상권","1000938","학동로6길","13269","8632","4637","42","2658","4296","3151","1907","1215","32","1414","2889","2197","1277","823","10","1244","1407","954","630","392"
"2019","3","A","골목상권","1000939","학동로77길","25259","10976","14283","120","6286","7594","5973","3491","1795","48","2100","3502","2690","1545","1091","72","4186","4092","3283","1946","704"
"2019","3","A","골목상권","1000940","거마로20길","1854","894","960","1","184","370","509","526","264","1","84","185","215","231","178","0","100","185","294","295","86"
"2019","3","A","골목상권","1000941","동남로20길","6118","3572","2546","54","1175","1546","1345","1277","721","32","593","898","832","697","520","22","582","648","513","580","201"
"2019","3","A","골목상권","1000942","마천로51길","1973","1087","886","0","174","383","548","537","331","0","94","217","281","250","245","0","80","166","267","287","86"
"2019","3","A","골목상권","1000943","백제고분로21길","11106","6995","4111","8","1623","2780","2699","2618","1378","1","736","1766","1802","1701","989","7","887","1014","897","917","389"
"2019","3","A","골목상권","1000944","백제고분로22길","5097","3319","1778","8","633","1100","1200","1167","989","2","297","752","820","723","725","6","336","348","380","444","264"
"2019","3","A","골목상권","1000945","백제고분로31길","10949","7355","3594","12","1391","2430","2518","2269","2329","8","692","1582","1705","1456","1912","4","699","848","813","813","417"
"2019","3","A","골목상권","1000946","백제고분로32길","6872","4466","2406","11","824","1403","1540","1665","1429","8","419","900","1026","1063","1050","3","405","503","514","602","379"
"2019","3","A","골목상권","1000947","백제고분로33길","7036","4971","2065","12","858","1631","1571","1260","1704","8","421","1052","1086","894","1510","4","437","579","485","366","194"
"2019","3","A","골목상권","1000948","백제고분로34길","5775","3807","1968","13","694","1205","1410","1383","1070","9","371","777","928","904","818","4","323","428","482","479","252"
"2019","3","A","골목상권","1000949","백제고분로39길","6431","4340","2091","3","877","2033","1618","1085","815","0","477","1495","1129","639","600","3","400","538","489","446","215"
"2019","3","A","골목상권","1000950","백제고분로42길","9117","5781","3336","10","1155","2349","2221","1781","1601","4","545","1599","1536","1053","1044","6","610","750","685","728","557"
"2019","3","A","골목상권","1000951","백제고분로45길","19492","10586","8906","68","3874","5181","4386","3804","2179","30","1574","3011","2818","1927","1226","38","2300","2170","1568","1877","953"
"2019","3","A","골목상권","1000952","백제고분로46길","15970","11329","4641","57","2333","3908","4464","3621","1587","45","1237","2615","3440","2745","1247","12","1096","1293","1024","876","340"
"2019","3","A","골목상권","1000953","백제고분로50길","12352","7584","4768","23","2230","3187","2763","2550","1599","15","1206","2143","1853","1405","962","8","1024","1044","910","1145","637"
"2019","3","A","골목상권","1000954","삼전로13길","11553","7233","4320","10","1635","2810","2807","2588","1703","1","729","1705","1827","1710","1261","9","906","1105","980","878","442"
"2019","3","A","골목상권","1000955","송이로23길","11388","6450","4938","55","1615","3065","2866","2225","1562","28","786","1838","1748","1050","1000","27","829","1227","1118","1175","562"
"2019","3","A","골목상권","1000956","송이로32길","35416","26954","8462","13","2712","5987","10285","13646","2773","4","1369","4101","7854","11695","1931","9","1343","1886","2431","1951","842"
"2019","3","A","골목상권","1000957","송이로36길","5840","3661","2179","10","747","1313","1535","1349","886","5","416","892","990","724","634","5","331","421","545","625","252"
"2019","3","A","골목상권","1000958","송파대로30길","23245","14306","8939","53","2423","4715","4983","4515","6556","16","1225","3034","3248","2529","4254","37","1198","1681","1735","1986","2302"
"2019","3","A","골목상권","1000959","양재대로62길","17572","10016","7556","33","2192","3541","3119","3030","5657","14","931","2029","1946","1491","3605","19","1261","1512","1173","1539","2052"
"2019","3","A","골목상권","1000960","양재대로64길","16223","9945","6278","30","1583","3449","3266","2497","5398","18","800","2159","2157","1309","3502","12","783","1290","1109","1188","1896"
"2019","3","A","골목상권","1000961","양재대로71길","7677","5030","2647","11","851","1612","1956","1866","1381","6","279","897","1293","1418","1137","5","572","715","663","448","244"
"2019","3","A","골목상권","1000962","양재대로72길","20595","13764","6831","17","2557","5188","5920","4791","2122","4","1256","3249","3872","3675","1708","13","1301","1939","2048","1116","414"
"2019","3","A","골목상권","1000963","오금로11길","23598","14142","9456","75","4794","6887","5253","4174","2415","35","2379","4455","3602","2257","1414","40","2415","2432","1651","1917","1001"
"2019","3","A","골목상권","1000964","오금로36길","9074","6223","2851","21","1522","2600","2306","1709","916","16","890","1837","1667","1104","709","5","632","763","639","605","207"
"2019","3","A","골목상권","1000965","오금로46길","4694","2860","1834","44","779","988","1124","1116","643","22","423","642","678","621","474","22","356","346","446","495","169"
"2019","3","A","골목상권","1000966","풍성로25길","2719","1449","1270","4","388","539","606","722","460","2","180","272","317","340","338","2","208","267","289","382","122"
"2019","3","A","골목상권","1000967","강동대로53길","4322","2679","1643","11","532","1094","1225","870","590","7","277","674","771","534","416","4","255","420","454","336","174"
"2019","3","A","골목상권","1000968","고덕로10길","3531","1636","1895","5","342","558","751","901","974","4","149","321","371","306","485","1","193","237","380","595","489"
"2019","3","A","골목상권","1000969","고덕로25길","1218","701","517","3","152","267","271","322","203","2","64","151","136","182","166","1","88","116","135","140","37"
"2019","3","A","골목상권","1000970","고덕로61길","1312","682","630","0","147","322","367","354","122","0","61","158","179","205","79","0","86","164","188","149","43"
"2019","3","A","골목상권","1000971","구천면로36길","1611","879","732","5","153","243","366","399","445","3","52","107","181","200","336","2","101","136","185","199","109"
"2019","3","A","골목상권","1000972","구천면로41길","2629","1447","1182","7","293","549","671","599","510","4","117","267","357","355","347","3","176","282","314","244","163"
"2019","3","A","골목상권","1000973","구천면로42길","2731","1409","1322","5","240","520","695","712","559","1","79","235","349","389","356","4","161","285","346","323","203"
"2019","3","A","골목상권","1000974","동남로65길","997","494","503","6","106","204","221","321","139","2","45","77","101","170","99","4","61","127","120","151","40"
"2019","3","A","골목상권","1000975","동남로82길","650","259","391","0","70","128","134","203","115","0","17","49","57","81","55","0","53","79","77","122","60"
"2019","3","A","골목상권","1000976","동남로85길","1212","635","577","0","147","298","320","319","128","0","61","155","149","188","82","0","86","143","171","131","46"
"2019","3","A","골목상권","1000977","명일로13길","8097","4174","3923","3","1042","2186","2577","1524","765","2","297","1156","1299","893","527","1","745","1030","1278","631","238"
"2019","3","A","골목상권","1000978","상암로14길","2550","1309","1241","3","274","453","550","475","795","3","108","238","283","240","437","0","166","215","267","235","358"
"2019","3","A","골목상권","1000979","상암로4길","2372","1253","1119","2","226","405","530","427","782","2","84","216","291","230","430","0","142","189","239","197","352"
"2019","3","A","골목상권","1000980","상암로51길","2483","1110","1373","1","254","477","607","628","516","1","74","246","286","259","244","0","180","231","321","369","272"
"2019","3","A","골목상권","1000981","상암로5길","4187","1957","2230","7","376","714","938","1087","1065","6","164","390","473","396","528","1","212","324","465","691","537"
"2019","3","A","골목상권","1000982","상일로5길","1123","784","339","0","127","190","316","321","169","0","68","126","233","232","125","0","59","64","83","89","44"
"2019","3","A","골목상권","1000983","성내로5길","12105","7423","4682","43","1438","3036","3079","2814","1695","15","675","1734","1884","1870","1245","28","763","1302","1195","944","450"
"2019","3","A","골목상권","1000984","성안로3길","12518","7819","4699","43","1389","2892","3190","3206","1798","15","621","1653","1950","2271","1309","28","768","1239","1240","935","489"
"2019","3","A","골목상권","1000985","암사길","3610","2190","1420","4","499","861","873","918","455","1","236","508","503","605","337","3","263","353","370","313","118"
"2019","3","A","골목상권","1000986","양재대로101길","8074","3845","4229","14","1367","1851","1787","1747","1308","9","491","942","946","731","726","5","876","909","841","1016","582"
"2019","3","A","골목상권","1000987","양재대로116길","3422","1642","1780","10","388","509","742","907","866","5","182","304","370","322","459","5","206","205","372","585","407"
"2019","3","A","골목상권","1000988","양재대로124길","3828","2324","1504","6","351","684","875","887","1025","1","172","413","510","531","697","5","179","271","365","356","328"
"2019","3","A","골목상권","1000989","양재대로133길","3936","2078","1858","10","445","766","947","932","836","2","187","424","495","459","511","8","258","342","452","473","325"
"2019","3","A","골목상권","1000990","양재대로91길","3801","2223","1578","11","412","760","852","952","814","9","228","461","513","509","503","2","184","299","339","443","311"
"2019","3","A","골목상권","1000991","양재대로95길","3558","2094","1464","6","364","676","782","886","844","5","220","434","479","453","503","1","144","242","303","433","341"
"2019","3","A","골목상권","1000992","양재대로96길","5065","2774","2291","6","708","1255","1067","1122","907","5","310","701","636","557","565","1","398","554","431","565","342"
"2019","3","A","골목상권","1000993","올림픽로48길","12893","8149","4744","46","1461","3170","3209","3298","1709","16","658","1827","2026","2365","1257","30","803","1343","1183","933","452"
"2019","3","A","골목상권","1000994","올림픽로71길","2257","1124","1133","5","278","468","537","482","487","1","96","208","267","240","312","4","182","260","270","242","175"
"2019","3","A","골목상권","1000995","올림픽로77길","2054","1050","1004","5","237","392","495","466","459","1","94","185","243","238","289","4","143","207","252","228","170"
"2019","3","A","골목상권","1000996","올림픽로78길","1759","873","886","3","223","319","402","396","416","1","87","143","169","201","272","2","136","176","233","195","144"
"2019","3","A","골목상권","1000997","올림픽로80길","1683","783","900","2","176","317","439","421","328","1","65","142","177","192","206","1","111","175","262","229","122"
"2019","3","A","골목상권","1000998","올림픽로98길","2292","1267","1025","3","264","397","442","403","783","3","113","236","244","244","427","0","151","161","198","159","356"
"2019","3","A","골목상권","1000999","진황도로27길","6581","3643","2938","10","1012","1381","1352","1175","1651","6","345","719","773","664","1136","4","667","662","579","511","515"
"2019","3","A","골목상권","1001000","진황도로47길","4354","2115","2239","12","469","727","1014","1033","1099","6","176","394","514","366","659","6","293","333","500","667","440"
"2019","3","A","골목상권","1001001","천중로39길","3865","2291","1574","7","316","674","926","943","999","2","134","400","528","561","666","5","182","274","398","382","333"
"2019","3","A","골목상권","1001002","천중로51길","3333","1953","1380","4","360","639","806","782","742","1","144","386","447","451","524","3","216","253","359","331","218"
"2019","3","A","골목상권","1001003","천호대로162길","11820","6646","5174","80","2534","3243","3220","1263","1480","3","1051","1759","2067","828","938","77","1483","1484","1153","435","542"
"2019","3","A","골목상권","1001004","천호대로170길","12826","6999","5827","84","2661","3295","3437","1623","1726","7","1068","1690","2133","989","1112","77","1593","1605","1304","634","614"
"2019","3","A","골목상권","1001005","천호대로187길","5819","2884","2935","10","762","1304","1328","1305","1110","6","285","715","697","495","686","4","477","589","631","810","424"
"2019","3","A","골목상권","1001006","천호대로197길","1996","1108","888","1","214","372","452","488","469","0","93","223","230","211","351","1","121","149","222","277","118"
"2019","3","A","골목상권","1000004","명륜길","1715","999","716","8","277","484","374","317","255","8","111","255","237","205","183","0","166","229","137","112","72"
"2019","3","A","골목상권","1000005","백석동길","3651","2049","1602","4","651","1107","944","631","314","0","259","635","564","386","205","4","392","472","380","245","109"
"2019","3","A","골목상권","1000006","북촌로11길","8584","6196","2388","2","1072","2611","2653","1727","519","1","588","1754","2028","1396","429","1","484","857","625","331","90"
"2019","3","A","골목상권","1000007","북촌로5길","11176","8689","2487","5","1328","3056","3467","2361","959","2","842","2403","2908","1887","647","3","486","653","559","474","312"
"2019","3","A","골목상권","1000008","북촌로5나길","9087","7537","1550","1","961","2541","3053","2078","453","1","713","2001","2610","1815","397","0","248","540","443","263","56"
"2019","3","A","골목상권","1000009","삼청로5길","8785","7414","1371","2","928","2437","2994","1984","440","1","708","1962","2587","1767","389","1","220","475","407","217","51"
"2019","3","A","골목상권","1000010","성균관로5길","1499","939","560","13","195","279","344","347","321","9","82","145","236","248","219","4","113","134","108","99","102"
"2019","3","A","골목상권","1000011","숭인동길","8095","3140","4955","6","1015","1490","1579","1991","2014","1","259","634","698","567","981","5","756","856","881","1424","1033"
"2019","3","A","골목상권","1000012","옥인길","1589","673","916","21","292","445","379","291","161","0","79","192","153","145","104","21","213","253","226","146","57"
"2019","3","A","골목상권","1000013","율곡로10길","8187","5391","2796","15","1137","2439","2393","1490","713","2","531","1476","1725","1108","549","13","606","963","668","382","164"
"2019","3","A","골목상권","1000014","율곡로16길","8941","5638","3303","16","1463","2522","2366","1845","729","3","543","1402","1674","1513","503","13","920","1120","692","332","226"
"2019","3","A","골목상권","1000304","종암로5길","997","530","467","0","110","243","319","224","101","0","52","116","161","140","61","0","58","127","158","84","40"
"2019","3","A","골목상권","1000367","도봉산4길","1364","552","812","0","20","61","88","191","1004","0","7","36","51","59","399","0","13","25","37","132","605"
"2019","3","A","골목상권","1000764","서달로15길","689","340","349","0","74","116","196","166","137","0","20","48","96","80","96","0","54","68","100","86","41"
"2019","3","A","골목상권","1001007","천호대로219길","1171","816","355","0","136","192","317","334","192","0","76","129","237","232","142","0","60","63","80","102","50"
"2019","3","A","골목상권","1001008","천호옛14길","4362","2489","1873","6","922","1320","1025","667","422","2","374","799","633","408","273","4","548","521","392","259","149"
"2019","3","A","골목상권","1001009","천호옛길","6413","3834","2579","7","841","1549","1578","1691","747","4","418","800","894","1114","604","3","423","749","684","577","143"
"2019","3","A","골목상권","1001010","풍성로37가길","2935","1774","1161","3","404","690","742","680","416","2","245","435","432","401","259","1","159","255","310","279","157"
"2019","2","A","골목상권","1000132","광나루로52길","10641","5932","4709","14","1095","2210","2696","2887","1739","8","610","1454","1687","1287","886","6","485","756","1009","1600","853"
"2019","2","A","골목상권","1000001","계동길","7818","4892","2926","2","1054","2536","2493","1360","373","2","436","1502","1714","974","264","0","618","1034","779","386","109"
"2019","2","A","골목상권","1000002","난계로27길","9366","4453","4913","8","834","2132","2845","2422","1125","0","330","1222","1281","974","646","8","504","910","1564","1448","479"
"2019","2","A","골목상권","1000003","돈화문로11가길","32048","20069","11979","619","8419","8076","7351","4953","2630","317","4206","5083","5242","3548","1673","302","4213","2993","2109","1405","957"
"2019","2","A","골목상권","1000005","백석동길","3651","2049","1602","4","651","1107","944","631","314","0","259","635","564","386","205","4","392","472","380","245","109"
"2019","2","A","골목상권","1000006","북촌로11길","8584","6196","2388","2","1072","2611","2653","1727","519","1","588","1754","2028","1396","429","1","484","857","625","331","90"
"2019","2","A","골목상권","1000007","북촌로5길","11176","8689","2487","5","1328","3056","3467","2361","959","2","842","2403","2908","1887","647","3","486","653","559","474","312"
"2019","2","A","골목상권","1000008","북촌로5나길","9087","7537","1550","1","961","2541","3053","2078","453","1","713","2001","2610","1815","397","0","248","540","443","263","56"
"2019","2","A","골목상권","1000009","삼청로5길","8785","7414","1371","2","928","2437","2994","1984","440","1","708","1962","2587","1767","389","1","220","475","407","217","51"
"2019","2","A","골목상권","1000010","성균관로5길","1499","939","560","13","195","279","344","347","321","9","82","145","236","248","219","4","113","134","108","99","102"
"2019","2","A","골목상권","1000011","숭인동길","8095","3140","4955","6","1015","1490","1579","1991","2014","1","259","634","698","567","981","5","756","856","881","1424","1033"
"2019","2","A","골목상권","1000012","옥인길","1589","673","916","21","292","445","379","291","161","0","79","192","153","145","104","21","213","253","226","146","57"
"2019","2","A","골목상권","1000013","율곡로10길","8187","5391","2796","15","1137","2439","2393","1490","713","2","531","1476","1725","1108","549","13","606","963","668","382","164"
"2019","2","A","골목상권","1000014","율곡로16길","8941","5638","3303","16","1463","2522","2366","1845","729","3","543","1402","1674","1513","503","13","920","1120","692","332","226"
"2019","2","A","골목상권","1000015","이화장길","9785","5862","3923","11","1634","2866","2459","1901","914","3","582","1503","1640","1498","636","8","1052","1363","819","403","278"
"2019","2","A","골목상권","1000016","자하문로7길","8233","5850","2383","22","1058","2378","2522","1573","680","0","644","1677","1907","1147","475","22","414","701","615","426","205"
"2019","2","A","골목상권","1000017","종로24길","5817","3837","1980","14","571","1280","1451","1317","1184","2","275","837","967","862","894","12","296","443","484","455","290"
"2019","2","A","골목상권","1000018","종로58가길","2879","1600","1279","8","421","756","810","558","326","6","215","448","405","317","209","2","206","308","405","241","117"
"2019","2","A","골목상권","1000019","종로65길","3699","2032","1667","3","398","545","737","762","1254","0","109","264","408","420","831","3","289","281","329","342","423"
"2019","2","A","골목상권","1000020","지봉로8길","2493","1442","1051","3","326","621","720","526","297","2","185","405","360","296","194","1","141","216","360","230","103"
"2019","2","A","골목상권","1000021","창경궁로35길","3854","1944","1910","22","642","913","783","799","695","14","256","467","419","402","386","8","386","446","364","397","309"
"2019","2","A","골목상권","1000024","창신길","665","234","431","0","77","100","139","199","150","0","22","36","63","66","47","0","55","64","76","133","103"
"2019","2","A","골목상권","1000025","통일로12길","1623","903","720","10","321","536","391","258","107","7","115","308","245","153","75","3","206","228","146","105","32"
"2019","2","A","골목상권","1000026","평창길","9451","5431","4020","11","874","2537","3566","1900","563","7","404","1155","2082","1379","404","4","470","1382","1484","521","159"
"2019","2","A","골목상권","1000028","난계로11길","2999","1490","1509","4","417","760","768","706","344","3","202","427","372","284","202","1","215","333","396","422","142"
"2019","2","A","골목상권","1000029","난계로21길","2829","1524","1305","2","366","644","752","709","356","1","161","368","396","348","250","1","205","276","356","361","106"
"2019","2","A","골목상권","1000030","다산로33길","5551","2806","2745","4","769","1334","1465","1451","528","2","276","598","731","840","359","2","493","736","734","611","169"
"2019","2","A","골목상권","1000031","다산로36길","2292","1099","1193","2","330","602","576","464","318","2","86","247","293","259","212","0","244","355","283","205","106"
"2019","2","A","골목상권","1000032","다산로38길","2383","1106","1277","2","392","586","586","492","325","1","110","222","275","282","216","1","282","364","311","210","109"
"2019","2","A","골목상권","1000033","다산로39길","2826","1434","1392","2","442","662","690","614","416","0","162","291","341","364","276","2","280","371","349","250","140"
"2019","2","A","골목상권","1000034","동호로10길","7227","3495","3732","12","1583","1994","1527","1290","821","2","459","964","854","700","516","10","1124","1030","673","590","305"
"2019","2","A","골목상권","1000035","동호로11길","4771","3096","1675","8","711","1629","1188","839","396","2","348","1122","844","513","267","6","363","507","344","326","129"
"2019","2","A","골목상권","1000036","동호로15길","7862","3823","4039","15","1667","2163","1755","1509","753","6","525","981","934","865","512","9","1142","1182","821","644","241"
"2019","2","A","골목상권","1000037","동호로20길","13565","6708","6857","25","2822","3778","3345","2661","934","6","862","1988","1835","1426","591","19","1960","1790","1510","1235","343"
"2019","2","A","골목상권","1000038","동호로8길","4385","2201","2184","11","1012","1153","908","765","536","3","311","600","532","405","350","8","701","553","376","360","186"
"2019","2","A","골목상권","1000039","명동길","96337","44858","51479","259","20615","31949","25220","15655","2639","87","6151","13231","13029","10610","1750","172","14464","18718","12191","5045","889"
"2019","2","A","골목상권","1000040","삼일대로4길","38834","17323","21511","97","6616","12101","11217","6541","2262","25","2187","5531","5102","3022","1456","72","4429","6570","6115","3519","806"
"2019","2","A","골목상권","1000041","장충단로8길","10694","5642","5052","17","1857","2801","2855","2333","831","4","661","1608","1609","1273","487","13","1196","1193","1246","1060","344"
"2019","2","A","골목상권","1000042","청구로17길","8917","4286","4631","15","1870","2475","2021","1705","831","5","554","1146","1072","971","538","10","1316","1329","949","734","293"
"2019","2","A","골목상권","1000043","청구로1길","3813","1941","1872","2","607","1028","958","778","440","0","188","484","553","454","262","2","419","544","405","324","178"
"2019","2","A","골목상권","1000044","퇴계로12길","15202","9708","5494","12","1929","4616","5080","2451","1114","5","901","2643","3704","1806","649","7","1028","1973","1376","645","465"
"2019","2","A","골목상권","1000045","퇴계로18길","22616","10493","12123","29","3559","6898","7627","3430","1073","11","1317","2955","3826","1768","616","18","2242","3943","3801","1662","457"
"2019","2","A","골목상권","1000046","퇴계로46길","8076","4975","3101","36","1398","2096","2158","1537","851","21","580","1242","1452","1058","622","15","818","854","706","479","229"
"2019","2","A","골목상권","1000047","퇴계로56길","46645","23056","23589","312","13886","12206","9779","7509","2953","120","6552","7288","5564","2627","905","192","7334","4918","4215","4882","2048"
"2019","2","A","골목상권","1000048","퇴계로8길","24169","15527","8642","41","3955","8406","6547","3744","1476","10","1753","5083","4817","2940","924","31","2202","3323","1730","804","552"
"2019","2","A","골목상권","1000049","퇴계로90길","2588","1366","1222","3","396","676","577","528","408","3","174","348","305","291","245","0","222","328","272","237","163"
"2019","2","A","골목상권","1000050","녹사평대로11길","2024","1130","894","1","235","529","663","385","211","0","75","262","406","257","130","1","160","267","257","128","81"
"2019","2","A","골목상권","1000051","녹사평대로26길","5623","3499","2124","25","1010","1453","1436","977","722","15","558","948","940","613","425","10","452","505","496","364","297"
"2019","2","A","골목상권","1000052","녹사평대로32길","1986","1110","876","16","346","398","377","408","441","10","200","247","203","207","243","6","146","151","174","201","198"
"2019","2","A","골목상권","1000053","녹사평대로40나길","1251","721","530","2","241","346","252","238","172","1","114","211","147","134","114","1","127","135","105","104","58"
"2019","2","A","골목상권","1000054","녹사평대로46길","9940","3957","5983","3","3209","4194","1831","522","181","1","739","1702","993","387","135","2","2470","2492","838","135","46"
"2019","2","A","골목상권","1000055","대사관로34길","6992","4578","2414","54","1072","2098","1833","1130","805","39","562","1274","1282","833","588","15","510","824","551","297","217"
"2019","2","A","골목상권","1000056","두텁바위로1길","7955","4940","3015","19","1333","2353","2143","1433","674","5","472","1263","1553","1109","538","14","861","1090","590","324","136"
"2019","2","A","골목상권","1000057","백범로79길","4674","3023","1651","18","635","1253","1191","938","639","11","338","835","815","613","411","7","297","418","376","325","228"
"2019","2","A","골목상권","1000058","백범로90길","9066","5401","3665","259","2618","2671","1806","1130","582","122","1306","1653","1220","716","384","137","1312","1018","586","414","198"
"2019","2","A","골목상권","1000059","서빙고로71길","5610","3274","2336","2","648","1663","2111","854","332","0","220","648","1482","690","234","2","428","1015","629","164","98"
"2019","2","A","골목상권","1000060","소월로20길","2168","1491","677","1","202","402","746","662","155","1","92","221","562","509","106","0","110","181","184","153","49"
"2019","2","A","골목상권","1000061","신흥로20길","2776","1769","1007","4","310","494","831","834","303","4","114","268","589","593","201","0","196","226","242","241","102"
"2019","2","A","골목상권","1000062","우사단로10길","6573","3335","3238","22","992","2318","1889","914","438","7","278","1032","1150","620","248","15","714","1286","739","294","190"
"2019","2","A","골목상권","1000063","우사단로14길","7298","3998","3300","24","1318","2577","2036","926","417","9","499","1239","1306","662","283","15","819","1338","730","264","134"
"2019","2","A","골목상권","1000064","우사단로4길","2678","1501","1177","7","288","827","775","513","268","2","90","406","473","356","174","5","198","421","302","157","94"
"2019","2","A","골목상권","1000066","원효로41길","6756","4811","1945","23","1091","2264","1969","923","486","12","622","1601","1507","679","390","11","469","663","462","244","96"
"2019","2","A","골목상권","1000067","원효로53길","6718","4773","1945","39","1102","2070","1878","1012","617","27","679","1539","1370","707","451","12","423","531","508","305","166"
"2019","2","A","골목상권","1000068","원효로89길","11112","6713","4399","276","3202","3702","2236","1181","515","118","1548","2266","1570","849","362","158","1654","1436","666","332","153"
"2019","2","A","골목상권","1000070","이태원로27길","18297","9048","9249","28","4719","6801","4054","1864","831","16","1416","3085","2541","1417","573","12","3303","3716","1513","447","258"
"2019","2","A","골목상권","1000071","이태원로54길","14402","9024","5378","30","2712","5508","3692","1927","533","13","1243","3123","2636","1630","379","17","1469","2385","1056","297","154"
"2019","2","A","골목상권","1000072","장문로45길","3839","2662","1177","37","619","955","1007","858","363","26","308","626","757","667","278","11","311","329","250","191","85"
"2019","2","A","골목상권","1000073","청파로47길","11070","6421","4649","268","3163","3768","2115","1209","547","114","1498","2217","1395","808","389","154","1665","1551","720","401","158"
"2019","2","A","골목상권","1000074","청파로47나길","6299","3747","2552","5","909","1756","1270","1058","1301","2","299","808","848","716","1074","3","610","948","422","342","227"
"2019","2","A","골목상권","1000075","청파로71길","6760","4051","2709","2","1239","1812","1296","1091","1320","1","399","910","880","750","1111","1","840","902","416","341","209"
"2019","2","A","골목상권","1000076","청파로73길","4225","2730","1495","13","573","1044","778","701","1116","9","216","513","539","491","962","4","357","531","239","210","154"
"2019","2","A","골목상권","1000077","한강대로104길","25525","13524","12001","76","9202","7003","4673","2681","1890","13","2019","4109","3754","2129","1500","63","7183","2894","919","552","390"
"2019","2","A","골목상권","1000078","한강대로15길","8262","4685","3577","9","726","1926","2702","2111","788","6","289","979","1469","1399","543","3","437","947","1233","712","245"
"2019","2","A","골목상권","1000080","한강대로52길","25037","9472","15565","65","6139","8052","7108","2902","771","23","2201","2828","2516","1422","482","42","3938","5224","4592","1480","289"
"2019","2","A","골목상권","1000081","한강대로62길","14819","7117","7702","29","3181","4756","4144","2113","596","14","1243","2108","2086","1302","364","15","1938","2648","2058","811","232"
"2019","2","A","골목상권","1000082","한강대로7길","9292","5426","3866","11","961","2249","2918","2247","906","7","446","1244","1649","1482","598","4","515","1005","1269","765","308"
"2019","2","A","골목상권","1000083","한강대로88길","3532","1948","1584","10","570","1355","955","429","213","4","198","642","621","319","164","6","372","713","334","110","49"
"2019","2","A","골목상권","1000084","한남대로20길","19793","14956","4837","77","3025","5602","5011","5114","964","38","1499","3747","4159","4721","792","39","1526","1855","852","393","172"
"2019","2","A","골목상권","1000085","회나무로13길","2914","1396","1518","4","494","1099","780","344","193","0","228","548","333","143","144","4","266","551","447","201","49"
"2019","2","A","골목상권","1000086","효창원로39길","5010","3124","1886","12","801","1278","1337","1126","456","10","384","814","860","740","316","2","417","464","477","386","140"
"2019","2","A","골목상권","1000087","후암로28길","3274","2099","1175","5","322","554","1017","978","398","4","113","291","721","701","269","1","209","263","296","277","129"
"2019","2","A","골목상권","1000088","고산자로6길","11694","4963","6731","15","1021","2018","3428","4313","899","12","560","1354","1466","1007","564","3","461","664","1962","3306","335"
"2019","2","A","골목상권","1000089","금호산2길","3237","1364","1873","19","374","945","1158","469","272","0","129","317","499","229","190","19","245","628","659","240","82"
"2019","2","A","골목상권","1000090","금호산길","1615","868","747","1","241","371","397","328","277","0","76","177","221","185","209","1","165","194","176","143","68"
"2019","2","A","골목상권","1000091","둘레9길","3334","2398","936","10","367","832","913","823","389","5","219","657","644","582","291","5","148","175","269","241","98"
"2019","2","A","골목상권","1000092","뚝섬로5길","9107","5815","3292","26","1563","2647","2273","1587","1011","15","795","1655","1520","1102","728","11","768","992","753","485","283"
"2019","2","A","골목상권","1000093","마장로27길","3653","2056","1597","5","644","756","780","787","681","2","264","416","488","476","410","3","380","340","292","311","271"
"2019","2","A","골목상권","1000094","마장로39길","1704","1111","593","1","162","299","424","471","347","0","86","185","259","323","258","1","76","114","165","148","89"
"2019","2","A","골목상권","1000095","마조로16길","1743","1064","679","2","205","340","439","456","301","1","97","194","251","298","223","1","108","146","188","158","78"
"2019","2","A","골목상권","1000096","마조로1길","3894","2688","1206","1","310","780","1132","1123","548","1","116","476","801","888","406","0","194","304","331","235","142"
"2019","2","A","골목상권","1000097","매봉길","786","408","378","3","84","189","212","208","90","1","33","85","118","106","65","2","51","104","94","102","25"
"2019","2","A","골목상권","1000098","무수막길","1020","557","463","1","124","185","243","240","227","0","42","81","134","133","167","1","82","104","109","107","60"
"2019","2","A","골목상권","1000099","무학로6길","4173","2255","1918","12","802","793","802","884","880","4","283","435","493","523","517","8","519","358","309","361","363"
"2019","2","A","골목상권","1000100","무학봉28길","3439","1892","1547","9","501","654","731","813","731","4","182","336","419","484","467","5","319","318","312","329","264"
"2019","2","A","골목상권","1000101","무학봉길","1160","589","571","1","141","270","320","277","151","1","59","126","155","141","107","0","82","144","165","136","44"
"2019","2","A","골목상권","1000102","사근동길","2734","1878","856","1","201","547","850","748","387","1","72","324","584","583","314","0","129","223","266","165","73"
"2019","2","A","골목상권","1000103","상원12길","5148","3434","1714","7","732","1159","1134","1101","1015","4","412","792","737","723","766","3","320","367","397","378","249"
"2019","2","A","골목상권","1000105","서울숲2길","2910","1865","1045","5","400","647","751","689","418","4","214","392","468","465","322","1","186","255","283","224","96"
"2019","2","A","골목상권","1000106","성덕정17길","5531","3833","1698","68","918","1476","1438","1088","543","40","523","1039","1016","781","434","28","395","437","422","307","109"
"2019","2","A","골목상권","1000107","성덕정길","2778","1904","874","3","270","580","671","818","436","1","143","382","435","591","352","2","127","198","236","227","84"
"2019","2","A","골목상권","1000108","성수이로18길","17664","11267","6397","119","2812","4229","4270","3684","2550","82","1484","2721","2862","2320","1798","37","1328","1508","1408","1364","752"
"2019","2","A","골목상권","1000110","성수일로6길","20314","12638","7676","72","3289","5284","4858","3827","2984","52","1714","3316","3167","2374","2015","20","1575","1968","1691","1453","969"
"2019","2","A","골목상권","1000111","송정12라길","1178","607","571","0","144","309","313","271","141","0","57","173","174","123","80","0","87","136","139","148","61"
"2019","2","A","골목상권","1000112","송정4가길","6406","4057","2349","15","1029","1899","1713","1080","670","5","517","1208","1143","670","514","10","512","691","570","410","156"
"2019","2","A","골목상권","1000113","아차산로11길","18052","11601","6451","71","2792","4649","4552","3629","2359","48","1438","3002","3091","2250","1772","23","1354","1647","1461","1379","587"
"2019","2","A","골목상권","1000114","아차산로15길","12658","8502","4156","63","1842","3385","3373","2470","1525","44","999","2271","2356","1665","1167","19","843","1114","1017","805","358"
"2019","2","A","골목상권","1000116","왕십리로14길","5704","3767","1937","11","809","1260","1274","1245","1105","8","450","833","787","838","851","3","359","427","487","407","254"
"2019","2","A","골목상권","1000117","왕십리로21길","8415","2654","5761","11","691","1334","2479","3459","441","9","421","906","788","342","188","2","270","428","1691","3117","253"
"2019","2","A","골목상권","1000118","왕십리로26길","5356","3035","2321","12","916","1077","1146","1240","965","5","316","582","747","804","581","7","600","495","399","436","384"
"2019","2","A","골목상권","1000119","왕십리로31길","3269","1577","1692","8","641","732","609","683","596","2","171","357","354","362","331","6","470","375","255","321","265"
"2019","2","A","골목상권","1000120","왕십리로6길","8279","5192","3087","19","1317","2043","1987","1645","1268","12","742","1287","1241","1055","855","7","575","756","746","590","413"
"2019","2","A","골목상권","1000121","용답29길","8434","4507","3927","33","1262","1839","2322","2038","940","5","783","1247","1123","715","634","28","479","592","1199","1323","306"
"2019","2","A","골목상권","1000122","용답중앙길","6266","2892","3374","29","945","1319","1711","1596","666","4","578","890","651","370","399","25","367","429","1060","1226","267"
"2019","2","A","골목상권","1000123","장터길","1048","452","596","0","125","254","274","270","125","0","32","89","128","123","80","0","93","165","146","147","45"
"2019","2","A","골목상권","1000124","청계천로10나길","4806","2824","1982","5","527","1204","1242","1232","596","4","249","600","736","831","404","1","278","604","506","401","192"
"2019","2","A","골목상권","1000125","한림말3길","4469","1851","2618","5","965","1324","1006","711","458","1","240","467","484","370","289","4","725","857","522","341","169"
"2019","2","A","골목상권","1000126","한림말길","14686","10526","4160","13","1950","4894","4329","3006","494","12","741","3287","3501","2594","391","1","1209","1607","828","412","103"
"2019","2","A","골목상권","1000129","광나루로36길","2612","1733","879","7","326","715","591","633","340","6","181","483","373","423","267","1","145","232","218","210","73"
"2019","2","A","골목상권","1000130","광나루로37길","2204","1170","1034","4","229","479","523","590","379","4","88","234","245","314","285","0","141","245","278","276","94"
"2019","2","A","골목상권","1000131","광나루로40길","2549","1398","1151","6","299","594","666","671","313","4","127","328","364","356","219","2","172","266","302","315","94"
"2019","2","A","골목상권","1000133","긴고랑로20길","3084","1688","1396","3","383","639","837","718","504","2","191","391","436","364","304","1","192","248","401","354","200"
"2019","2","A","골목상권","1000134","긴고랑로7길","2796","1753","1043","5","302","649","660","660","520","1","121","377","391","441","422","4","181","272","269","219","98"
"2019","2","A","골목상권","1000135","긴고랑로8길","3548","2229","1319","20","513","851","849","766","549","15","236","495","545","505","433","5","277","356","304","261","116"
"2019","2","A","골목상권","1000136","긴고랑로9길","1796","1020","776","3","182","352","493","453","313","0","55","195","263","273","234","3","127","157","230","180","79"
"2019","2","A","골목상권","1000137","능동로13길","4765","3073","1692","11","690","1159","1268","1055","582","5","358","744","841","663","462","6","332","415","427","392","120"
"2019","2","A","골목상권","1000138","능동로19길","2152","1356","796","5","239","351","523","673","361","1","106","201","333","440","275","4","133","150","190","233","86"
"2019","2","A","골목상권","1000139","능동로34길","5128","3063","2065","7","669","1089","1310","1092","961","2","362","650","772","609","668","5","307","439","538","483","293"
"2019","2","A","골목상권","1000140","능동로3길","2145","1690","455","6","248","543","606","524","218","4","177","443","485","410","171","2","71","100","121","114","47"
"2019","2","A","골목상권","1000141","능동로4길","2386","1761","625","4","289","612","673","582","226","2","198","472","520","411","158","2","91","140","153","171","68"
"2019","2","A","골목상권","1000142","동일로18길","5296","3382","1914","29","684","1127","1318","1218","920","18","334","699","860","805","666","11","350","428","458","413","254"
"2019","2","A","골목상권","1000143","동일로24길","3596","2307","1289","16","524","798","912","739","607","9","263","500","616","463","456","7","261","298","296","276","151"
"2019","2","A","골목상권","1000144","뚝섬로23길","1746","1076","670","11","263","383","411","384","294","6","129","222","250","240","229","5","134","161","161","144","65"
"2019","2","A","골목상권","1000145","뚝섬로24길","786","546","240","4","94","149","188","186","165","3","58","104","119","126","136","1","36","45","69","60","29"
"2019","2","A","골목상권","1000147","뚝섬로54길","2293","1513","780","9","461","522","555","488","258","5","354","358","317","276","203","4","107","164","238","212","55"
"2019","2","A","골목상권","1000150","면목로17길","1939","1408","531","4","159","386","472","603","315","0","82","274","335","481","236","4","77","112","137","122","79"
"2019","2","A","골목상권","1000151","아차산로40길","3139","1850","1289","18","488","661","784","680","508","6","253","407","468","351","365","12","235","254","316","329","143"
"2019","2","A","골목상권","1000152","아차산로51길","13687","10357","3330","20","831","2210","3717","5387","1522","14","391","1383","2848","4500","1221","6","440","827","869","887","301"
"2019","2","A","골목상권","1000148","뚝섬로58길","3387","1986","1401","11","397","747","896","940","396","7","239","429","508","510","293","4","158","318","388","430","103"
"2019","2","A","골목상권","1000149","뚝섬로64길","3274","1776","1498","6","342","778","864","884","400","4","144","437","472","446","273","2","198","341","392","438","127"
"2019","2","A","골목상권","1000153","아차산로55길","6735","3479","3256","14","522","1201","1933","2157","908","11","244","668","1066","969","521","3","278","533","867","1188","387"
"2019","2","A","골목상권","1000154","아차산로65길","6030","3776","2254","13","891","1427","1369","1173","1157","7","507","1012","965","661","624","6","384","415","404","512","533"
"2019","2","A","골목상권","1000155","아차산로78길","10472","6194","4278","75","2872","2416","1978","2033","1098","28","1294","1422","1332","1349","769","47","1578","994","646","684","329"
"2019","2","A","골목상권","1000156","용마산로21길","2846","1548","1298","1","284","612","787","730","432","0","103","296","424","415","310","1","181","316","363","315","122"
"2019","2","A","골목상권","1000157","용마산로3길","4311","2442","1869","8","598","872","1115","963","755","2","326","529","590","492","503","6","272","343","525","471","252"
"2019","2","A","골목상권","1000158","자양로11길","4582","2554","2028","14","597","1009","1227","1135","600","10","232","532","715","643","422","4","365","477","512","492","178"
"2019","2","A","골목상권","1000159","자양로15길","13989","10432","3557","23","1002","2106","3766","5421","1671","13","444","1269","2904","4483","1319","10","558","837","862","938","352"
"2019","2","A","골목상권","1000160","자양로26길","10801","8903","1898","10","593","1536","2990","4544","1128","8","333","1152","2471","3971","968","2","260","384","519","573","160"
"2019","2","A","골목상권","1000161","자양로45길","3348","1858","1490","11","380","623","884","832","618","5","179","369","466","428","411","6","201","254","418","404","207"
"2019","2","A","골목상권","1000163","자양로53길","3112","1951","1161","2","340","508","931","881","450","1","169","328","558","558","337","1","171","180","373","323","113"
"2019","2","A","골목상권","1000164","자양번영로3길","2324","1553","771","4","290","484","672","640","234","2","189","340","462","400","160","2","101","144","210","240","74"
"2019","2","A","골목상권","1000165","천호대로109길","4550","2707","1843","6","659","1009","1186","932","758","2","357","634","678","523","513","4","302","375","508","409","245"
"2019","2","A","골목상권","1000166","천호대로123길","3898","2175","1723","9","466","786","1022","924","691","3","247","478","530","450","467","6","219","308","492","474","224"
"2019","2","A","골목상권","1000167","천호대로129길","3629","2259","1370","7","405","603","1011","1004","599","3","199","368","653","633","403","4","206","235","358","371","196"
"2019","2","A","골목상권","1000168","경희대로3길","2199","1212","987","4","408","756","481","362","188","2","140","395","298","243","134","2","268","361","183","119","54"
"2019","2","A","골목상권","1000169","경희대로4길","2413","802","1611","2","580","790","543","322","176","0","101","257","199","125","120","2","479","533","344","197","56"
"2019","2","A","골목상권","1000170","난계로30길","10345","4859","5486","10","1010","2410","3106","2590","1219","2","373","1311","1357","1059","757","8","637","1099","1749","1531","462"
"2019","2","A","골목상권","1000171","답십리로23길","713","405","308","1","72","125","174","170","171","1","40","81","118","89","76","0","32","44","56","81","95"
"2019","2","A","골목상권","1000172","답십리로56길","1731","1030","701","7","192","328","415","449","340","1","83","178","225","276","267","6","109","150","190","173","73"
"2019","2","A","골목상권","1000173","답십리로60길","2888","1591","1297","10","264","409","541","716","948","7","133","228","328","389","506","3","131","181","213","327","442"
"2019","2","A","골목상권","1000174","답십리로63길","4150","2144","2006","17","1712","832","724","565","300","13","895","489","314","245","188","4","817","343","410","320","112"
"2019","2","A","골목상권","1000175","답십리로64길","4055","2069","1986","22","482","724","795","960","1072","18","219","364","447","484","537","4","263","360","348","476","535"
"2019","2","A","골목상권","1000176","답십리로68길","4974","2389","2585","20","624","1013","1118","1148","1051","16","250","491","542","551","539","4","374","522","576","597","512"
"2019","2","A","골목상권","1000177","답십리로69길","3199","1556","1643","3","421","669","801","809","496","1","146","336","330","398","345","2","275","333","471","411","151"
"2019","2","A","골목상권","1000178","답십리로72길","5358","3024","2334","16","921","1316","1382","1143","580","12","477","745","718","648","424","4","444","571","664","495","156"
"2019","2","A","골목상권","1000179","망우로18가길","1880","990","890","0","182","404","505","511","278","0","73","132","267","331","187","0","109","272","238","180","91"
"2019","2","A","골목상권","1000180","망우로18길","3882","1953","1929","3","543","814","1007","1045","470","0","155","345","567","616","270","3","388","469","440","429","200"
"2019","2","A","골목상권","1000181","망우로21길","3171","1603","1568","4","498","668","835","801","365","0","138","340","475","460","190","4","360","328","360","341","175"
"2019","2","A","골목상권","1000182","무학로16길","3110","2010","1100","4","343","688","676","708","691","2","186","407","477","474","464","2","157","281","199","234","227"
"2019","2","A","골목상권","1000183","무학로45길","4256","2741","1515","13","655","1065","987","936","600","6","281","652","656","668","478","7","374","413","331","268","122"
"2019","2","A","골목상권","1000184","사가정로13길","4543","2341","2202","3","448","1023","1204","1203","662","1","197","464","645","639","395","2","251","559","559","564","267"
"2019","2","A","골목상권","1000185","사가정로23가길","3149","1870","1279","5","236","577","788","943","600","2","108","313","413","540","494","3","128","264","375","403","106"
"2019","2","A","골목상권","1000186","사가정로2길","6370","2982","3388","13","844","1368","1752","1637","756","3","547","894","664","393","481","10","297","474","1088","1244","275"
"2019","2","A","골목상권","1000187","서울시립대로16길","1454","861","593","1","158","308","421","375","191","1","75","168","269","238","110","0","83","140","152","137","81"
"2019","2","A","골목상권","1000188","서울시립대로29길","3126","1608","1518","5","435","608","708","767","603","2","143","234","371","416","442","3","292","374","337","351","161"
"2019","2","A","골목상권","1000189","서울시립대로4길","1455","946","509","6","210","294","380","339","226","4","129","183","241","224","165","2","81","111","139","115","61"
"2019","2","A","골목상권","1000190","약령시로17길","2220","1414","806","0","237","509","523","606","345","0","135","357","355","361","206","0","102","152","168","245","139"
"2019","2","A","골목상권","1000191","왕산로32길","2531","1363","1168","4","269","617","695","731","215","3","102","279","336","493","150","1","167","338","359","238","65"
"2019","2","A","골목상권","1000192","왕산로33길","1292","748","544","2","154","195","272","357","312","2","78","107","172","179","210","0","76","88","100","178","102"
"2019","2","A","골목상권","1000194","이문로42길","1408","830","578","1","120","293","347","325","322","1","48","181","204","191","205","0","72","112","143","134","117"
"2019","2","A","골목상권","1000195","장한로14길","3323","2048","1275","3","371","662","715","950","622","2","187","406","451","549","453","1","184","256","264","401","169"
"2019","2","A","골목상권","1000196","장한로25길","3162","1385","1777","18","492","752","827","704","369","13","170","324","332","323","223","5","322","428","495","381","146"
"2019","2","A","골목상권","1000197","장한로26가길","3858","1803","2055","5","510","874","987","951","531","2","170","391","439","456","345","3","340","483","548","495","186"
"2019","2","A","골목상권","1000198","장한로26길","4673","2574","2099","18","862","1206","1221","945","421","11","447","657","609","551","299","7","415","549","612","394","122"
"2019","2","A","골목상권","1000199","장한로27가길","5769","2830","2939","18","1947","1235","1113","971","485","13","962","658","469","420","308","5","985","577","644","551","177"
"2019","2","A","골목상권","1000200","장한로27길","5193","2598","2595","20","1903","1103","932","776","459","13","948","579","406","369","283","7","955","524","526","407","176"
"2019","2","A","골목상권","1000201","장한로5길","5840","3658","2182","6","580","1002","1195","1346","1711","4","292","630","785","822","1125","2","288","372","410","524","586"
"2019","2","A","골목상권","1000202","장한로8길","5218","3301","1917","5","577","986","1207","1218","1225","2","250","586","730","758","975","3","327","400","477","460","250"
"2019","2","A","골목상권","1000203","전농로29길","3125","1723","1402","3","373","652","823","859","415","2","152","296","501","513","259","1","221","356","322","346","156"
"2019","2","A","골목상권","1000204","전농로3길","5358","2290","3068","15","710","1051","1521","1540","521","4","467","692","488","324","315","11","243","359","1033","1216","206"
"2019","2","A","골목상권","1000205","전농로4길","3945","2695","1250","5","457","862","1045","877","699","1","275","551","732","607","529","4","182","311","313","270","170"
"2019","2","A","골목상권","1000206","제기로21길","2988","1831","1157","2","416","832","746","672","320","1","148","453","492","495","242","1","268","379","254","177","78"
"2019","2","A","골목상권","1000207","제기로5길","1069","648","421","0","86","212","326","258","187","0","45","116","196","162","129","0","41","96","130","96","58"
"2019","2","A","골목상권","1000208","천장산로7길","1468","893","575","2","150","272","459","381","204","2","56","126","274","271","164","0","94","146","185","110","40"
"2019","2","A","골목상권","1000209","천호대로12길","8882","4148","4734","7","736","2092","2776","2330","941","2","297","1176","1209","907","557","5","439","916","1567","1423","384"
"2019","2","A","골목상권","1000210","천호대로17길","8220","4956","3264","20","1963","2460","1759","1185","833","8","773","1543","1170","832","630","12","1190","917","589","353","203"
"2019","2","A","골목상권","1000211","천호대로45길","2803","1586","1217","5","315","689","751","806","237","4","143","341","382","547","169","1","172","348","369","259","68"
"2019","2","A","골목상권","1000212","천호대로77길","7559","4798","2761","33","1463","1824","1514","1351","1374","1","664","1196","1028","847","1062","32","799","628","486","504","312"
"2019","2","A","골목상권","1000213","천호대로97길","2780","1714","1066","2","267","418","602","654","837","0","101","225","319","396","673","2","166","193","283","258","164"
"2019","2","A","골목상권","1000214","한천로14길","5561","3333","2228","9","555","1022","1173","1409","1393","7","277","638","773","806","832","2","278","384","400","603","561"
"2019","2","A","골목상권","1000215","한천로33길","4276","2324","1952","10","1590","764","696","735","481","4","869","487","363","318","283","6","721","277","333","417","198"
"2019","2","A","골목상권","1000216","한천로40길","3982","2435","1547","6","1569","700","537","656","514","3","859","474","316","393","390","3","710","226","221","263","124"
"2019","2","A","골목상권","1000217","한천로46길","3109","1933","1176","6","232","652","797","869","553","2","102","374","453","546","456","4","130","278","344","323","97"
"2019","2","A","골목상권","1000218","휘경로14길","1552","892","660","3","155","287","412","398","297","1","65","166","251","254","155","2","90","121","161","144","142"
"2019","2","A","골목상권","1000219","휘경로23길","754","444","310","1","71","162","211","198","111","1","27","107","127","108","74","0","44","55","84","90","37"
"2019","2","A","골목상권","1000220","휘경로2길","3064","1255","1809","1","573","808","755","557","370","0","97","285","346","320","207","1","476","523","409","237","163"
"2019","2","A","골목상권","1000221","휘경로3길","1817","1078","739","1","126","294","536","504","356","1","47","164","315","336","215","0","79","130","221","168","141"
"2019","2","A","골목상권","1000223","겸재로36길","2133","1305","828","1","222","444","551","510","405","1","113","276","315","309","291","0","109","168","236","201","114"
"2019","2","A","골목상권","1000224","겸재로54길","1921","1068","853","1","150","372","465","566","367","0","52","182","248","343","243","1","98","190","217","223","124"
"2019","2","A","골목상권","1000225","공릉로12가길","1642","777","865","4","140","336","430","447","285","0","48","155","189","209","176","4","92","181","241","238","109"
"2019","2","A","골목상권","1000226","공릉로2길","2013","1097","916","3","269","440","468","517","316","2","105","262","245","261","222","1","164","178","223","256","94"
"2019","2","A","골목상권","1000228","동일로100길","3344","2151","1193","2","379","714","919","799","531","1","193","493","556","490","418","1","186","221","363","309","113"
"2019","2","A","골목상권","1000229","동일로101길","1396","804","592","2","130","213","326","406","319","2","52","94","161","251","244","0","78","119","165","155","75"
"2019","2","A","골목상권","1000230","동일로112길","4467","2719","1748","3","516","995","1211","1020","722","0","239","620","689","610","561","3","277","375","522","410","161"
"2019","2","A","골목상권","1000231","동일로123길","2503","1568","935","2","226","418","588","631","638","0","106","230","328","406","498","2","120","188","260","225","140"
"2019","2","A","골목상권","1000232","동일로130길","1465","783","682","0","167","285","379","369","265","0","65","137","187","186","208","0","102","148","192","183","57"
"2019","2","A","골목상권","1000233","동일로139가길","2308","1527","781","0","298","540","578","576","316","0","167","356","362","398","244","0","131","184","216","178","72"
"2019","2","A","골목상권","1000234","동일로139길","1855","1299","556","0","246","425","453","458","273","0","150","301","302","341","205","0","96","124","151","117","68"
"2019","2","A","골목상권","1000235","동일로140길","2467","1583","884","1","319","572","629","610","336","0","182","354","383","403","261","1","137","218","246","207","75"
"2019","2","A","골목상권","1000236","동일로149길","1701","1170","531","0","242","444","421","441","153","0","141","308","282","321","118","0","101","136","139","120","35"
"2019","2","A","골목상권","1000237","동일로157길","3145","1925","1220","0","411","733","762","843","396","0","198","469","462","524","272","0","213","264","300","319","124"
"2019","2","A","골목상권","1000238","동일로163길","1302","722","580","0","136","269","302","368","227","0","42","154","166","209","151","0","94","115","136","159","76"
"2019","2","A","골목상권","1000239","망우로68길","2001","1107","894","8","208","316","409","575","485","1","63","120","202","344","377","7","145","196","207","231","108"
"2019","2","A","골목상권","1000240","망우로73길","1797","1089","708","2","153","286","398","545","413","0","55","122","188","360","364","2","98","164","210","185","49"
"2019","2","A","골목상권","1000243","면목로45길","3040","1771","1269","0","204","376","550","688","1222","0","71","177","284","448","791","0","133","199","266","240","431"
"2019","2","A","골목상권","1000244","면목로48길","3491","2043","1448","0","275","446","548","848","1374","0","88","201","281","546","927","0","187","245","267","302","447"
"2019","2","A","골목상권","1000245","면목로49길","3501","2060","1441","1","276","539","711","742","1232","1","118","299","377","469","796","0","158","240","334","273","436"
"2019","2","A","골목상권","1000246","면목로55길","2509","1555","954","1","254","506","624","617","507","1","121","312","360","393","368","0","133","194","264","224","139"
"2019","2","A","골목상권","1000247","면목로56길","2693","1652","1041","0","237","524","627","742","563","0","90","277","384","497","404","0","147","247","243","245","159"
"2019","2","A","골목상권","1000248","면목로78길","2879","1669","1210","2","368","677","835","641","356","0","175","445","455","328","266","2","193","232","380","313","90"
"2019","2","A","골목상권","1000249","봉우재로33길","3268","2004","1264","1","421","749","912","674","511","0","195","486","526","380","417","1","226","263","386","294","94"
"2019","2","A","골목상권","1000251","봉화산로4길","1082","589","493","3","141","176","272","255","235","3","72","83","132","130","169","0","69","93","140","125","66"
"2019","2","A","골목상권","1000252","봉화산로56길","5853","3579","2274","2","667","1237","1270","1512","1165","1","340","649","666","983","940","1","327","588","604","529","225"
"2019","2","A","골목상권","1000253","사가정로42길","1099","663","436","0","93","230","343","259","174","0","53","134","214","164","98","0","40","96","129","95","76"
"2019","2","A","골목상권","1000254","사가정로54길","3062","1914","1148","0","221","327","502","737","1275","0","90","178","289","491","866","0","131","149","213","246","409"
"2019","2","A","골목상권","1000255","신내로7가길","2548","1590","958","3","343","489","552","568","593","1","218","322","289","309","451","2","125","167","263","259","142"
"2019","2","A","골목상권","1000256","용마산로100길","1301","752","549","0","105","181","336","344","335","0","42","85","188","213","224","0","63","96","148","131","111"
"2019","2","A","골목상권","1000257","용마산로112길","1335","826","509","3","110","206","267","412","337","1","38","99","154","269","265","2","72","107","113","143","72"
"2019","2","A","골목상권","1000258","용마산로118길","2145","1347","798","3","174","311","449","625","583","0","63","141","230","422","491","3","111","170","219","203","92"
"2019","2","A","골목상권","1000259","용마산로94길","1288","830","458","0","116","185","297","371","319","0","36","94","179","281","240","0","80","91","118","90","79"
"2019","2","A","골목상권","1000260","중랑천로10길","3351","2262","1089","3","335","767","1019","937","290","3","165","461","716","726","191","0","170","306","303","211","99"
"2019","2","A","골목상권","1000261","길음로7길","2191","707","1484","9","693","609","431","297","152","1","92","211","160","139","104","8","601","398","271","158","48"
"2019","2","A","골목상권","1000262","돌곶이로14길","1431","964","467","3","153","355","384","365","171","0","79","228","252","266","139","3","74","127","132","99","32"
"2019","2","A","골목상권","1000264","돌곶이로27길","1369","777","592","0","141","256","338","286","348","0","55","117","170","164","271","0","86","139","168","122","77"
"2019","2","A","골목상권","1000265","돌곶이로28길","2768","1850","918","8","233","309","425","495","1298","4","88","159","234","298","1067","4","145","150","191","197","231"
"2019","2","A","골목상권","1000267","돌곶이로8길","1528","1012","516","4","157","367","370","381","249","1","77","227","220","278","209","3","80","140","150","103","40"
"2019","2","A","골목상권","1000268","동소문로13길","14085","6702","7383","310","2249","3197","4025","2554","1750","115","773","1498","1958","1532","826","195","1476","1699","2067","1022","924"
"2019","2","A","골목상권","1000269","동소문로15길","11663","5691","5972","304","1966","2540","3138","2126","1589","110","664","1199","1620","1332","766","194","1302","1341","1518","794","823"
"2019","2","A","골목상권","1000270","동소문로26가길","3875","1797","2078","12","702","785","936","897","543","7","182","304","460","486","358","5","520","481","476","411","185"
"2019","2","A","골목상권","1000271","동소문로2길","2541","1210","1331","7","310","571","713","583","357","5","141","335","325","216","188","2","169","236","388","367","169"
"2019","2","A","골목상권","1000272","동소문로6길","2119","1042","1077","8","268","511","633","484","215","4","119","301","300","192","126","4","149","210","333","292","89"
"2019","2","A","골목상권","1000273","보국문로16길","1401","832","569","0","139","184","310","389","379","0","50","85","162","256","279","0","89","99","148","133","100"
"2019","2","A","골목상권","1000274","보문로13길","6567","4836","1731","3","570","1816","1210","1352","1616","2","300","1469","956","1011","1098","1","270","347","254","341","518"
"2019","2","A","골목상권","1000275","보문로26길","2426","1168","1258","5","361","488","679","600","293","1","98","217","354","318","180","4","263","271","325","282","113"
"2019","2","A","골목상권","1000276","보문로31길","5246","2902","2344","6","584","1188","1726","1303","439","0","211","621","913","898","259","6","373","567","813","405","180"
"2019","2","A","골목상권","1000277","보문로32길","3531","1961","1570","7","436","685","1002","984","417","1","138","324","591","637","270","6","298","361","411","347","147"
"2019","2","A","골목상권","1000278","삼선교로10길","1627","720","907","3","209","300","385","407","323","2","83","124","164","177","170","1","126","176","221","230","153"
"2019","2","A","골목상권","1000279","삼선교로10다길","1342","700","642","0","140","245","308","296","353","0","61","116","142","143","238","0","79","129","166","153","115"
"2019","2","A","골목상권","1000280","삼선교로16가길","2478","1648","830","0","273","615","724","627","239","0","113","413","514","461","147","0","160","202","210","166","92"
"2019","2","A","골목상권","1000281","삼양로8길","1921","946","975","12","294","407","487","397","324","10","79","187","233","194","243","2","215","220","254","203","81"
"2019","2","A","골목상권","1000282","성북로8길","3021","1593","1428","22","556","735","849","612","247","11","265","412","430","304","171","11","291","323","419","308","76"
"2019","2","A","골목상권","1000283","솔샘로6길","1078","717","361","0","65","162","265","334","252","0","22","88","168","249","190","0","43","74","97","85","62"
"2019","2","A","골목상권","1000284","아리랑로4길","2556","1201","1355","13","518","505","534","553","433","8","149","220","254","282","288","5","369","285","280","271","145"
"2019","2","A","골목상권","1000285","안암로5길","4333","2673","1660","10","504","837","934","1038","1010","5","210","528","620","642","668","5","294","309","314","396","342"
"2019","2","A","골목상권","1000286","오패산로19길","1952","995","957","10","390","473","504","359","216","8","167","246","259","181","134","2","223","227","245","178","82"
"2019","2","A","골목상권","1000289","인촌로17가길","2036","1022","1014","1","269","407","589","522","248","1","76","178","313","298","156","0","193","229","276","224","92"
"2019","2","A","골목상권","1000290","인촌로1길","3365","2010","1355","8","346","619","778","887","727","2","131","380","516","552","429","6","215","239","262","335","298"
"2019","2","A","골목상권","1000291","개운사길","2717","1424","1293","2","357","685","880","581","212","0","118","298","505","348","155","2","239","387","375","233","57"
"2019","2","A","골목상권","1000292","인촌로24길","4488","2659","1829","8","536","1070","1342","1053","479","2","202","577","846","676","356","6","334","493","496","377","123"
"2019","2","A","골목상권","1000293","인촌로5길","3436","1918","1518","6","409","644","981","974","422","1","122","312","581","631","271","5","287","332","400","343","151"
"2019","2","A","골목상권","1000287","오패산로3길","2984","1819","1165","6","326","462","606","563","1021","3","138","241","314","334","789","3","188","221","292","229","232"
"2019","2","A","골목상권","1000288","오패산로4길","4166","2598","1568","6","541","1054","944","917","704","3","268","682","533","564","548","3","273","372","411","353","156"
"2019","2","A","골목상권","1000294","인촌로6길","7173","5303","1870","5","701","1968","1342","1488","1669","3","373","1599","1066","1117","1145","2","328","369","276","371","524"
"2019","2","A","골목상권","1000295","장월로1길","3804","2328","1476","4","634","1114","938","740","374","3","314","736","569","428","278","1","320","378","369","312","96"
"2019","2","A","골목상권","1000296","장위로50길","2731","1782","949","8","197","285","416","516","1309","4","68","141","206","291","1072","4","129","144","210","225","237"
"2019","2","A","골목상권","1000297","정릉로26길","3569","1878","1691","2","382","497","522","560","1606","1","144","248","223","278","984","1","238","249","299","282","622"
"2019","2","A","골목상권","1000298","정릉로27길","4760","2515","2245","4","567","668","810","834","1877","1","194","323","364","446","1187","3","373","345","446","388","690"
"2019","2","A","골목상권","1000299","정릉로8길","1863","1360","503","5","339","578","430","317","194","4","194","427","349","259","127","1","145","151","81","58","67"
"2019","2","A","골목상권","1000300","종암로16길","1720","734","986","4","241","313","417","448","297","2","84","136","177","199","136","2","157","177","240","249","161"
"2019","2","A","골목상권","1000302","종암로21길","5276","3322","1954","10","541","1268","1264","1320","873","2","245","679","770","982","644","8","296","589","494","338","229"
"2019","2","A","골목상권","1000304","종암로5길","997","530","467","0","110","243","319","224","101","0","52","116","161","140","61","0","58","127","158","84","40"
"2019","2","A","골목상권","1000305","지봉로20길","7066","5312","1754","4","641","1946","1439","1527","1509","3","336","1596","1139","1201","1037","1","305","350","300","326","472"
"2019","2","A","골목상권","1000306","창경궁로43길","4349","2296","2053","28","774","1106","965","899","577","17","345","603","543","470","318","11","429","503","422","429","259"
"2019","2","A","골목상권","1000307","한천로101가길","830","373","457","10","114","170","240","176","120","7","40","79","102","70","75","3","74","91","138","106","45"
"2019","2","A","골목상권","1000308","한천로76길","1346","868","478","2","152","254","349","360","229","0","69","135","216","269","179","2","83","119","133","91","50"
"2019","2","A","골목상권","1000309","화랑로13길","3161","2021","1140","2","430","857","705","618","549","1","209","571","415","374","451","1","221","286","290","244","98"
"2019","2","A","골목상권","1000310","화랑로14길","3175","1904","1271","2","512","983","729","603","346","1","248","636","406","360","253","1","264","347","323","243","93"
"2019","2","A","골목상권","1000311","화랑로19길","2256","1314","942","4","345","540","630","438","299","3","164","313","361","249","224","1","181","227","269","189","75"
"2019","2","A","골목상권","1000312","화랑로1길","4209","2706","1503","15","506","787","872","933","1096","10","238","479","510","627","842","5","268","308","362","306","254"
"2019","2","A","골목상권","1000313","화랑로32길","1558","926","632","4","182","413","429","337","193","1","69","255","246","213","142","3","113","158","183","124","51"
"2019","2","A","골목상권","1000314","화랑로40길","2603","1739","864","0","165","254","437","526","1221","0","49","123","250","333","984","0","116","131","187","193","237"
"2019","2","A","골목상권","1000315","노해로17길","3300","1576","1724","1","305","696","767","836","695","1","95","275","358","514","333","0","210","421","409","322","362"
"2019","2","A","골목상권","1000316","노해로23길","1610","1110","500","1","137","194","380","592","306","0","54","103","256","462","235","1","83","91","124","130","71"
"2019","2","A","골목상권","1000317","노해로33길","1321","631","690","1","213","241","327","320","219","0","43","103","149","177","159","1","170","138","178","143","60"
"2019","2","A","골목상권","1000318","덕릉로40길","1148","456","692","0","106","132","342","397","171","0","40","60","108","167","81","0","66","72","234","230","90"
"2019","2","A","골목상권","1000319","덕릉로41길","4717","2479","2238","4","466","1096","1103","1290","758","2","166","540","540","798","433","2","300","556","563","492","325"
"2019","2","A","골목상권","1000320","도봉로13길","989","622","367","1","89","188","234","290","187","1","41","109","133","194","144","0","48","79","101","96","43"
"2019","2","A","골목상권","1000321","도봉로18길","1544","737","807","4","137","269","409","392","333","4","34","110","164","178","247","0","103","159","245","214","86"
"2019","2","A","골목상권","1000323","도봉로67길","1632","906","726","3","170","330","427","403","299","2","67","165","231","236","205","1","103","165","196","167","94"
"2019","2","A","골목상권","1000324","도봉로76길","4033","2370","1663","6","423","866","896","1027","815","3","182","509","525","645","506","3","241","357","371","382","309"
"2019","2","A","골목상권","1000325","도봉로8길","1074","508","566","1","175","249","274","223","152","1","65","121","123","96","102","0","110","128","151","127","50"
"2019","2","A","골목상권","1000326","도봉로99길","1780","819","961","0","377","411","420","397","175","0","97","183","196","222","121","0","280","228","224","175","54"
"2019","2","A","골목상권","1000327","삼각산로28길","4469","2212","2257","3","419","858","942","1152","1095","2","144","350","434","681","601","1","275","508","508","471","494"
"2019","2","A","골목상권","1000328","삼양로20길","1218","717","501","1","118","252","309","309","229","1","42","122","158","197","197","0","76","130","151","112","32"
"2019","2","A","골목상권","1000329","삼양로24길","1200","743","457","2","96","212","301","312","277","1","39","110","169","201","223","1","57","102","132","111","54"
"2019","2","A","골목상권","1000330","삼양로27길","1290","701","589","1","167","334","412","257","119","0","79","187","230","123","82","1","88","147","182","134","37"
"2019","2","A","골목상권","1000331","삼양로41길","1150","613","537","2","140","219","276","268","245","1","52","100","132","157","171","1","88","119","144","111","74"
"2019","2","A","골목상권","1000332","삼양로54길","1275","597","678","1","101","167","226","323","457","1","27","73","108","173","215","0","74","94","118","150","242"
"2019","2","A","골목상권","1000334","삼양로93길","2200","1067","1133","0","208","411","515","581","485","0","55","171","250","268","323","0","153","240","265","313","162"
"2019","2","A","골목상권","1000335","솔매로41길","1672","942","730","1","182","349","449","422","269","1","68","181","254","250","188","0","114","168","195","172","81"
"2019","2","A","골목상권","1000336","솔매로45길","1533","906","627","2","154","322","424","389","242","2","63","159","248","257","177","0","91","163","176","132","65"
"2019","2","A","골목상권","1000337","솔매로50길","2202","1182","1020","4","217","483","568","559","371","4","70","216","304","318","270","0","147","267","264","241","101"
"2019","2","A","골목상권","1000338","솔샘로65길","1789","813","976","5","130","311","365","423","555","5","27","120","161","203","297","0","103","191","204","220","258"
"2019","2","A","골목상권","1000339","수유로12길","3033","1495","1538","6","335","494","643","768","787","3","104","211","279","386","512","3","231","283","364","382","275"
"2019","2","A","골목상권","1000340","오패산로30길","1172","535","637","1","101","196","331","299","244","1","33","93","140","130","138","0","68","103","191","169","106"
"2019","2","A","골목상권","1000341","오패산로52길","1556","878","678","1","143","351","435","397","229","1","55","191","261","228","142","0","88","160","174","169","87"
"2019","2","A","골목상권","1000342","오패산로67길","3440","1912","1528","5","403","701","711","844","776","1","152","401","382","520","456","4","251","300","329","324","320"
"2019","2","A","골목상권","1000343","인수봉로56길","2117","1267","850","0","176","399","559","641","342","0","50","182","345","419","271","0","126","217","214","222","71"
"2019","2","A","골목상권","1000344","인수봉로72길","3703","2182","1521","0","241","501","710","910","1341","0","79","236","410","560","897","0","162","265","300","350","444"
"2019","2","A","골목상권","1000346","한천로109길","1729","864","865","14","213","322","433","435","312","10","67","147","219","235","186","4","146","175","214","200","126"
"2019","2","A","골목상권","1000347","한천로124나길","1736","1053","683","0","170","412","417","491","246","0","75","274","222","320","162","0","95","138","195","171","84"
"2019","2","A","골목상권","1000348","한천로130길","1195","629","566","1","123","208","281","314","268","1","39","97","151","167","174","0","84","111","130","147","94"
"2019","2","A","골목상권","1000349","한천로132길","4071","2362","1709","4","399","1079","955","1056","578","2","152","578","555","724","351","2","247","501","400","332","227"
"2019","2","A","골목상권","1000350","한천로139가길","3248","1550","1698","3","334","710","724","800","677","1","105","283","339","493","329","2","229","427","385","307","348"
"2019","2","A","골목상권","1000351","한천로140길","3505","1838","1667","1","364","880","883","896","481","1","125","407","468","544","293","0","239","473","415","352","188"
"2019","2","A","골목상권","1000352","노해로60길","1863","1088","775","10","170","321","455","555","352","9","57","164","253","352","253","1","113","157","202","203","99"
"2019","2","A","골목상권","1000353","노해로63다길","5116","3100","2016","7","487","1067","1260","1120","1175","3","204","672","830","602","789","4","283","395","430","518","386"
"2019","2","A","골목상권","1000354","덕릉로60길","1096","618","478","2","106","223","287","292","186","0","38","125","170","155","130","2","68","98","117","137","56"
"2019","2","A","골목상권","1000355","도당로13가길","766","411","355","0","69","157","199","183","158","0","30","86","95","98","102","0","39","71","104","85","56"
"2019","2","A","골목상권","1000356","도당로13바길","1012","480","532","0","79","209","276","215","233","0","28","100","132","100","120","0","51","109","144","115","113"
"2019","2","A","골목상권","1000357","도당로19길","782","421","361","1","98","162","205","197","119","1","41","95","97","109","78","0","57","67","108","88","41"
"2019","2","A","골목상권","1000358","도당로29길","2453","1779","674","3","235","419","495","661","640","3","130","298","326","484","538","0","105","121","169","177","102"
"2019","2","A","골목상권","1000359","도봉로109길","3014","1582","1432","8","498","667","732","710","399","7","123","318","399","437","298","1","375","349","333","273","101"
"2019","2","A","골목상권","1000360","도봉로114길","1761","975","786","4","179","273","404","540","361","4","63","126","209","322","251","0","116","147","195","218","110"
"2019","2","A","골목상권","1000361","도봉로143길","1841","1035","806","2","201","370","448","493","327","1","86","223","259","264","202","1","115","147","189","229","125"
"2019","2","A","골목상권","1000362","도봉로147길","2182","1345","837","3","232","426","483","644","394","0","119","262","306","420","238","3","113","164","177","224","156"
"2019","2","A","골목상권","1000363","도봉로152가길","1505","934","571","1","88","199","309","427","481","1","29","96","166","286","356","0","59","103","143","141","125"
"2019","2","A","골목상권","1000364","도봉로156길","1558","1071","487","2","86","188","316","429","537","2","31","106","183","314","435","0","55","82","133","115","102"
"2019","2","A","골목상권","1000365","도봉로169나길","1282","907","375","1","57","142","219","415","448","1","26","80","128","304","368","0","31","62","91","111","80"
"2019","2","A","골목상권","1000366","도봉로181길","1891","842","1049","0","62","114","206","346","1163","0","17","63","92","140","530","0","45","51","114","206","633"
"2019","2","A","골목상권","1000367","도봉산4길","1364","552","812","0","20","61","88","191","1004","0","7","36","51","59","399","0","13","25","37","132","605"
"2019","2","A","골목상권","1000368","도봉산길","1628","694","934","0","46","101","147","258","1076","0","18","59","76","88","453","0","28","42","71","170","623"
"2019","2","A","골목상권","1000369","방학로10길","1371","684","687","3","133","350","374","300","211","1","40","174","190","144","135","2","93","176","184","156","76"
"2019","2","A","골목상권","1000370","방학로15길","2172","1471","701","8","418","496","507","460","283","8","291","316","357","265","234","0","127","180","150","195","49"
"2019","2","A","골목상권","1000371","방학로5길","2262","1120","1142","4","299","482","543","529","405","1","84","242","270","254","269","3","215","240","273","275","136"
"2019","2","A","골목상권","1000372","방학로6가길","1110","526","584","0","94","175","281","309","251","0","43","85","127","136","135","0","51","90","154","173","116"
"2019","2","A","골목상권","1000373","삼양로144길","978","345","633","0","185","170","242","229","152","0","22","52","95","88","88","0","163","118","147","141","64"
"2019","2","A","골목상권","1000374","시루봉로23길","1868","1322","546","2","133","265","358","547","563","2","58","160","209","405","488","0","75","105","149","142","75"
"2019","2","A","골목상권","1000375","우이천로32길","1658","835","823","3","254","324","392","416","269","3","52","139","178","230","233","0","202","185","214","186","36"
"2019","2","A","골목상권","1000376","우이천로4다길","1386","783","603","3","135","243","372","415","218","0","59","131","215","249","129","3","76","112","157","166","89"
"2019","2","A","골목상권","1000377","해등로16길","5451","3248","2203","3","547","1057","1276","1244","1324","0","226","654","833","654","881","3","321","403","443","590","443"
"2019","2","A","골목상권","1000378","공릉로58길","3608","2361","1247","3","367","720","866","1041","611","2","178","404","559","776","442","1","189","316","307","265","169"
"2019","2","A","골목상권","1000379","동일로173가길","5204","2897","2307","12","470","629","979","1453","1661","8","210","364","509","772","1034","4","260","265","470","681","627"
"2019","2","A","골목상권","1000380","동일로192길","3680","2246","1434","10","290","492","637","888","1363","8","131","237","341","622","907","2","159","255","296","266","456"
"2019","2","A","골목상권","1000381","동일로242길","2117","1222","895","3","225","382","459","511","537","3","103","225","263","279","349","0","122","157","196","232","188"
"2019","2","A","골목상권","1000382","상계로12길","2673","1308","1365","4","346","540","710","684","389","3","133","291","324","313","244","1","213","249","386","371","145"
"2019","2","A","골목상권","1000383","상계로1길","1542","721","821","2","164","295","392","431","258","0","70","158","183","177","133","2","94","137","209","254","125"
"2019","2","A","골목상권","1000384","상계로9가길","1901","852","1049","4","231","333","520","508","305","3","84","183","216","215","151","1","147","150","304","293","154"
"2019","2","A","골목상권","1000385","석계로1길","1861","921","940","3","217","323","478","504","336","2","70","136","219","251","243","1","147","187","259","253","93"
"2019","2","A","골목상권","1000386","한글비석로22길","2019","1110","909","3","241","393","493","513","376","0","92","198","260","288","272","3","149","195","233","225","104"
"2019","2","A","골목상권","1000387","한글비석로24길","1494","778","716","9","160","232","368","418","307","4","53","114","180","227","200","5","107","118","188","191","107"
"2019","2","A","골목상권","1000388","한글비석로44길","1688","908","780","6","133","186","298","416","649","3","55","105","139","189","417","3","78","81","159","227","232"
"2019","2","A","골목상권","1000389","가좌로7길","2162","1118","1044","0","170","369","555","622","446","0","66","154","223","330","345","0","104","215","332","292","101"
"2019","2","A","골목상권","1000390","갈현로1길","1978","1035","943","5","295","475","479","378","346","3","95","245","269","187","236","2","200","230","210","191","110"
"2019","2","A","골목상권","1000391","갈현로33길","1575","733","842","4","180","368","377","428","218","0","68","166","165","187","147","4","112","202","212","241","71"
"2019","2","A","골목상권","1000392","갈현로41길","1406","776","630","2","170","290","334","372","238","0","90","156","178","195","157","2","80","134","156","177","81"
"2019","2","A","골목상권","1000393","갈현로7길","2412","1048","1364","7","426","590","586","516","287","4","140","283","278","192","151","3","286","307","308","324","136"
"2019","2","A","골목상권","1000394","불광천길","1888","1026","862","4","210","359","436","494","385","2","108","203","226","260","227","2","102","156","210","234","158"
"2019","2","A","골목상권","1000395","서오릉로21길","3298","2031","1267","3","265","555","725","1112","638","0","119","288","398","804","422","3","146","267","327","308","216"
"2019","2","A","골목상권","1000396","서오릉로8길","2131","1174","957","7","244","459","569","502","350","5","107","235","311","269","247","2","137","224","258","233","103"
"2019","2","A","골목상권","1000397","수색로18길","709","448","261","0","50","117","178","247","117","0","24","71","126","134","93","0","26","46","52","113","24"
"2019","2","A","골목상권","1000398","역말로9길","2449","1165","1284","2","299","557","736","544","311","2","110","262","328","242","221","0","189","295","408","302","90"
"2019","2","A","골목상권","1000399","연서로11길","2557","1359","1198","8","491","565","571","527","395","2","232","300","289","280","256","6","259","265","282","247","139"
"2019","2","A","골목상권","1000400","연서로13길","4641","2422","2219","13","591","813","1008","1422","794","3","214","388","492","833","492","10","377","425","516","589","302"
"2019","2","A","골목상권","1000401","연서로16길","3829","1564","2265","11","618","838","968","907","487","4","199","347","404","342","268","7","419","491","564","565","219"
"2019","2","A","골목상권","1000402","연서로17길","4721","2438","2283","12","453","794","1108","1488","866","3","202","374","488","833","538","9","251","420","620","655","328"
"2019","2","A","골목상권","1000403","연서로21길","4422","2282","2140","13","407","666","1059","1427","850","9","163","309","447","808","546","4","244","357","612","619","304"
"2019","2","A","골목상권","1000404","연서로27길","2345","1036","1309","17","398","522","602","507","299","10","124","226","234","236","206","7","274","296","368","271","93"
"2019","2","A","골목상권","1000405","연서로28길","2456","1054","1402","14","433","500","645","519","345","10","133","216","242","236","217","4","300","284","403","283","128"
"2019","2","A","골목상권","1000406","연서로29길","2127","845","1282","14","332","486","534","484","277","8","85","198","193","198","163","6","247","288","341","286","114"
"2019","2","A","골목상권","1000407","연서로33길","2746","1316","1430","1","187","374","407","538","1239","1","63","198","180","213","661","0","124","176","227","325","578"
"2019","2","A","골목상권","1000408","연서로34길","2572","1211","1361","2","167","324","425","492","1162","2","66","169","165","192","617","0","101","155","260","300","545"
"2019","2","A","골목상권","1000409","연서로3길","2384","1158","1226","7","258","484","661","607","367","5","114","261","318","248","212","2","144","223","343","359","155"
"2019","2","A","골목상권","1000410","연서로41길","2137","1059","1078","0","133","248","307","373","1076","0","54","131","120","166","588","0","79","117","187","207","488"
"2019","2","A","골목상권","1000411","연서로5길","2879","1436","1443","2","465","571","705","683","453","1","190","280","346","323","296","1","275","291","359","360","157"
"2019","2","A","골목상권","1000412","은평로10길","2797","1608","1189","8","256","454","648","724","707","5","126","247","355","362","513","3","130","207","293","362","194"
"2019","2","A","골목상권","1000413","은평로13길","5112","2783","2329","14","461","1020","1225","1377","1015","7","202","467","618","767","722","7","259","553","607","610","293"
"2019","2","A","골목상권","1000414","은평로20길","3395","1793","1602","5","425","874","855","858","378","3","155","415","430","537","253","2","270","459","425","321","125"
"2019","2","A","골목상권","1000415","은평로3길","2831","1418","1413","5","254","547","809","727","489","2","86","261","402","349","318","3","168","286","407","378","171"
"2019","2","A","골목상권","1000416","은평로8길","2570","1608","962","4","253","427","609","611","666","2","122","241","356","361","526","2","131","186","253","250","140"
"2019","2","A","골목상권","1000417","응암로12길","1541","605","936","0","155","288","432","414","252","0","58","101","137","156","153","0","97","187","295","258","99"
"2019","2","A","골목상권","1000418","응암로13길","1780","827","953","2","189","299","386","435","469","1","87","124","135","198","282","1","102","175","251","237","187"
"2019","2","A","골목상권","1000419","응암로14길","1190","497","693","1","155","225","268","295","246","0","71","95","96","118","117","1","84","130","172","177","129"
"2019","2","A","골목상권","1000420","응암로22길","1780","983","797","3","207","275","359","499","437","2","112","158","191","246","274","1","95","117","168","253","163"
"2019","2","A","골목상권","1000421","응암로34길","2199","1270","929","4","206","361","475","563","590","2","101","192","261","286","428","2","105","169","214","277","162"
"2019","2","A","골목상권","1000422","증산로13길","2236","1592","644","2","207","496","548","537","446","2","108","341","405","392","344","0","99","155","143","145","102"
"2019","2","A","골목상권","1000423","증산로15길","2125","1539","586","4","271","441","515","534","360","2","149","313","367","392","316","2","122","128","148","142","44"
"2019","2","A","골목상권","1000424","증산로17길","1725","1070","655","2","207","327","362","406","421","1","130","195","188","240","316","1","77","132","174","166","105"
"2019","2","A","골목상권","1000425","증산로21길","2744","1530","1214","2","282","618","778","631","433","1","116","331","430","343","309","1","166","287","348","288","124"
"2019","2","A","골목상권","1000426","증산로5길","2151","1437","714","0","251","538","602","501","259","0","120","384","423","326","184","0","131","154","179","175","75"
"2019","2","A","골목상권","1000427","증산로9길","2208","1527","681","1","277","580","609","486","255","1","135","411","442","337","201","0","142","169","167","149","54"
"2019","2","A","골목상권","1000428","증산서길","4701","3376","1325","3","383","562","625","862","2266","2","199","318","341","502","2014","1","184","244","284","360","252"
"2019","2","A","골목상권","1000429","진흥로12길","3073","1429","1644","5","371","813","822","660","402","3","136","344","410","301","235","2","235","469","412","359","167"
"2019","2","A","골목상권","1000430","진흥로1길","3044","1508","1536","3","329","539","788","830","555","1","144","275","402","377","309","2","185","264","386","453","246"
"2019","2","A","골목상권","1000431","통일로69길","1497","762","735","5","161","288","425","367","251","4","79","148","220","167","144","1","82","140","205","200","107"
"2019","2","A","골목상권","1000432","통일로78길","3522","1708","1814","2","315","570","662","716","1257","1","127","300","318","294","668","1","188","270","344","422","589"
"2019","2","A","골목상권","1000433","통일로87길","1913","875","1038","6","290","420","477","422","298","3","91","193","204","202","182","3","199","227","273","220","116"
"2019","2","A","골목상권","1000434","통일로92길","2025","859","1166","5","290","441","510","476","303","4","88","197","199","193","178","1","202","244","311","283","125"
"2019","2","A","골목상권","1000435","가재울로6길","838","438","400","0","81","152","257","257","91","0","30","83","134","133","58","0","51","69","123","124","33"
"2019","2","A","골목상권","1000436","독립문로8길","4893","2970","1923","7","539","1043","1190","1222","892","3","235","635","753","737","607","4","304","408","437","485","285"
"2019","2","A","골목상권","1000437","명지대길","2332","1380","952","1","197","435","626","677","396","0","105","255","322","401","297","1","92","180","304","276","99"
"2019","2","A","골목상권","1000438","모래내로15길","7538","4040","3498","36","2079","1313","1103","1354","1653","16","859","772","640","740","1013","20","1220","541","463","614","640"
"2019","2","A","골목상권","1000439","북아현로4길","4260","2491","1769","7","708","1227","1074","791","453","2","319","748","655","490","277","5","389","479","419","301","176"
"2019","2","A","골목상권","1000440","세검정로1길","1807","817","990","1","166","293","443","519","385","1","73","155","189","205","194","0","93","138","254","314","191"
"2019","2","A","골목상권","1000441","세무서2길","2073","1021","1052","2","214","337","549","680","291","1","75","177","260","346","162","1","139","160","289","334","129"
"2019","2","A","골목상권","1000442","세무서길","2079","981","1098","2","228","320","538","739","252","1","72","163","235","360","150","1","156","157","303","379","102"
"2019","2","A","골목상권","1000443","수색로8길","3693","2936","757","0","113","303","357","625","2295","0","49","189","184","415","2099","0","64","114","173","210","196"
"2019","2","A","골목상권","1000444","신촌로37길","3718","2170","1548","6","683","1102","922","633","372","1","307","672","567","402","221","5","376","430","355","231","151"
"2019","2","A","골목상권","1000445","연희로10길","7240","5475","1765","3","790","1553","1510","2448","936","2","499","1028","1029","2109","808","1","291","525","481","339","128"
"2019","2","A","골목상권","1000446","응암로1길","3214","1736","1478","4","397","872","801","703","437","2","150","498","469","363","254","2","247","374","332","340","183"
"2019","2","A","골목상권","1000447","증가로10길","1956","1073","883","1","199","469","564","528","195","1","97","277","276","285","137","0","102","192","288","243","58"
"2019","2","A","골목상권","1000448","증가로20가길","4286","2026","2260","31","1868","992","625","524","246","13","709","517","298","299","190","18","1159","475","327","225","56"
"2019","2","A","골목상권","1000449","증가로23나길","5873","2859","3014","37","2061","1356","958","923","538","16","770","693","506","529","345","21","1291","663","452","394","193"
"2019","2","A","골목상권","1000450","증가로6길","1829","1117","712","5","166","349","475","548","286","4","76","210","274","344","209","1","90","139","201","204","77"
"2019","2","A","골목상권","1000451","충정로4길","12451","7547","4904","22","2064","3709","3338","2325","993","9","1047","2246","2101","1457","687","13","1017","1463","1237","868","306"
"2019","2","A","골목상권","1000452","충정로6길","22356","13551","8805","42","3684","7299","6044","3916","1371","16","1665","4216","3938","2697","1019","26","2019","3083","2106","1219","352"
"2019","2","A","골목상권","1000453","통일로11길","1905","1117","788","6","202","489","468","479","261","3","71","285","276","291","191","3","131","204","192","188","70"
"2019","2","A","골목상권","1000454","통일로37길","1937","969","968","2","219","324","517","622","253","1","69","166","255","329","149","1","150","158","262","293","104"
"2019","2","A","골목상권","1000455","통일로39길","1847","875","972","1","203","289","466","677","211","0","66","146","226","314","123","1","137","143","240","363","88"
"2019","2","A","골목상권","1000456","홍연길","1345","854","491","5","117","217","306","439","261","4","51","131","172","293","203","1","66","86","134","146","58"
"2019","2","A","골목상권","1000457","홍제내길","1402","870","532","1","195","368","367","309","162","0","82","214","238","220","116","1","113","154","129","89","46"
"2019","2","A","골목상권","1000458","광성로6길","4955","2743","2212","23","763","1296","1237","1100","536","11","293","599","719","727","394","12","470","697","518","373","142"
"2019","2","A","골목상권","1000459","대흥로21길","3489","1676","1813","31","676","871","741","703","467","16","220","378","336","402","324","15","456","493","405","301","143"
"2019","2","A","골목상권","1000460","대흥로28길","1052","424","628","3","136","237","271","251","154","2","33","81","89","126","93","1","103","156","182","125","61"
"2019","2","A","골목상권","1000461","도화4길","18635","12105","6530","23","2761","4247","4105","4804","2695","14","1659","2918","2840","2958","1716","9","1102","1329","1265","1846","979"
"2019","2","A","골목상권","1000462","도화길","24419","15675","8744","25","3475","5739","5420","6208","3552","13","2092","3910","3881","3594","2185","12","1383","1829","1539","2614","1367"
"2019","2","A","골목상권","1000463","독막로22길","2697","1604","1093","6","347","623","693","632","396","4","126","308","422","430","314","2","221","315","271","202","82"
"2019","2","A","골목상권","1000464","독막로32길","5615","3148","2467","13","731","1548","1484","1264","575","11","316","755","833","807","426","2","415","793","651","457","149"
"2019","2","A","골목상권","1000465","독막로8길","5671","3372","2299","32","1480","1789","1209","794","367","14","678","1150","769","497","264","18","802","639","440","297","103"
"2019","2","A","골목상권","1000466","동교로17길","11590","5988","5602","31","1784","2873","2491","1747","2664","17","582","1443","1477","1025","1444","14","1202","1430","1014","722","1220"
"2019","2","A","골목상권","1000467","동교로19길","8710","4604","4106","22","1474","2465","2104","1549","1096","14","509","1282","1324","870","605","8","965","1183","780","679","491"
"2019","2","A","골목상권","1000468","동교로25길","8773","4722","4051","31","1555","2536","2114","1448","1089","19","556","1378","1338","833","598","12","999","1158","776","615","491"
"2019","2","A","골목상권","1000469","동교로27길","8492","4365","4127","25","1358","2345","2112","1572","1080","15","463","1271","1243","806","567","10","895","1074","869","766","513"
"2019","2","A","골목상권","1000470","동교로38길","4323","2241","2082","19","717","1084","1058","889","556","8","243","558","580","469","383","11","474","526","478","420","173"
"2019","2","A","골목상권","1000471","마포대로12길","18846","11355","7491","66","3489","5803","5365","3334","789","24","1343","3234","3573","2603","578","42","2146","2569","1792","731","211"
"2019","2","A","골목상권","1000472","마포대로20길","7006","3802","3204","9","1194","2193","2070","1114","426","5","561","1229","1125","620","262","4","633","964","945","494","164"
"2019","2","A","골목상권","1000473","마포대로4길","14354","9121","5233","24","1872","3349","3318","3135","2656","15","953","2011","2339","2051","1752","9","919","1338","979","1084","904"
"2019","2","A","골목상권","1000474","만리재옛길","11245","7060","4185","32","1663","3388","3371","2193","598","8","763","2040","2229","1615","405","24","900","1348","1142","578","193"
"2019","2","A","골목상권","1000475","망원로11길","8279","5674","2605","44","881","1481","1864","2333","1676","31","394","969","1303","1657","1320","13","487","512","561","676","356"
"2019","2","A","골목상권","1000476","망원로2길","3832","2116","1716","10","910","1093","906","571","342","5","512","596","459","304","240","5","398","497","447","267","102"
"2019","2","A","골목상권","1000477","매봉산로2길","8179","5297","2882","7","2244","2916","1776","933","303","2","1019","2011","1379","663","223","5","1225","905","397","270","80"
"2019","2","A","골목상권","1000478","모래내로7길","1979","1273","706","2","175","322","468","574","438","1","72","176","309","403","312","1","103","146","159","171","126"
"2019","2","A","골목상권","1000479","방울내로9안길","3140","1769","1371","12","523","649","785","714","457","2","205","378","466","422","296","10","318","271","319","292","161"
"2019","2","A","골목상권","1000480","백범로16길","30848","17676","13172","94","4325","6612","6252","10332","3233","38","1586","3360","3392","7068","2232","56","2739","3252","2860","3264","1001"
"2019","2","A","골목상권","1000481","성미산로11길","4101","2672","1429","9","532","1046","1024","890","600","8","244","656","679","621","464","1","288","390","345","269","136"
"2019","2","A","골목상권","1000482","성미산로1길","8621","5871","2750","46","940","1540","1935","2410","1750","33","416","1012","1356","1702","1352","13","524","528","579","708","398"
"2019","2","A","골목상권","1000483","성미산로32길","2456","1437","1019","9","410","696","594","470","277","5","165","401","361","294","211","4","245","295","233","176","66"
"2019","2","A","골목상권","1000484","성산로4길","4782","2818","1964","20","706","1082","1149","1134","691","9","302","648","680","711","468","11","404","434","469","423","223"
"2019","2","A","골목상권","1000485","성지3길","4035","2368","1667","14","651","1187","1061","728","394","11","248","624","689","508","288","3","403","563","372","220","106"
"2019","2","A","골목상권","1000486","숭문8길","3737","2438","1299","18","391","531","732","1107","958","5","146","311","497","781","698","13","245","220","235","326","260"
"2019","2","A","골목상권","1000487","숭문길","22147","12344","9803","98","3401","4627","4099","7861","2061","37","1071","2048","1886","5711","1591","61","2330","2579","2213","2150","470"
"2019","2","A","골목상권","1000488","신촌로12길","2882","1317","1565","6","591","767","675","504","339","3","173","343","340","262","196","3","418","424","335","242","143"
"2019","2","A","골목상권","1000489","신촌로28가길","810","316","494","2","119","191","207","181","110","2","36","61","63","78","76","0","83","130","144","103","34"
"2019","2","A","골목상권","1000490","신촌로30길","1451","756","695","5","367","459","289","197","134","1","146","245","148","119","97","4","221","214","141","78","37"
"2019","2","A","골목상권","1000491","양화로11길","12280","6156","6124","63","2264","3271","2622","1830","2230","41","957","1652","1528","909","1069","22","1307","1619","1094","921","1161"
"2019","2","A","골목상권","1000492","양화로1길","4874","2694","2180","6","864","1372","1099","833","700","4","347","673","665","508","497","2","517","699","434","325","203"
"2019","2","A","골목상권","1000493","양화진길","4337","2477","1860","6","781","1201","1062","804","483","5","301","639","672","537","323","1","480","562","390","267","160"
"2019","2","A","골목상권","1000494","와우산로29가길","4905","3307","1598","11","833","1184","1227","948","702","6","442","781","850","679","549","5","391","403","377","269","153"
"2019","2","A","골목상권","1000495","와우산로29길","2707","1512","1195","9","577","796","653","433","239","7","215","438","387","291","174","2","362","358","266","142","65"
"2019","2","A","골목상권","1000496","와우산로3길","4840","3024","1816","45","1374","1555","944","643","279","24","680","1083","636","395","206","21","694","472","308","248","73"
"2019","2","A","골목상권","1000497","월드컵로10길","8335","3925","4410","18","1242","2055","1757","1299","1964","9","402","981","992","690","851","9","840","1074","765","609","1113"
"2019","2","A","골목상권","1000498","월드컵로11길","3757","2051","1706","1","610","927","956","678","585","1","237","492","522","397","402","0","373","435","434","281","183"
"2019","2","A","골목상권","1000499","월드컵로16길","9404","6188","3216","37","995","1804","2206","2573","1789","31","425","1105","1488","1782","1357","6","570","699","718","791","432"
"2019","2","A","골목상권","1000500","월드컵로19길","7958","5447","2511","31","794","1459","1830","2218","1626","28","382","936","1245","1575","1281","3","412","523","585","643","345"
"2019","2","A","골목상권","1000501","월드컵로25길","2275","1280","995","3","252","485","669","516","350","2","121","274","367","286","230","1","131","211","302","230","120"
"2019","2","A","골목상권","1000502","월드컵로36길","3068","1463","1605","9","417","581","730","851","480","5","159","305","375","358","261","4","258","276","355","493","219"
"2019","2","A","골목상권","1000503","월드컵로7길","5092","2673","2419","11","862","1330","1200","914","775","7","334","655","689","508","480","4","528","675","511","406","295"
"2019","2","A","골목상권","1000504","월드컵로8길","12870","6599","6271","65","2363","3411","2761","1974","2296","43","986","1775","1632","1036","1127","22","1377","1636","1129","938","1169"
"2019","2","A","골목상권","1000505","토정로37길","19071","12015","7056","19","2290","4186","4301","4757","3518","10","1237","2648","3081","2867","2172","9","1053","1538","1220","1890","1346"
"2019","2","A","골목상권","1000506","효창원로93길","3752","1950","1802","8","727","864","990","832","331","5","315","452","491","481","206","3","412","412","499","351","125"
"2019","2","A","골목상권","1000507","가로공원로58길","992","630","362","5","83","156","209","291","248","5","36","72","112","195","210","0","47","84","97","96","38"
"2019","2","A","골목상권","1000508","곰달래로10길","2234","1425","809","10","252","408","522","690","352","8","144","257","310","448","258","2","108","151","212","242","94"
"2019","2","A","골목상권","1000509","곰달래로2길","2157","1431","726","8","244","371","513","688","333","4","148","247","328","451","253","4","96","124","185","237","80"
"2019","2","A","골목상권","1000510","곰달래로3길","2368","1325","1043","4","226","438","649","748","303","3","134","244","322","409","213","1","92","194","327","339","90"
"2019","2","A","골목상권","1000511","곰달래로5길","2454","1339","1115","8","228","441","575","664","538","7","137","249","268","356","322","1","91","192","307","308","216"
"2019","2","A","골목상권","1000512","남부순환로33길","2498","1410","1088","4","233","528","581","677","475","4","131","304","325","375","271","0","102","224","256","302","204"
"2019","2","A","골목상권","1000513","남부순환로40길","1611","1008","603","5","138","276","347","428","417","5","69","148","184","274","328","0","69","128","163","154","89"
"2019","2","A","골목상권","1000514","남부순환로58길","1566","819","747","5","183","326","436","440","176","3","107","192","202","198","117","2","76","134","234","242","59"
"2019","2","A","골목상권","1000515","남부순환로70길","3321","2494","827","3","323","444","649","1016","886","2","183","292","447","773","797","1","140","152","202","243","89"
"2019","2","A","골목상권","1000516","남부순환로79길","1921","1158","763","1","147","289","431","577","476","0","70","164","232","346","346","1","77","125","199","231","130"
"2019","2","A","골목상권","1000517","남부순환로88길","2340","1566","774","2","264","450","574","618","432","0","200","319","370","374","303","2","64","131","204","244","129"
"2019","2","A","골목상권","1000518","목동남로4길","2102","1256","846","5","252","496","523","471","355","3","129","307","288","272","257","2","123","189","235","199","98"
"2019","2","A","골목상권","1000519","목동동로12길","14160","7959","6201","65","2547","4043","3619","2475","1411","52","1080","2398","2087","1366","976","13","1467","1645","1532","1109","435"
"2019","2","A","골목상권","1000520","목동동로8길","8127","5212","2915","17","997","2176","1984","1827","1126","7","524","1473","1317","1101","790","10","473","703","667","726","336"
"2019","2","A","골목상권","1000521","목동로19길","3566","1791","1775","7","489","866","893","781","530","6","159","427","463","414","322","1","330","439","430","367","208"
"2019","2","A","골목상권","1000522","목동로9길","3654","2078","1576","9","481","901","946","785","532","8","221","523","551","451","324","1","260","378","395","334","208"
"2019","2","A","골목상권","1000523","목동중앙남로3가길","1828","981","847","1","198","447","465","456","261","0","86","261","229","227","178","1","112","186","236","229","83"
"2019","2","A","골목상권","1000524","목동중앙로13나길","1457","850","607","5","186","436","388","270","172","3","78","227","237","200","105","2","108","209","151","70","67"
"2019","2","A","골목상권","1000525","목동중앙로3길","2755","1310","1445","5","323","583","803","647","394","2","147","280","326","286","269","3","176","303","477","361","125"
"2019","2","A","골목상권","1000526","목동중앙본로7길","1678","853","825","4","184","372","439","413","266","2","80","202","204","201","164","2","104","170","235","212","102"
"2019","2","A","골목상권","1000527","목동중앙북로16길","4793","2804","1989","3","766","1181","1304","1094","445","2","393","596","830","686","297","1","373","585","474","408","148"
"2019","2","A","골목상권","1000528","목동중앙북로8길","5428","3101","2327","8","732","1200","1307","1341","840","5","329","650","793","831","493","3","403","550","514","510","347"
"2019","2","A","골목상권","1000529","목동중앙서로7길","4466","2400","2066","4","841","1185","1052","948","436","1","226","601","634","595","343","3","615","584","418","353","93"
"2019","2","A","골목상권","1000530","목동중앙서로8가길","3906","1874","2032","3","781","1082","973","789","278","2","156","483","558","468","207","1","625","599","415","321","71"
"2019","2","A","골목상권","1000531","신목로2길","6261","3663","2598","26","898","1684","1589","1440","624","17","414","1054","970","768","440","9","484","630","619","672","184"
"2019","2","A","골목상권","1000532","신목로5길","11375","7572","3803","65","1539","3205","2766","2398","1402","50","894","2333","1859","1448","988","15","645","872","907","950","414"
"2019","2","A","골목상권","1000533","신목로6길","7112","4088","3024","27","1033","1846","1789","1656","761","17","472","1115","1072","884","528","10","561","731","717","772","233"
"2019","2","A","골목상권","1000534","신월로15길","2597","1802","795","2","165","311","510","798","811","1","84","178","287","552","700","1","81","133","223","246","111"
"2019","2","A","골목상권","1000535","신월로20길","1716","1052","664","2","156","285","387","416","470","1","67","134","212","244","394","1","89","151","175","172","76"
"2019","2","A","골목상권","1000536","오목로23길","3796","2006","1790","14","855","812","806","766","543","13","326","467","448","393","359","1","529","345","358","373","184"
"2019","2","A","골목상권","1000537","오목로30길","3177","1400","1777","7","716","579","629","663","583","6","205","263","306","293","327","1","511","316","323","370","256"
"2019","2","A","골목상권","1000538","오목로3길","2529","1819","710","3","165","291","495","811","764","1","91","174","283","586","684","2","74","117","212","225","80"
"2019","2","A","골목상권","1000539","오목로5길","2214","1397","817","4","201","366","509","638","496","2","101","211","263","414","406","2","100","155","246","224","90"
"2019","2","A","골목상권","1000540","은행정로5길","1363","647","716","1","130","256","279","400","297","1","61","117","120","178","170","0","69","139","159","222","127"
"2019","2","A","골목상권","1000541","은행정로7길","2877","1298","1579","6","717","584","544","579","447","4","208","255","282","278","271","2","509","329","262","301","176"
"2019","2","A","골목상권","1000542","중앙로25길","7070","4391","2679","21","883","1844","2109","1453","760","16","472","1184","1442","802","475","5","411","660","667","651","285"
"2019","2","A","골목상권","1000543","중앙로32길","9685","5589","4096","21","1665","2757","2572","1813","857","16","594","1651","1589","1147","592","5","1071","1106","983","666","265"
"2019","2","A","골목상권","1000544","중앙로36길","877","421","456","2","86","151","200","245","193","1","34","67","89","120","110","1","52","84","111","125","83"
"2019","2","A","골목상권","1000545","중앙로45길","3681","2722","959","5","259","428","650","670","1669","1","118","225","344","461","1573","4","141","203","306","209","96"
"2019","2","A","골목상권","1000546","중앙로47길","3953","2972","981","2","362","808","907","518","1356","1","160","476","671","370","1294","1","202","332","236","148","62"
"2019","2","A","골목상권","1000547","중앙로51길","3131","1839","1292","13","309","549","843","766","651","10","165","314","419","419","512","3","144","235","424","347","139"
"2019","2","A","골목상권","1000548","중앙로55길","2694","1503","1191","10","302","574","707","731","370","10","159","351","370","356","257","0","143","223","337","375","113"
"2019","2","A","골목상권","1000549","지양로7길","2787","1610","1177","2","244","350","463","729","999","2","141","217","288","432","530","0","103","133","175","297","469"
"2019","2","A","골목상권","1000550","화곡로3길","1251","643","608","9","141","289","336","336","140","6","68","140","172","167","90","3","73","149","164","169","50"
"2019","2","A","골목상권","1000551","화곡로4길","1747","954","793","5","155","356","418","480","333","5","71","170","207","267","234","0","84","186","211","213","99"
"2019","2","A","골목상권","1000552","가로공원로76가길","3422","2235","1187","6","263","604","884","1106","559","5","147","367","569","761","386","1","116","237","315","345","173"
"2019","2","A","골목상권","1000553","가로공원로80길","3330","2035","1295","6","315","682","804","907","616","5","160","419","491","613","347","1","155","263","313","294","269"
"2019","2","A","골목상권","1000554","강서로15길","3429","2229","1200","13","289","592","902","1121","512","13","177","348","542","741","408","0","112","244","360","380","104"
"2019","2","A","골목상권","1000555","강서로17가길","2316","1411","905","3","184","443","618","698","370","2","96","266","364","455","228","1","88","177","254","243","142"
"2019","2","A","골목상권","1000556","강서로18길","3425","2172","1253","3","356","895","929","855","387","2","197","524","535","603","311","1","159","371","394","252","76"
"2019","2","A","골목상권","1000557","강서로29길","3094","1432","1662","8","430","684","724","678","570","5","156","341","351","326","253","3","274","343","373","352","317"
"2019","2","A","골목상권","1000558","강서로35길","2484","1296","1188","3","300","560","602","583","436","2","122","315","305","289","263","1","178","245","297","294","173"
"2019","2","A","골목상권","1000559","강서로45길","5297","3226","2071","12","589","1151","1318","1381","846","6","321","764","766","765","604","6","268","387","552","616","242"
"2019","2","A","골목상권","1000560","강서로45다길","5855","3622","2233","10","620","1269","1459","1481","1016","6","348","843","861","842","722","4","272","426","598","639","294"
"2019","2","A","골목상권","1000561","강서로47길","1897","832","1065","3","182","351","557","602","202","1","53","151","203","277","147","2","129","200","354","325","55"
"2019","2","A","골목상권","1000004","명륜길","1715","999","716","8","277","484","374","317","255","8","111","255","237","205","183","0","166","229","137","112","72"
"2019","2","A","골목상권","1000022","창신2길","806","372","434","1","61","130","203","214","197","1","21","57","98","96","99","0","40","73","105","118","98"
"2019","2","A","골목상권","1000023","창신5길","1977","1128","849","2","228","511","587","403","246","1","156","353","280","194","144","1","72","158","307","209","102"
"2019","2","A","골목상권","1000027","필운대로1길","3174","1811","1363","2","407","777","861","678","449","2","198","412","491","384","324","0","209","365","370","294","125"
"2019","2","A","골목상권","1000065","원효로19길","8398","5866","2532","19","1170","2526","2271","1273","1139","12","661","1750","1732","907","804","7","509","776","539","366","335"
"2019","2","A","골목상권","1000079","한강대로43길","30446","12591","17855","93","8030","11166","7918","2413","826","39","3097","4782","3106","1020","547","54","4933","6384","4812","1393","279"
"2019","2","A","골목상권","1000104","상원길","8493","5295","3198","26","1343","2157","2016","1635","1316","14","729","1353","1296","1044","859","12","614","804","720","591","457"
"2019","2","A","골목상권","1000109","성수이로7길","13468","8240","5228","48","2287","3496","3144","2670","1823","31","1140","2167","2044","1607","1251","17","1147","1329","1100","1063","572"
"2019","2","A","골목상권","1000115","아차산로5길","10565","6501","4064","24","1580","2613","2511","2063","1774","13","794","1592","1612","1285","1205","11","786","1021","899","778","569"
"2019","2","A","골목상권","1000127","광나루로12길","3432","2108","1324","5","520","921","903","654","429","4","284","596","581","331","312","1","236","325","322","323","117"
"2019","2","A","골목상권","1000128","광나루로24길","1341","966","375","4","123","188","353","454","219","0","69","132","244","340","181","4","54","56","109","114","38"
"2019","2","A","골목상권","1000146","뚝섬로48길","2029","1271","758","7","401","415","505","446","255","3","275","292","299","222","180","4","126","123","206","224","75"
"2019","2","A","골목상권","1000193","왕산로43길","3510","1924","1586","1","476","779","783","825","646","0","196","474","457","462","335","1","280","305","326","363","311"
"2019","2","A","골목상권","1000982","상일로5길","1123","784","339","0","127","190","316","321","169","0","68","126","233","232","125","0","59","64","83","89","44"
"2019","2","A","골목상권","1000562","강서로47라길","1832","854","978","3","165","313","511","631","209","1","54","137","192","315","155","2","111","176","319","316","54"
"2019","2","A","골목상권","1000563","강서로5가길","2161","1284","877","9","251","437","596","592","276","9","134","256","367","324","194","0","117","181","229","268","82"
"2019","2","A","골목상권","1000564","강서로5나길","2296","1512","784","11","241","462","626","654","302","9","150","284","404","428","237","2","91","178","222","226","65"
"2019","2","A","골목상권","1000565","강서로5라길","2427","1471","956","3","287","548","625","586","378","2","178","358","355","298","280","1","109","190","270","288","98"
"2019","2","A","골목상권","1000566","강서로8길","2680","1549","1131","6","341","624","710","674","325","6","185","378","403","344","233","0","156","246","307","330","92"
"2019","2","A","골목상권","1000567","개화동로23길","32664","17061","15603","4","5260","11027","9034","6088","1251","4","1124","4496","5252","5317","868","0","4136","6531","3782","771","383"
"2019","2","A","골목상권","1000568","개화동로25길","31997","16838","15159","2","5164","10932","8954","5984","961","2","1095","4448","5218","5271","804","0","4069","6484","3736","713","157"
"2019","2","A","골목상권","1000569","곰달래로25길","1599","840","759","2","182","324","446","428","217","2","83","159","217","218","161","0","99","165","229","210","56"
"2019","2","A","골목상권","1000570","곰달래로31길","2368","1344","1024","3","280","667","690","476","252","3","139","352","357","304","189","0","141","315","333","172","63"
"2019","2","A","골목상권","1000571","곰달래로47길","2054","1053","1001","4","214","586","615","435","200","2","104","297","286","239","125","2","110","289","329","196","75"
"2019","2","A","골목상권","1000572","곰달래로53길","1048","591","457","3","88","204","290","274","189","1","41","116","150","154","129","2","47","88","140","120","60"
"2019","2","A","골목상권","1000573","곰달래로60길","4139","1802","2337","2","845","1072","932","858","430","1","194","443","461","424","279","1","651","629","471","434","151"
"2019","2","A","골목상권","1000574","공항대로38길","3562","1756","1806","16","852","747","644","632","671","8","285","376","387","314","386","8","567","371","257","318","285"
"2019","2","A","골목상권","1000575","공항대로42길","2726","1437","1289","6","335","529","583","595","678","5","122","286","339","294","391","1","213","243","244","301","287"
"2019","2","A","골목상권","1000576","공항대로55길","10063","6402","3661","32","2097","2898","2409","1635","992","16","782","1852","1778","1195","779","16","1315","1046","631","440","213"
"2019","2","A","골목상권","1000577","공항대로59길","6250","4328","1922","20","771","1275","1211","1277","1696","16","346","792","772","892","1510","4","425","483","439","385","186"
"2019","2","A","골목상권","1000578","공항대로59다길","6526","4062","2464","17","809","1521","1748","1611","820","13","347","885","1116","1071","630","4","462","636","632","540","190"
"2019","2","A","골목상권","1000579","공항대로61길","5840","4057","1783","16","601","1150","1191","1211","1671","14","267","695","740","857","1484","2","334","455","451","354","187"
"2019","2","A","골목상권","1000580","공항대로8길","2283","1489","794","9","234","435","529","603","473","3","109","252","321","412","392","6","125","183","208","191","81"
"2019","2","A","골목상권","1000581","국회대로7길","3617","1767","1850","4","760","873","769","753","458","2","227","419","412","406","301","2","533","454","357","347","157"
"2019","2","A","골목상권","1000582","까치산로4길","3174","1709","1465","17","503","812","858","677","307","12","208","460","465","386","178","5","295","352","393","291","129"
"2019","2","A","골목상권","1000583","남부순환로11길","1621","1147","474","0","147","348","411","406","309","0","80","216","278","303","270","0","67","132","133","103","39"
"2019","2","A","골목상권","1000584","등촌로13길","1278","746","532","2","97","259","335","346","239","0","36","167","173","201","169","2","61","92","162","145","70"
"2019","2","A","골목상권","1000585","등촌로39길","3771","2103","1668","4","469","780","922","971","625","3","228","395","559","582","336","1","241","385","363","389","289"
"2019","2","A","골목상권","1000586","등촌로51길","2262","1385","877","5","252","454","523","589","439","4","98","244","313","386","340","1","154","210","210","203","99"
"2019","2","A","골목상권","1000587","등촌로55길","2909","1850","1059","10","343","643","748","698","467","8","145","398","460","473","366","2","198","245","288","225","101"
"2019","2","A","골목상권","1000588","등촌로5길","2969","1367","1602","2","679","820","634","543","291","0","139","365","330","319","214","2","540","455","304","224","77"
"2019","2","A","골목상권","1000589","방화대로21길","2569","1400","1169","10","299","455","590","540","675","5","112","252","381","323","327","5","187","203","209","217","348"
"2019","2","A","골목상권","1000590","방화대로6라길","1662","1051","611","0","165","390","480","416","211","0","94","248","322","251","136","0","71","142","158","165","75"
"2019","2","A","골목상권","1000591","양천로14길","3537","2332","1205","6","314","688","957","952","620","2","176","404","656","617","477","4","138","284","301","335","143"
"2019","2","A","골목상권","1000592","양천로24가길","3415","2235","1180","6","348","655","978","915","513","2","200","401","682","580","370","4","148","254","296","335","143"
"2019","2","A","골목상권","1000593","양천로24길","2263","1364","899","3","258","490","553","605","354","2","152","311","328","329","242","1","106","179","225","276","112"
"2019","2","A","골목상권","1000594","양천로26길","2408","1366","1042","9","510","629","483","492","285","2","183","332","293","327","229","7","327","297","190","165","56"
"2019","2","A","골목상권","1000595","양천로49길","6378","3772","2606","11","702","1492","1472","1591","1110","10","350","930","948","801","733","1","352","562","524","790","377"
"2019","2","A","골목상권","1000596","양천로71길","4714","2937","1777","7","512","1000","1146","1244","805","6","251","592","669","773","646","1","261","408","477","471","159"
"2019","2","A","골목상권","1000597","양천로73가길","4343","2966","1377","7","636","991","981","1003","725","5","396","651","626","692","596","2","240","340","355","311","129"
"2019","2","A","골목상권","1000598","우장산로6길","1565","839","726","2","156","280","433","479","215","2","63","143","205","261","165","0","93","137","228","218","50"
"2019","2","A","골목상권","1000599","월정로20길","1929","1244","685","13","203","387","525","559","242","11","123","229","328","359","194","2","80","158","197","200","48"
"2019","2","A","골목상권","1000600","초록마을로3길","4376","2756","1620","3","915","1009","925","848","676","3","308","621","623","626","575","0","607","388","302","222","101"
"2019","2","A","골목상권","1000601","초록마을로8길","1876","1091","785","5","204","413","500","494","260","2","99","266","297","251","176","3","105","147","203","243","84"
"2019","2","A","골목상권","1000602","초원로16길","2324","1253","1071","8","268","400","537","518","593","3","106","232","347","289","276","5","162","168","190","229","317"
"2019","2","A","골목상권","1000603","화곡로13길","2004","1109","895","3","206","456","560","530","249","3","111","269","288","268","170","0","95","187","272","262","79"
"2019","2","A","골목상권","1000604","화곡로20길","2846","1566","1280","4","327","660","670","694","491","4","181","396","373","367","245","0","146","264","297","327","246"
"2019","2","A","골목상권","1000605","화곡로31길","4118","2087","2031","6","894","890","869","800","659","3","237","445","455","472","475","3","657","445","414","328","184"
"2019","2","A","골목상권","1000606","화곡로44나길","6214","3993","2221","3","668","1580","1473","1535","955","2","291","925","945","1096","734","1","377","655","528","439","221"
"2019","2","A","골목상권","1000607","화곡로59길","13146","7810","5336","24","1570","3362","3218","3400","1572","7","747","2155","2074","1874","953","17","823","1207","1144","1526","619"
"2019","2","A","골목상권","1000608","화곡로64길","14195","8485","5710","37","2506","3701","3251","2947","1753","11","1041","2501","2287","1587","1058","26","1465","1200","964","1360","695"
"2019","2","A","골목상권","1000609","개봉로11길","2920","1316","1604","11","408","543","691","822","445","10","208","287","261","281","269","1","200","256","430","541","176"
"2019","2","A","골목상권","1000610","개봉로17길","4544","2383","2161","21","1048","1356","926","849","344","15","583","902","420","265","198","6","465","454","506","584","146"
"2019","2","A","골목상권","1000611","개봉로17다길","5328","2960","2368","24","1064","1428","1113","1083","616","18","593","947","546","435","421","6","471","481","567","648","195"
"2019","2","A","골목상권","1000612","개봉로1길","1125","674","451","1","164","243","263","234","220","1","73","147","153","139","161","0","91","96","110","95","59"
"2019","2","A","골목상권","1000613","개봉로20길","7036","3927","3109","26","1135","1781","1583","1581","930","17","635","1157","822","724","572","9","500","624","761","857","358"
"2019","2","A","골목상권","1000614","개봉로23가길","7315","3759","3556","17","617","1303","1883","2199","1296","11","325","654","879","1043","847","6","292","649","1004","1156","449"
"2019","2","A","골목상권","1000615","개봉로2길","5507","2892","2615","18","1031","1565","1209","1150","534","10","560","1029","606","423","264","8","471","536","603","727","270"
"2019","2","A","골목상권","1000616","개봉로3길","1385","792","593","2","196","297","313","310","267","2","84","165","170","181","190","0","112","132","143","129","77"
"2019","2","A","골목상권","1000617","경인로15길","1979","1220","759","7","153","358","495","589","377","4","83","210","300","343","280","3","70","148","195","246","97"
"2019","2","A","골목상권","1000618","경인로31길","1349","773","576","2","143","338","343","302","221","1","68","200","176","157","171","1","75","138","167","145","50"
"2019","2","A","골목상권","1000619","경인로35길","3243","1904","1339","14","261","654","877","848","589","11","121","371","501","467","433","3","140","283","376","381","156"
"2019","2","A","골목상권","1000620","경인로47길","3463","2253","1210","3","384","737","795","831","713","3","192","445","461","537","615","0","192","292","334","294","98"
"2019","2","A","골목상권","1000621","고척로21나길","2488","1503","985","5","272","493","548","635","535","4","136","290","328","348","397","1","136","203","220","287","138"
"2019","2","A","골목상권","1000622","고척로27길","1590","913","677","0","166","350","389","423","262","0","85","183","201","236","208","0","81","167","188","187","54"
"2019","2","A","골목상권","1000623","고척로27다길","1318","740","578","1","147","304","302","339","225","0","70","145","153","192","180","1","77","159","149","147","45"
"2019","2","A","골목상권","1000624","고척로52길","5366","3884","1482","12","356","1163","1588","1799","448","11","180","828","1172","1377","316","1","176","335","416","422","132"
"2019","2","A","골목상권","1000625","공원로6가길","11445","5899","5546","37","1258","2228","2973","2977","1972","29","687","1325","1548","1239","1071","8","571","903","1425","1738","901"
"2019","2","A","골목상권","1000626","구로동로15길","12442","8644","3798","52","2063","3649","3205","1988","1485","44","1135","2524","2419","1436","1086","8","928","1125","786","552","399"
"2019","2","A","골목상권","1000627","구로동로28길","4145","2368","1777","9","453","1188","1013","1001","481","3","189","606","544","706","320","6","264","582","469","295","161"
"2019","2","A","골목상권","1000628","구로동로38길","4396","2501","1895","3","487","1204","1043","1106","553","1","220","617","591","744","328","2","267","587","452","362","225"
"2019","2","A","골목상권","1000629","구로동로41길","1287","615","672","0","129","214","294","350","300","0","55","90","154","157","159","0","74","124","140","193","141"
"2019","2","A","골목상권","1000630","구로동로42길","5118","2589","2529","6","721","1260","1186","1245","700","1","247","555","568","793","425","5","474","705","618","452","275"
"2019","2","A","골목상권","1000631","구로동로7길","12781","8818","3963","51","2090","3689","3263","2050","1638","44","1157","2544","2435","1452","1186","7","933","1145","828","598","452"
"2019","2","A","골목상권","1000632","구로동로8길","1777","922","855","9","207","302","420","416","423","6","89","149","185","215","278","3","118","153","235","201","145"
"2019","2","A","골목상권","1000633","구로중앙로19길","4824","2726","2098","3","514","1325","1180","1192","610","1","228","703","651","795","348","2","286","622","529","397","262"
"2019","2","A","골목상권","1000634","구로중앙로28길","12917","8903","4014","12","1629","3211","3148","2719","2198","6","1078","2501","2343","1660","1315","6","551","710","805","1059","883"
"2019","2","A","골목상권","1000635","구로중앙로34길","3914","2287","1627","3","473","872","1026","916","624","0","211","504","620","541","411","3","262","368","406","375","213"
"2019","2","A","골목상권","1000636","구로중앙로42길","8996","6446","2550","18","805","2371","2410","2008","1384","13","457","1737","1759","1434","1046","5","348","634","651","574","338"
"2019","2","A","골목상권","1000637","구로중앙로7길","1798","1107","691","6","161","315","439","527","350","3","65","151","256","366","266","3","96","164","183","161","84"
"2019","2","A","골목상권","1000638","구로중앙로8길","3214","1926","1288","2","299","613","856","887","557","0","141","352","487","555","391","2","158","261","369","332","166"
"2019","2","A","골목상권","1000639","남부순환로97길","6447","3655","2792","26","1085","1631","1407","1431","867","15","610","1086","745","651","548","11","475","545","662","780","319"
"2019","2","A","골목상권","1000640","도림로12길","5643","3828","1815","27","1093","1822","1436","784","481","20","635","1302","1046","500","325","7","458","520","390","284","156"
"2019","2","A","골목상권","1000641","도림로6길","6586","4103","2483","27","1085","1910","1690","1020","854","18","509","1197","1104","649","626","9","576","713","586","371","228"
"2019","2","A","골목상권","1000642","디지털로27길","28510","19539","8971","92","5763","9852","7053","3664","2086","63","3028","6913","5372","2524","1639","29","2735","2939","1681","1140","447"
"2019","2","A","골목상권","1000643","디지털로32가길","32787","19823","12964","87","6306","11557","8707","3939","2191","48","2822","7177","5708","2439","1629","39","3484","4380","2999","1500","562"
"2019","2","A","골목상권","1000644","디지털로32길","33210","19957","13253","76","6476","11907","8885","3868","1998","39","2936","7431","5720","2361","1470","37","3540","4476","3165","1507","528"
"2019","2","A","골목상권","1000645","부일로11길","1736","1074","662","0","194","345","440","457","300","0","92","205","261","312","204","0","102","140","179","145","96"
"2019","2","A","골목상권","1000646","부일로15길","1369","834","535","0","132","260","344","364","269","0","62","144","204","235","189","0","70","116","140","129","80"
"2019","2","A","골목상권","1000647","부일로1길","2510","1740","770","22","225","479","574","725","485","22","144","292","367","502","413","0","81","187","207","223","72"
"2019","2","A","골목상권","1000648","새말로18길","10262","5194","5068","37","1066","1936","2604","2721","1898","30","570","1151","1281","1089","1073","7","496","785","1323","1632","825"
"2019","2","A","골목상권","1000649","신도림로13길","4603","3433","1170","5","417","1502","1289","873","517","4","239","1133","1023","641","393","1","178","369","266","232","124"
"2019","2","A","골목상권","1000650","오류로8길","3412","2181","1231","3","382","756","971","910","390","0","229","448","633","591","280","3","153","308","338","319","110"
"2019","2","A","골목상권","1000651","우마길","5058","3191","1867","26","821","1360","1333","880","638","17","407","861","880","561","465","9","414","499","453","319","173"
"2019","2","A","골목상권","1000652","중앙로15길","1990","1316","674","4","230","448","472","556","280","2","136","317","309","330","222","2","94","131","163","226","58"
"2019","2","A","골목상권","1000653","중앙로1길","4432","2630","1802","3","477","924","1049","1095","884","3","247","491","520","629","740","0","230","433","529","466","144"
"2019","2","A","골목상권","1000654","가산로3길","23142","15779","7363","68","3801","7093","6026","3994","2160","47","2150","4883","4490","2673","1536","21","1651","2210","1536","1321","624"
"2019","2","A","골목상권","1000655","가산로5길","9489","5285","4204","31","1457","2477","2344","1743","1437","23","772","1427","1388","921","754","8","685","1050","956","822","683"
"2019","2","A","골목상권","1000656","금하로14길","1455","693","762","0","124","234","370","398","329","0","36","113","175","189","180","0","88","121","195","209","149"
"2019","2","A","골목상권","1000657","금하로1길","1380","874","506","12","216","300","294","303","255","11","130","188","203","157","185","1","86","112","91","146","70"
"2019","2","A","골목상권","1000658","금하로24길","1842","1050","792","12","217","390","444","443","336","12","118","223","219","250","228","0","99","167","225","193","108"
"2019","2","A","골목상권","1000659","남부순환로112길","4036","2362","1674","19","516","894","922","694","991","14","266","553","604","437","488","5","250","341","318","257","503"
"2019","2","A","골목상권","1000660","독산로108길","5283","3750","1533","3","363","952","972","1018","1975","3","203","569","608","628","1739","0","160","383","364","390","236"
"2019","2","A","골목상권","1000661","독산로40길","1565","961","604","10","228","342","447","378","160","8","140","237","276","184","116","2","88","105","171","194","44"
"2019","2","A","골목상권","1000662","독산로50길","977","610","367","7","145","202","304","229","90","5","87","141","182","127","68","2","58","61","122","102","22"
"2019","2","A","골목상권","1000663","독산로64길","1616","909","707","1","177","285","352","471","330","0","98","112","154","282","263","1","79","173","198","189","67"
"2019","2","A","골목상권","1000664","독산로70길","1765","1104","661","1","208","334","373","463","386","0","117","198","206","290","293","1","91","136","167","173","93"
"2019","2","A","골목상권","1000665","독산로78다길","1514","948","566","2","225","380","355","307","245","2","143","270","215","159","159","0","82","110","140","148","86"
"2019","2","A","골목상권","1000666","독산로85길","1548","986","562","2","212","380","391","345","218","2","131","268","246","189","150","0","81","112","145","156","68"
"2019","2","A","골목상권","1000667","문성로5길","4652","3245","1407","3","271","726","851","845","1956","3","150","398","501","470","1723","0","121","328","350","375","233"
"2019","2","A","골목상권","1000668","범안로11길","24684","16820","7864","67","3091","5981","5696","4390","5459","51","1847","4150","4132","2957","3683","16","1244","1831","1564","1433","1776"
"2019","2","A","골목상권","1000669","범안로17길","9202","5914","3288","26","606","1159","1420","1810","4181","23","377","760","914","1110","2730","3","229","399","506","700","1451"
"2019","2","A","골목상권","1000670","벚꽃로56길","57475","35620","21855","837","14443","16782","12962","7380","5071","407","7174","10807","9041","4589","3602","430","7269","5975","3921","2791","1469"
"2019","2","A","골목상권","1000671","시흥대로120길","2877","1943","934","7","341","568","683","717","561","5","198","350","451","486","453","2","143","218","232","231","108"
"2019","2","A","골목상권","1000672","시흥대로138길","1917","1165","752","2","236","390","506","483","300","2","141","226","310","274","212","0","95","164","196","209","88"
"2019","2","A","골목상권","1000673","시흥대로141길","3100","1893","1207","5","444","686","748","706","511","0","219","411","452","424","387","5","225","275","296","282","124"
"2019","2","A","골목상권","1000674","시흥대로150길","2651","1573","1078","4","289","576","721","659","402","0","141","321","415","390","306","4","148","255","306","269","96"
"2019","2","A","골목상권","1000675","시흥대로153길","3302","1746","1556","10","386","597","720","639","950","3","183","346","422","351","441","7","203","251","298","288","509"
"2019","2","A","골목상권","1000676","시흥대로22길","7864","4751","3113","8","543","1106","1839","2115","2253","2","277","728","1074","1198","1472","6","266","378","765","917","781"
"2019","2","A","골목상권","1000677","시흥대로36길","7357","4210","3147","8","549","1109","1742","1983","1966","2","264","710","980","1065","1189","6","285","399","762","918","777"
"2019","2","A","골목상권","1000678","시흥대로62가길","2092","959","1133","5","327","393","488","525","354","5","127","197","219","211","200","0","200","196","269","314","154"
"2019","2","A","골목상권","1000679","시흥대로63길","5201","2592","2609","12","991","1479","1104","1077","538","6","420","677","508","622","359","6","571","802","596","455","179"
"2019","2","A","골목상권","1000680","시흥대로68길","4174","2360","1814","15","908","1045","735","650","821","9","405","565","353","311","717","6","503","480","382","339","104"
"2019","2","A","골목상권","1000681","시흥대로84길","2535","1634","901","6","259","493","521","524","732","6","157","295","282","253","641","0","102","198","239","271","91"
"2019","2","A","골목상권","1000682","시흥대로94길","3639","2395","1244","7","352","600","692","910","1078","3","187","328","393","548","936","4","165","272","299","362","142"
"2019","2","A","골목상권","1000683","가마산로61길","1074","605","469","0","89","256","286","262","181","0","32","136","150","158","129","0","57","120","136","104","52"
"2019","2","A","골목상권","1000684","경인로77길","9616","5772","3844","21","1755","2800","2617","1568","855","8","686","1577","1734","1092","675","13","1069","1223","883","476","180"
"2019","2","A","골목상권","1000685","경인로80길","8214","5256","2958","16","1508","2283","2165","1351","891","6","635","1376","1504","1011","724","10","873","907","661","340","167"
"2019","2","A","골목상권","1000686","경인로90길","8824","5515","3309","38","1736","2619","2320","1375","736","8","719","1530","1610","1051","597","30","1017","1089","710","324","139"
"2019","2","A","골목상권","1000687","국회대로56길","7396","4375","3021","13","1438","1706","1722","1453","1064","8","472","964","1146","989","796","5","966","742","576","464","268"
"2019","2","A","골목상권","1000688","당산로31길","16080","9043","7037","38","2703","3926","3199","3624","2590","13","1285","2220","1931","2064","1530","25","1418","1706","1268","1560","1060"
"2019","2","A","골목상권","1000689","당산로37길","17655","10007","7648","44","3300","5443","4556","2971","1341","14","1301","3136","2698","1900","958","30","1999","2307","1858","1071","383"
"2019","2","A","골목상권","1000690","당산로38길","9714","6175","3539","27","1662","2824","2191","2012","998","7","754","1758","1536","1376","744","20","908","1066","655","636","254"
"2019","2","A","골목상권","1000691","당산로46길","10918","7319","3599","22","1229","2468","2923","2790","1486","9","587","1648","2088","1925","1062","13","642","820","835","865","424"
"2019","2","A","골목상권","1000692","대림로22길","3006","1594","1412","11","507","597","651","682","558","3","162","309","343","388","389","8","345","288","308","294","169"
"2019","2","A","골목상권","1000693","대림로29길","4098","2329","1769","6","571","836","956","988","741","2","228","463","558","574","504","4","343","373","398","414","237"
"2019","2","A","골목상권","1000694","대림로31길","12608","8744","3864","23","1445","3035","2976","2675","2454","11","1029","2458","2288","1583","1375","12","416","577","688","1092","1079"
"2019","2","A","골목상권","1000695","대림로34길","4611","3212","1399","22","524","1109","1234","951","771","8","300","785","914","637","568","14","224","324","320","314","203"
"2019","2","A","골목상권","1000696","대림로44길","8512","4444","4068","19","848","1646","2153","2305","1541","12","529","1065","1157","855","826","7","319","581","996","1450","715"
"2019","2","A","골목상권","1000697","대림로7길","4992","2804","2188","14","937","1534","1247","785","475","7","418","926","674","465","314","7","519","608","573","320","161"
"2019","2","A","골목상권","1000698","대림로8길","4740","2360","2380","5","1176","1364","994","742","459","5","388","731","558","391","287","0","788","633","436","351","172"
"2019","2","A","골목상권","1000699","도림로112길","2449","1706","743","6","259","518","624","556","486","4","123","361","445","395","378","2","136","157","179","161","108"
"2019","2","A","골목상권","1000700","도림로147길","8225","4639","3586","16","1219","1909","2010","2099","972","7","606","1186","1238","1031","571","9","613","723","772","1068","401"
"2019","2","A","골목상권","1000701","도림로63길","1332","884","448","7","198","274","304","315","234","2","109","179","211","196","187","5","89","95","93","119","47"
"2019","2","A","골목상권","1000702","도림천로21길","17407","10208","7199","47","3705","6293","4352","1855","1155","22","1574","3805","2821","1184","802","25","2131","2488","1531","671","353"
"2019","2","A","골목상권","1000703","도신로15길","3086","1983","1103","5","440","573","698","678","692","3","212","342","382","481","563","2","228","231","316","197","129"
"2019","2","A","골목상권","1000704","도신로29길","2066","1362","704","4","228","484","557","433","360","2","99","331","387","286","257","2","129","153","170","147","103"
"2019","2","A","골목상권","1000705","도신로60길","1396","776","620","0","192","382","320","279","223","0","93","206","175","167","135","0","99","176","145","112","88"
"2019","2","A","골목상권","1000706","도신로62길","2270","1224","1046","0","282","567","481","549","391","0","128","331","290","274","201","0","154","236","191","275","190"
"2019","2","A","골목상권","1000707","디지털로37길","3199","1744","1455","6","485","642","705","738","623","3","183","342","384","406","426","3","302","300","321","332","197"
"2019","2","A","골목상권","1000708","디지털로57길","3063","1700","1363","7","440","545","666","748","657","3","154","288","366","441","448","4","286","257","300","307","209"
"2019","2","A","골목상권","1000709","디지털로74길","3461","1607","1854","9","723","836","888","678","327","6","201","396","419","365","220","3","522","440","469","313","107"
"2019","2","A","골목상권","1000710","선유로55길","11415","6048","5367","29","2140","3350","3254","1637","1005","13","798","1935","1775","824","703","16","1342","1415","1479","813","302"
"2019","2","A","골목상권","1000711","선유서로24길","22479","11969","10510","93","5232","5595","4877","4465","2217","37","2307","3889","2579","1489","1668","56","2925","1706","2298","2976","549"
"2019","2","A","골목상권","1000712","선유서로25길","5355","3999","1356","17","612","1294","1286","1062","1084","11","372","982","984","773","877","6","240","312","302","289","207"
"2019","2","A","골목상권","1000713","선유서로28길","8413","5175","3238","33","1557","2037","2011","1594","1181","17","793","1324","1205","929","907","16","764","713","806","665","274"
"2019","2","A","골목상권","1000714","신길로17길","2354","1284","1070","17","271","530","697","544","295","8","125","315","350","294","192","9","146","215","347","250","103"
"2019","2","A","골목상권","1000715","신길로39길","1789","1010","779","2","149","324","390","462","462","2","58","171","216","241","322","0","91","153","174","221","140"
"2019","2","A","골목상권","1000716","신길로42가길","2756","1550","1206","1","266","593","600","638","658","0","112","289","304","356","489","1","154","304","296","282","169"
"2019","2","A","골목상권","1000717","신길로42길","2220","1289","931","0","268","434","477","533","508","0","136","259","279","276","339","0","132","175","198","257","169"
"2019","2","A","골목상권","1000718","신길로60길","2210","1243","967","4","232","520","527","512","415","1","104","235","272","294","337","3","128","285","255","218","78"
"2019","2","A","골목상권","1000719","양평로19길","13383","7393","5990","35","2409","3915","3772","2006","1246","15","993","2362","2095","1052","876","20","1416","1553","1677","954","370"
"2019","2","A","골목상권","1000720","양평로22라길","4280","2580","1700","9","561","1024","1153","1031","502","7","257","597","705","620","394","2","304","427","448","411","108"
"2019","2","A","골목상권","1000721","양평로28길","4368","2776","1592","12","511","958","1129","1108","650","8","268","613","680","688","519","4","243","345","449","420","131"
"2019","2","A","골목상권","1000722","여의대방로35길","3426","2054","1372","17","501","705","762","717","724","9","217","455","462","441","470","8","284","250","300","276","254"
"2019","2","A","골목상권","1000723","여의대방로39길","4921","3547","1374","7","874","1171","996","1432","441","2","518","859","739","1120","309","5","356","312","257","312","132"
"2019","2","A","골목상권","1000724","여의대방로43나길","5861","4249","1612","4","861","1233","1148","1831","784","2","570","928","833","1383","533","2","291","305","315","448","251"
"2019","2","A","골목상권","1000725","여의대방로61길","3778","1851","1927","7","816","1086","849","549","471","1","258","573","455","292","272","6","558","513","394","257","199"
"2019","2","A","골목상권","1000726","영등포로25길","9035","5218","3817","34","1231","2210","2234","1927","1399","23","552","1102","1310","1228","1003","11","679","1108","924","699","396"
"2019","2","A","골목상권","1000727","영등포로27길","7457","4351","3106","33","1132","1884","1852","1417","1139","16","482","1028","1163","879","783","17","650","856","689","538","356"
"2019","2","A","골목상권","1000728","영등포로35길","4816","2883","1933","14","536","1054","1210","1063","939","3","209","621","802","664","584","11","327","433","408","399","355"
"2019","2","A","골목상권","1000729","영등포로62길","1640","874","766","0","195","311","418","398","318","0","93","155","226","199","201","0","102","156","192","199","117"
"2019","2","A","골목상권","1000730","영등포로80길","4075","1935","2140","4","680","911","943","894","643","0","197","473","504","421","340","4","483","438","439","473","303"
"2019","2","A","골목상권","1000731","영등포로84길","4371","2067","2304","4","863","1167","926","826","585","0","268","634","498","371","296","4","595","533","428","455","289"
"2019","2","A","골목상권","1000732","영신로9길","2662","1667","995","25","502","478","523","563","571","11","232","320","356","353","395","14","270","158","167","210","176"
"2019","2","A","골목상권","1000733","국사봉1길","1828","927","901","0","161","378","434","471","384","0","67","218","253","201","188","0","94","160","181","270","196"
"2019","2","A","골목상권","1000734","국사봉2길","16541","10676","5865","23","3242","3409","2609","3796","3462","11","2562","2811","1729","1786","1777","12","680","598","880","2010","1685"
"2019","2","A","골목상권","1000735","국사봉길","1454","817","637","0","145","333","397","384","195","0","68","187","238","193","131","0","77","146","159","191","64"
"2019","2","A","골목상권","1000736","노량진로6길","6312","3608","2704","9","774","2030","1748","1208","543","3","366","1049","1017","812","361","6","408","981","731","396","182"
"2019","2","A","골목상권","1000737","대방동27길","6330","4252","2078","9","1046","1453","1303","1796","723","3","563","985","882","1323","496","6","483","468","421","473","227"
"2019","2","A","골목상권","1000738","대방동2길","16869","10771","6098","23","3325","3535","2673","3821","3492","11","2578","2858","1738","1800","1786","12","747","677","935","2021","1706"
"2019","2","A","골목상권","1000739","동작대로17길","5580","3085","2495","13","816","1303","1389","1063","996","7","276","661","804","643","694","6","540","642","585","420","302"
"2019","2","A","골목상권","1000740","동작대로29길","1281","639","642","6","221","337","355","218","144","3","74","192","182","109","79","3","147","145","173","109","65"
"2019","2","A","골목상권","1000741","동작대로33길","11983","5014","6969","15","1964","3143","3698","2176","987","6","590","1272","1667","1009","470","9","1374","1871","2031","1167","517"
"2019","2","A","골목상권","1000742","동작대로35길","10868","4646","6222","13","1745","2921","3556","1971","662","5","527","1181","1615","975","343","8","1218","1740","1941","996","319"
"2019","2","A","골목상권","1000743","동작대로7길","7677","4249","3428","7","1331","2042","1982","1349","966","3","452","1061","1148","861","724","4","879","981","834","488","242"
"2019","2","A","골목상권","1000744","등용로14길","7740","4661","3079","18","1051","2531","2103","1397","640","6","528","1442","1290","959","436","12","523","1089","813","438","204"
"2019","2","A","골목상권","1000745","만양로14길","2069","1080","989","5","239","516","556","412","341","2","98","264","318","195","203","3","141","252","238","217","138"
"2019","2","A","골목상권","1000746","만양로8길","4532","2761","1771","17","605","950","1186","1160","614","9","356","615","751","669","361","8","249","335","435","491","253"
"2019","2","A","골목상권","1000747","사당로16가길","2588","1425","1163","1","253","452","609","535","738","0","106","231","291","287","510","1","147","221","318","248","228"
"2019","2","A","골목상권","1000748","사당로16길","2679","1519","1160","1","262","429","635","558","794","0","124","215","314","300","566","1","138","214","321","258","228"
"2019","2","A","골목상권","1000749","사당로20길","2201","1335","866","1","214","349","501","446","690","0","82","195","292","278","488","1","132","154","209","168","202"
"2019","2","A","골목상권","1000750","사당로23길","13107","4362","8745","0","3494","4255","3168","1751","439","0","669","1303","1065","1024","301","0","2825","2952","2103","727","138"
"2019","2","A","골목상권","1000751","사당로23나길","845","394","451","1","160","192","220","161","111","1","46","95","95","90","67","0","114","97","125","71","44"
"2019","2","A","골목상권","1000752","사당로26길","3024","1706","1318","1","370","675","873","638","467","0","132","323","497","405","349","1","238","352","376","233","118"
"2019","2","A","골목상권","1000753","사당로29길","2526","1239","1287","4","391","646","695","461","329","1","114","298","350","257","219","3","277","348","345","204","110"
"2019","2","A","골목상권","1000754","사당로2차길","2179","1452","727","0","229","578","490","504","378","0","128","394","314","328","288","0","101","184","176","176","90"
"2019","2","A","골목상권","1000755","사당로30길","4778","2722","2056","2","683","1284","1292","952","565","0","233","646","806","642","395","2","450","638","486","310","170"
"2019","2","A","골목상권","1000756","사당로8길","3286","2034","1252","2","409","803","884","728","460","1","221","534","501","428","349","1","188","269","383","300","111"
"2019","2","A","골목상권","1000757","상도로15길","1998","920","1078","1","273","386","480","457","401","0","117","180","214","207","202","1","156","206","266","250","199"
"2019","2","A","골목상권","1000758","상도로37길","2367","1135","1232","4","370","631","580","483","299","2","131","327","290","226","159","2","239","304","290","257","140"
"2019","2","A","골목상권","1000759","상도로47길","2701","1283","1418","3","385","699","698","570","346","2","141","351","353","257","179","1","244","348","345","313","167"
"2019","2","A","골목상권","1000760","상도로61길","3185","1684","1501","2","516","920","937","562","248","1","199","521","534","263","166","1","317","399","403","299","82"
"2019","2","A","골목상권","1000761","상도로62길","1876","909","967","1","327","435","405","422","286","0","105","216","235","187","166","1","222","219","170","235","120"
"2019","2","A","골목상권","1000762","서달로10길","663","387","276","1","84","148","158","155","117","1","50","99","89","83","65","0","34","49","69","72","52"
"2019","2","A","골목상권","1000763","서달로14길","758","411","347","1","87","151","203","167","149","1","33","82","104","86","105","0","54","69","99","81","44"
"2019","2","A","골목상권","1000764","서달로15길","689","340","349","0","74","116","196","166","137","0","20","48","96","80","96","0","54","68","100","86","41"
"2019","2","A","골목상권","1000765","서달로8가길","475","196","279","1","61","72","121","126","94","1","13","31","51","48","52","0","48","41","70","78","42"
"2019","2","A","골목상권","1000766","성대로1길","1440","636","804","0","132","267","355","358","328","0","51","129","166","136","154","0","81","138","189","222","174"
"2019","2","A","골목상권","1000767","성대로29길","1699","789","910","0","195","326","399","421","358","0","85","160","187","187","170","0","110","166","212","234","188"
"2019","2","A","골목상권","1000768","신대방길","7354","4580","2774","24","1586","2021","1819","1210","694","17","718","1352","1258","745","490","7","868","669","561","465","204"
"2019","2","A","골목상권","1000769","양녕로26길","1652","1153","499","3","159","390","444","507","149","2","79","257","306","395","114","1","80","133","138","112","35"
"2019","2","A","골목상권","1000770","여의대방로22길","17909","11394","6515","34","3439","3610","2908","4038","3880","18","2667","2912","1882","1949","1966","16","772","698","1026","2089","1914"
"2019","2","A","골목상권","1000771","여의대방로22나길","17606","11183","6423","35","3393","3529","2806","3983","3860","18","2627","2863","1800","1914","1961","17","766","666","1006","2069","1899"
"2019","2","A","골목상권","1000772","여의대방로22카길","18024","11520","6504","25","3426","3736","3002","4070","3765","12","2643","2997","1953","1952","1963","13","783","739","1049","2118","1802"
"2019","2","A","골목상권","1000773","여의대방로24길","19681","12377","7304","38","3729","4075","3301","4433","4105","18","2736","3190","2122","2187","2124","20","993","885","1179","2246","1981"
"2019","2","A","골목상권","1000774","여의대방로46길","7717","4507","3210","14","1363","2427","1929","1223","761","5","556","1503","1249","752","442","9","807","924","680","471","319"
"2019","2","A","골목상권","1000775","장승배기로10길","3413","2145","1268","14","466","729","875","918","411","6","271","486","562","578","242","8","195","243","313","340","169"
"2019","2","A","골목상권","1000776","장승배기로19길","1775","914","861","2","176","379","454","479","285","1","78","184","222","259","170","1","98","195","232","220","115"
"2019","2","A","골목상권","1000777","장승배기로27길","6741","3867","2874","16","874","2182","1791","1269","609","7","410","1157","1059","841","393","9","464","1025","732","428","216"
"2019","2","A","골목상권","1000778","흑석로13길","983","513","470","0","129","188","252","231","183","0","56","97","126","114","120","0","73","91","126","117","63"
"2019","2","A","골목상권","1000779","흑석로9길","698","356","342","0","115","136","174","163","110","0","49","71","88","76","72","0","66","65","86","87","38"
"2019","2","A","골목상권","1000780","관악로10길","6202","3748","2454","9","829","1600","1511","1540","713","3","411","924","900","1033","477","6","418","676","611","507","236"
"2019","2","A","골목상권","1000781","관악로14길","6542","3309","3233","23","1018","1671","1591","1411","828","6","337","706","829","866","565","17","681","965","762","545","263"
"2019","2","A","골목상권","1000782","관악로28길","1891","807","1084","3","201","369","440","502","376","1","53","151","218","200","184","2","148","218","222","302","192"
"2019","2","A","골목상권","1000783","관악로30길","2909","1444","1465","10","371","630","725","687","486","8","144","326","400","313","253","2","227","304","325","374","233"
"2019","2","A","골목상권","1000784","관천로15길","3932","2599","1333","3","637","1021","1177","790","304","3","278","703","877","542","196","0","359","318","300","248","108"
"2019","2","A","골목상권","1000785","관천로22길","4600","2514","2086","8","672","1129","1235","909","647","6","273","619","679","493","444","2","399","510","556","416","203"
"2019","2","A","골목상권","1000786","구암길","831","403","428","1","111","181","240","206","92","1","41","89","109","104","59","0","70","92","131","102","33"
"2019","2","A","골목상권","1000787","국회단지길","5486","2157","3329","7","963","1365","1186","1323","642","1","207","517","550","515","367","6","756","848","636","808","275"
"2019","2","A","골목상권","1000788","낙성대역길","5197","3075","2122","7","770","1307","1227","964","922","3","327","773","734","564","674","4","443","534","493","400","248"
"2019","2","A","골목상권","1000789","난곡로24길","1312","728","584","1","129","247","328","383","224","1","51","113","159","229","175","0","78","134","169","154","49"
"2019","2","A","골목상권","1000790","난곡로26길","1205","654","551","0","136","225","293","333","218","0","50","106","142","191","165","0","86","119","151","142","53"
"2019","2","A","골목상권","1000791","난곡로34길","967","488","479","6","118","204","241","288","110","5","47","107","120","141","68","1","71","97","121","147","42"
"2019","2","A","골목상권","1000792","난곡로74길","4511","3556","955","7","683","1342","1423","777","279","5","421","1089","1230","619","192","2","262","253","193","158","87"
"2019","2","A","골목상권","1000793","난우길","1341","639","702","20","165","271","296","347","242","17","62","121","136","159","144","3","103","150","160","188","98"
"2019","2","A","골목상권","1000794","난향길","1946","948","998","1","442","487","403","303","310","0","121","241","187","147","252","1","321","246","216","156","58"
"2019","2","A","골목상권","1000795","남부순환로142길","4960","3467","1493","20","381","767","855","962","1975","17","197","445","502","570","1736","3","184","322","353","392","239"
"2019","2","A","골목상권","1000796","남부순환로151길","4960","3441","1519","7","663","1325","1435","1078","452","3","318","968","1121","731","300","4","345","357","314","347","152"
"2019","2","A","골목상권","1000797","남부순환로161길","4516","3110","1406","3","585","1208","1268","986","466","2","280","865","972","687","304","1","305","343","296","299","162"
"2019","2","A","골목상권","1000798","남부순환로172길","2016","1192","824","4","210","462","466","523","351","3","113","282","266","303","225","1","97","180","200","220","126"
"2019","2","A","골목상권","1000799","남부순환로234길","3074","1859","1215","4","431","694","748","670","527","0","177","396","447","425","414","4","254","298","301","245","113"
"2019","2","A","골목상권","1000800","남부순환로248길","2154","1155","999","4","330","613","569","387","251","3","127","330","311","205","179","1","203","283","258","182","72"
"2019","2","A","골목상권","1000801","남현2길","4016","2615","1401","5","585","958","1081","749","638","3","283","622","754","470","483","2","302","336","327","279","155"
"2019","2","A","골목상권","1000802","남현3길","6766","3909","2857","7","1303","1742","1709","1183","822","4","536","963","1029","755","622","3","767","779","680","428","200"
"2019","2","A","골목상권","1000803","남현길","3537","2297","1240","2","533","874","901","631","596","2","252","563","633","398","449","0","281","311","268","233","147"
"2019","2","A","골목상권","1000804","당곡길","2870","1609","1261","7","337","634","772","588","532","5","140","365","444","298","357","2","197","269","328","290","175"
"2019","2","A","골목상권","1000805","대학14길","1117","644","473","0","140","303","307","216","151","0","45","162","204","122","111","0","95","141","103","94","40"
"2019","2","A","골목상권","1000806","대학길","2196","1683","513","1","339","600","641","397","218","0","221","467","521","313","161","1","118","133","120","84","57"
"2019","2","A","골목상권","1000807","미성5길","1478","719","759","18","167","268","326","377","322","16","65","140","160","150","188","2","102","128","166","227","134"
"2019","2","A","골목상권","1000808","법원단지9길","947","511","436","6","104","200","226","267","144","5","32","107","123","152","92","1","72","93","103","115","52"
"2019","2","A","골목상권","1000809","법원단지길","827","393","434","5","111","178","188","218","127","4","39","92","88","98","72","1","72","86","100","120","55"
"2019","2","A","골목상권","1000810","복은길","1794","1093","701","1","180","343","464","427","379","1","82","181","258","281","290","0","98","162","206","146","89"
"2019","2","A","골목상권","1000811","봉천로13길","2149","1182","967","5","226","466","524","493","435","4","93","261","295","245","284","1","133","205","229","248","151"
"2019","2","A","골목상권","1000812","봉천로33길","7532","3165","4367","8","1231","1782","1659","1735","1117","3","293","727","776","770","596","5","938","1055","883","965","521"
"2019","2","A","골목상권","1000813","서림7길","1708","1051","657","2","188","315","427","414","362","1","93","182","257","259","259","1","95","133","170","155","103"
"2019","2","A","골목상권","1000814","승방길","3807","2469","1338","7","724","901","964","721","490","5","334","575","677","519","359","2","390","326","287","202","131"
"2019","2","A","골목상권","1000815","신림동길","3501","1739","1762","5","633","677","718","664","804","3","194","297","355","344","546","2","439","380","363","320","258"
"2019","2","A","골목상권","1000816","신림로11길","2680","1853","827","1","416","770","738","501","254","0","243","513","544","360","193","1","173","257","194","141","61"
"2019","2","A","골목상권","1000817","신림로28길","2832","2034","798","4","389","648","801","586","404","2","254","479","594","418","287","2","135","169","207","168","117"
"2019","2","A","골목상권","1000818","신림로38길","1469","928","541","0","129","263","368","376","333","0","58","138","216","254","262","0","71","125","152","122","71"
"2019","2","A","골목상권","1000819","신림로48길","786","437","349","0","68","157","183","183","195","0","25","79","95","85","153","0","43","78","88","98","42"
"2019","2","A","골목상권","1000820","신림로64길","2309","943","1366","5","530","543","484","423","324","3","147","212","225","167","189","2","383","331","259","256","135"
"2019","2","A","골목상권","1000821","신림로65길","3331","1514","1817","7","668","663","656","604","733","3","206","274","315","264","452","4","462","389","341","340","281"
"2019","2","A","골목상권","1000822","신사로20길","3363","2267","1096","0","519","898","1023","653","270","0","228","629","785","454","171","0","291","269","238","199","99"
"2019","2","A","골목상권","1000823","신원로3길","2499","1069","1430","9","557","558","473","474","428","4","195","221","240","204","205","5","362","337","233","270","223"
"2019","2","A","골목상권","1000824","양녕로6길","2490","1262","1228","11","277","443","573","559","627","7","91","220","303","317","324","4","186","223","270","242","303"
"2019","2","A","골목상권","1000825","은천로25길","817","382","435","0","119","194","241","160","103","0","42","98","104","76","62","0","77","96","137","84","41"
"2019","2","A","골목상권","1000826","인헌길","1959","1087","872","3","292","477","546","423","218","2","148","280","298","205","154","1","144","197","248","218","64"
"2019","2","A","골목상권","1000827","장군봉1길","2745","1382","1363","3","333","598","601","586","624","3","122","325","299","311","322","0","211","273","302","275","302"
"2019","2","A","골목상권","1000828","장군봉2길","2466","1336","1130","4","301","537","479","538","607","1","111","290","252","292","390","3","190","247","227","246","217"
"2019","2","A","골목상권","1000829","조원로10길","17980","10118","7862","39","3564","6331","4715","2087","1244","16","1429","3664","2907","1224","878","23","2135","2667","1808","863","366"
"2019","2","A","골목상권","1000830","조원로18길","5926","4561","1365","5","560","1260","1403","1062","1636","2","257","915","1098","788","1501","3","303","345","305","274","135"
"2019","2","A","골목상권","1000831","조원중앙로2길","5980","4243","1737","7","499","1085","1171","1151","2067","4","268","716","749","709","1797","3","231","369","422","442","270"
"2019","2","A","골목상권","1000832","중앙길","2016","995","1021","10","258","382","514","468","384","6","84","180","265","253","207","4","174","202","249","215","177"
"2019","2","A","골목상권","1000833","청룡8길","2508","1207","1301","3","302","553","551","537","562","3","99","294","268","266","277","0","203","259","283","271","285"
"2019","2","A","골목상권","1000834","청룡길","3280","1614","1666","14","514","826","789","561","576","6","134","355","420","344","355","8","380","471","369","217","221"
"2019","2","A","골목상권","1000835","청림3길","3413","1832","1581","8","489","998","1068","591","259","7","210","573","583","283","176","1","279","425","485","308","83"
"2019","2","A","골목상권","1000836","행운1길","2967","1557","1410","10","424","619","762","680","472","4","155","317","408","361","312","6","269","302","354","319","160"
"2019","2","A","골목상권","1000837","행운길","5569","3260","2309","9","731","1326","1307","1153","1043","4","333","797","773","626","727","5","398","529","534","527","316"
"2019","2","A","골목상권","1000838","호암로20길","2140","1606","534","3","328","609","637","369","194","1","211","450","524","278","142","2","117","159","113","91","52"
"2019","2","A","골목상권","1000839","호암로24길","2532","1846","686","4","408","671","767","447","235","2","261","500","591","334","158","2","147","171","176","113","77"
"2019","2","A","골목상권","1000840","양산길","729","374","355","2","108","133","199","191","96","1","54","67","121","92","39","1","54","66","78","99","57"
"2019","2","A","골목상권","1000841","양지길","402","168","234","2","41","76","119","98","66","1","10","19","58","43","37","1","31","57","61","55","29"
"2019","2","A","골목상권","1000842","원신길","727","377","350","3","79","196","205","158","86","1","22","94","129","69","62","2","57","102","76","89","24"
"2019","2","A","골목상권","1000843","소담길","1124","583","541","0","155","286","293","218","172","0","47","146","137","125","128","0","108","140","156","93","44"
"2019","2","A","골목상권","1000844","강남대로23길","19777","12359","7418","210","5310","6004","4187","2601","1465","105","2633","3952","3043","1639","987","105","2677","2052","1144","962","478"
"2019","2","A","골목상권","1000845","강남대로34길","22589","14461","8128","75","4683","6712","4977","3294","2848","27","2072","4511","3700","2176","1975","48","2611","2201","1277","1118","873"
"2019","2","A","골목상권","1000846","강남대로8길","85264","76488","8776","31","7910","17382","22787","33801","3353","15","6276","14786","20286","32181","2944","16","1634","2596","2501","1620","409"
"2019","2","A","골목상권","1000847","고무래로8길","16992","11435","5557","49","1779","4153","4875","3951","2185","19","771","2653","3587","2892","1513","30","1008","1500","1288","1059","672"
"2019","2","A","골목상권","1000848","남부순환로317길","20952","13375","7577","15","2534","6903","5532","3794","2174","8","1153","4139","3904","2614","1557","7","1381","2764","1628","1180","617"
"2019","2","A","골목상권","1000849","남부순환로325길","23106","13802","9304","31","3565","7258","5382","4292","2578","20","1701","4023","3359","2842","1857","11","1864","3235","2023","1450","721"
"2019","2","A","골목상권","1000850","남부순환로339길","11863","6444","5419","24","2352","3574","2742","2033","1138","5","950","2173","1754","964","598","19","1402","1401","988","1069","540"
"2019","2","A","골목상권","1000851","논현로1길","10695","6765","3930","53","1851","3105","2549","1968","1169","39","1115","2063","1554","1171","823","14","736","1042","995","797","346"
"2019","2","A","골목상권","1000852","논현로27길","46436","23315","23121","308","9185","11845","13022","8763","3313","149","4486","7159","5801","3327","2393","159","4699","4686","7221","5436","920"
"2019","2","A","골목상권","1000853","동광로12길","16774","8164","8610","41","2498","4036","4876","3255","2068","21","861","1820","2455","1704","1303","20","1637","2216","2421","1551","765"
"2019","2","A","골목상권","1000854","동광로1길","15047","6360","8687","35","2807","3704","4303","2863","1335","26","832","1544","1891","1337","730","9","1975","2160","2412","1526","605"
"2019","2","A","골목상권","1000855","동광로39길","16028","11533","4495","23","1974","4603","4356","3596","1476","12","1019","3162","3410","2858","1072","11","955","1441","946","738","404"
"2019","2","A","골목상권","1000856","동산로10길","9596","6055","3541","33","1462","2847","2358","1800","1096","22","792","1814","1478","1157","792","11","670","1033","880","643","304"
"2019","2","A","골목상권","1000857","동산로19길","18090","10602","7488","45","2328","4777","4910","3852","2178","25","1222","3077","2877","1903","1498","20","1106","1700","2033","1949","680"
"2019","2","A","골목상권","1000858","방배천로4안길","6983","3566","3417","2","1191","1882","1810","1266","832","0","397","844","961","752","612","2","794","1038","849","514","220"
"2019","2","A","골목상권","1000859","마방로2길","12733","8561","4172","28","1835","3351","3106","2681","1732","17","982","2281","2248","1807","1226","11","853","1070","858","874","506"
"2019","2","A","골목상권","1000860","바우뫼로39길","41106","20067","21039","326","8697","9758","11173","7568","3584","162","4186","5771","4703","2765","2480","164","4511","3987","6470","4803","1104"
"2019","2","A","골목상권","1000861","반포대로9길","14975","11362","3613","9","1484","4657","4333","2960","1532","4","821","3597","3603","2356","981","5","663","1060","730","604","551"
"2019","2","A","골목상권","1000862","방배로18길","13590","9838","3752","49","2494","3876","3329","2787","1055","38","1374","2657","2630","2338","801","11","1120","1219","699","449","254"
"2019","2","A","골목상권","1000863","방배로35길","12497","8267","4230","42","2309","3407","2736","2501","1502","7","845","2140","2074","1970","1231","35","1464","1267","662","531","271"
"2019","2","A","골목상권","1000864","방배로42길","16445","10082","6363","44","3413","4842","4019","2823","1304","14","1197","2937","2860","2041","1033","30","2216","1905","1159","782","271"
"2019","2","A","골목상권","1000865","사임당로17길","18186","10158","8028","34","3205","5697","4593","3326","1331","22","1297","3219","2745","1907","968","12","1908","2478","1848","1419","363"
"2019","2","A","골목상권","1000866","사평대로22길","14502","10889","3613","21","1600","3974","3844","3524","1539","11","873","2888","3131","2886","1100","10","727","1086","713","638","439"
"2019","2","A","골목상권","1000867","사평대로26길","10115","7115","3000","15","1368","2820","2726","2036","1150","6","700","1963","2079","1545","822","9","668","857","647","491","328"
"2019","2","A","골목상권","1000868","사평대로57길","12049","6278","5771","27","3045","3854","2771","1610","742","13","933","1985","1812","1001","534","14","2112","1869","959","609","208"
"2019","2","A","골목상권","1000869","서초대로15길","9162","5644","3518","33","1470","2309","2193","1693","1464","19","646","1351","1399","1114","1115","14","824","958","794","579","349"
"2019","2","A","골목상권","1000870","서초대로23길","13211","8808","4403","33","2047","3288","3287","2779","1777","17","906","2009","2365","2103","1408","16","1141","1279","922","676","369"
"2019","2","A","골목상권","1000871","서초대로25길","21807","14793","7014","84","4381","6615","4905","3693","2129","41","2040","4333","3735","2915","1729","43","2341","2282","1170","778","400"
"2019","2","A","골목상권","1000872","서초대로4길","11174","5079","6095","18","1933","2823","2802","2161","1437","10","654","1233","1285","1018","879","8","1279","1590","1517","1143","558"
"2019","2","A","골목상권","1000873","서초대로64길","20650","12891","7759","25","3403","6444","5728","3918","1132","15","1776","4156","3683","2452","809","10","1627","2288","2045","1466","323"
"2019","2","A","골목상권","1000874","서초대로8길","9023","4380","4643","24","1460","2163","2341","1816","1219","15","544","1044","1099","870","808","9","916","1119","1242","946","411"
"2019","2","A","골목상권","1000875","신반포로45길","10753","6415","4338","27","2095","3343","2715","1547","1026","13","815","2030","1918","959","680","14","1280","1313","797","588","346"
"2019","2","A","골목상권","1000876","언남길","18611","11765","6846","44","2425","5208","5063","3739","2132","25","1352","3536","3203","2104","1545","19","1073","1672","1860","1635","587"
"2019","2","A","골목상권","1000877","주흥15길","10699","5239","5460","26","2893","3482","2197","1325","776","11","802","1758","1383","763","522","15","2091","1724","814","562","254"
"2019","2","A","골목상권","1000878","주흥길","4929","2734","2195","8","884","1442","1210","918","467","5","333","770","757","527","342","3","551","672","453","391","125"
"2019","2","A","골목상권","1000879","청두곶길","13110","6497","6613","21","2110","3710","3784","2413","1072","11","689","1717","1804","1492","784","10","1421","1993","1980","921","288"
"2019","2","A","골목상권","1000880","효령로23길","13045","8684","4361","53","2547","3703","3078","2035","1629","41","1369","2475","2226","1355","1218","12","1178","1228","852","680","411"
"2019","2","A","골목상권","1000881","효령로31길","10652","7146","3506","54","2134","3234","2468","1613","1149","46","1222","2201","1783","1074","820","8","912","1033","685","539","329"
"2019","2","A","골목상권","1000882","효령로34길","8829","5689","3140","15","1118","2758","2319","1519","1100","5","546","1600","1611","1089","838","10","572","1158","708","430","262"
"2019","2","A","골목상권","1000883","효령로72길","28079","21029","7050","70","4852","9562","7294","4585","1716","34","2708","7309","5946","3819","1213","36","2144","2253","1348","766","503"
"2019","2","A","골목상권","1000884","방배중앙로21길","12909","5920","6989","15","2089","3345","3964","2428","1068","6","665","1398","1894","1292","665","9","1424","1947","2070","1136","403"
"2019","2","A","골목상권","1000885","서초중앙로8길","21908","13370","8538","62","4326","6361","5527","3770","1862","15","1763","3844","3814","2549","1385","47","2563","2517","1713","1221","477"
"2019","2","A","골목상권","1000886","강남대로118길","10119","6479","3640","65","2299","3011","2340","1462","942","46","1265","1998","1612","922","636","19","1034","1013","728","540","306"
"2019","2","A","골목상권","1000887","강남대로136길","27582","15223","12359","53","6946","9360","6141","3329","1753","25","2379","5259","4169","2182","1209","28","4567","4101","1972","1147","544"
"2019","2","A","골목상권","1000888","강남대로140길","26412","13779","12633","61","6527","8524","5631","3539","2130","27","1940","4511","3653","2117","1531","34","4587","4013","1978","1422","599"
"2019","2","A","골목상권","1000889","개포로17길","31977","13405","18572","121","4880","7459","10000","7084","2433","61","2356","4159","3356","1964","1509","60","2524","3300","6644","5120","924"
"2019","2","A","골목상권","1000890","개포로20길","17163","9905","7258","34","2419","4854","4611","3495","1750","13","1228","3087","2682","1658","1237","21","1191","1767","1929","1837","513"
"2019","2","A","골목상권","1000891","개포로28길","4647","2997","1650","15","830","1407","1120","785","490","7","425","899","754","509","403","8","405","508","366","276","87"
"2019","2","A","골목상권","1000892","개포로82길","4987","3716","1271","2","713","1633","1263","815","561","0","428","1238","993","591","466","2","285","395","270","224","95"
"2019","2","A","골목상권","1000893","남부순환로365길","18776","11937","6839","58","3508","5241","4583","2968","2418","22","1403","3406","3413","2081","1612","36","2105","1835","1170","887","806"
"2019","2","A","골목상권","1000894","논현로106길","14559","8201","6358","36","3096","4760","3411","1905","1351","12","1066","2732","2317","1153","921","24","2030","2028","1094","752","430"
"2019","2","A","골목상권","1000895","논현로10길","6728","3828","2900","10","887","1560","1669","1578","1024","4","402","952","925","794","751","6","485","608","744","784","273"
"2019","2","A","골목상권","1000896","논현로115길","22705","14815","7890","91","5168","6849","5172","3461","1964","49","2502","4476","3816","2559","1413","42","2666","2373","1356","902","551"
"2019","2","A","골목상권","1000897","논현로123길","9753","5955","3798","42","2268","2662","2156","1461","1164","27","1107","1646","1454","923","798","15","1161","1016","702","538","366"
"2019","2","A","골목상권","1000898","논현로139길","25238","14362","10876","68","6374","7890","5585","3127","2194","22","2378","4448","3722","2099","1693","46","3996","3442","1863","1028","501"
"2019","2","A","골목상권","1000899","논현로159길","7485","3505","3980","10","1631","2151","1771","1167","755","2","560","1012","833","587","511","8","1071","1139","938","580","244"
"2019","2","A","골목상권","1000900","논현로26길","44511","22711","21800","185","7594","11610","13304","8562","3256","94","3700","7207","6237","3346","2127","91","3894","4403","7067","5216","1129"
"2019","2","A","골목상권","1000901","논현로28길","45634","23984","21650","185","7936","10659","13617","9776","3461","101","3804","6324","6703","4903","2149","84","4132","4335","6914","4873","1312"
"2019","2","A","골목상권","1000902","논현로63길","32015","23227","8788","54","4536","8720","9006","7270","2429","20","2131","5684","7176","6266","1950","34","2405","3036","1830","1004","479"
"2019","2","A","골목상권","1000903","논현로8길","3770","2475","1295","3","457","917","835","839","719","3","230","635","549","548","510","0","227","282","286","291","209"
"2019","2","A","골목상권","1000904","도곡로37길","27418","16462","10956","107","6252","8048","6730","4340","1941","43","2769","4814","4512","2860","1464","64","3483","3234","2218","1480","477"
"2019","2","A","골목상권","1000905","도산대로15길","12413","6807","5606","22","3346","3822","2597","1488","1138","6","1207","2077","1689","999","829","16","2139","1745","908","489","309"
"2019","2","A","골목상권","1000906","도산대로23길","14091","7339","6752","22","3648","4354","3232","1773","1062","5","1197","2300","1985","1105","747","17","2451","2054","1247","668","315"
"2019","2","A","골목상권","1000907","도산대로30길","21865","11878","9987","52","5390","6708","5039","3072","1604","14","1917","3610","3200","1965","1172","38","3473","3098","1839","1107","432"
"2019","2","A","골목상권","1000908","도산대로38길","22258","12215","10043","41","4405","6925","5448","3579","1860","14","1464","3678","3443","2299","1317","27","2941","3247","2005","1280","543"
"2019","2","A","골목상권","1000909","도산대로50길","21633","11895","9738","41","4471","6693","5235","3463","1730","19","1391","3277","3397","2499","1312","22","3080","3416","1838","964","418"
"2019","2","A","골목상권","1000910","도산대로81길","45427","25601","19826","85","9377","13941","11490","8963","1571","24","3106","6709","7481","7104","1177","61","6271","7232","4009","1859","394"
"2019","2","A","골목상권","1000911","도산대로89길","35398","20349","15049","66","6794","10125","9282","7856","1275","22","2350","4926","6040","6077","934","44","4444","5199","3242","1779","341"
"2019","2","A","골목상권","1000912","봉은사로109길","31422","24054","7368","28","5569","8927","8156","5635","3107","13","3239","6771","6901","4672","2458","15","2330","2156","1255","963","649"
"2019","2","A","골목상권","1000913","봉은사로29길","26048","16651","9397","59","5608","7884","6074","3996","2427","30","2443","5005","4338","3016","1819","29","3165","2879","1736","980","608"
"2019","2","A","골목상권","1000914","봉은사로43길","26569","16745","9824","55","5489","8274","6188","3977","2586","21","2402","4975","4381","2947","2019","34","3087","3299","1807","1030","567"
"2019","2","A","골목상권","1000915","봉은사로57길","11412","7492","3920","38","2418","3827","2576","1570","983","23","1097","2265","2002","1290","815","15","1321","1562","574","280","168"
"2019","2","A","골목상권","1000916","봉은사로68길","26050","14721","11329","70","5405","8028","5919","4140","2488","23","2397","4963","3809","2012","1517","47","3008","3065","2110","2128","971"
"2019","2","A","골목상권","1000917","삼성로115길","15288","9326","5962","55","3121","4489","3424","2225","1974","25","1298","2869","2391","1384","1359","30","1823","1620","1033","841","615"
"2019","2","A","골목상권","1000918","삼성로147길","14517","7537","6980","29","3644","4918","3062","1807","1057","8","1346","2570","1874","1070","669","21","2298","2348","1188","737","388"
"2019","2","A","골목상권","1000919","삼성로57길","13015","9541","3474","23","1392","4187","3779","2692","942","12","703","3133","2853","2136","704","11","689","1054","926","556","238"
"2019","2","A","골목상권","1000920","삼성로63길","17197","11593","5604","39","2076","5044","4684","3617","1737","26","1014","3578","3306","2516","1153","13","1062","1466","1378","1101","584"
"2019","2","A","골목상권","1000921","삼성로64길","26010","14918","11092","55","4589","6959","6717","4846","2844","26","2144","4462","4058","2511","1717","29","2445","2497","2659","2335","1127"
"2019","2","A","골목상권","1000922","삼성로69길","11237","6265","4972","39","1741","2954","2686","2305","1512","23","744","1612","1569","1316","1001","16","997","1342","1117","989","511"
"2019","2","A","골목상권","1000923","삼성로75길","39655","25233","14422","121","6246","12100","11148","6617","3423","20","2642","7381","8038","4955","2197","101","3604","4719","3110","1662","1226"
"2019","2","A","골목상권","1000924","선릉로121길","19126","11898","7228","44","3470","5639","4866","3338","1769","17","1469","3279","3357","2375","1401","27","2001","2360","1509","963","368"
"2019","2","A","골목상권","1000925","선릉로132길","14903","8743","6160","50","2409","4304","3662","2750","1728","23","1028","2554","2344","1646","1148","27","1381","1750","1318","1104","580"
"2019","2","A","골목상권","1000926","선릉로133길","21360","13524","7836","42","3224","6259","5594","4164","2077","15","1394","3629","3859","2994","1633","27","1830","2630","1735","1170","444"
"2019","2","A","골목상권","1000927","선릉로146길","22906","11534","11372","53","5812","7398","4918","3110","1615","11","1665","3496","2921","2305","1136","42","4147","3902","1997","805","479"
"2019","2","A","골목상권","1000928","선릉로18길","4350","2826","1524","78","802","1137","1013","813","507","29","488","765","652","501","391","49","314","372","361","312","116"
"2019","2","A","골목상권","1000929","압구정로2길","14779","9440","5339","37","2724","4525","4035","2461","997","17","1216","2939","2830","1699","739","20","1508","1586","1205","762","258"
"2019","2","A","골목상권","1000930","언주로81길","92700","56558","36142","158","15509","26779","25201","20625","4428","70","9248","18666","16288","9254","3032","88","6261","8113","8913","11371","1396"
"2019","2","A","골목상권","1000931","영동대로112길","62892","48029","14863","51","10301","18060","15895","12438","6147","27","6265","13641","13615","10424","4057","24","4036","4419","2280","2014","2090"
"2019","2","A","골목상권","1000932","영동대로65길","28380","17099","11281","50","4869","7767","7342","5143","3209","27","2327","5020","4699","2974","2052","23","2542","2747","2643","2169","1157"
"2019","2","A","골목상권","1000933","일원로3길","3417","2107","1310","3","418","649","844","791","712","2","233","396","527","498","451","1","185","253","317","293","261"
"2019","2","A","골목상권","1000934","일원로9길","10670","3745","6925","18","3072","3557","2218","1258","547","3","641","1219","903","619","360","15","2431","2338","1315","639","187"
"2019","2","A","골목상권","1000935","테헤란로81길","50658","28954","21704","120","10989","18359","12235","6170","2785","43","4334","11007","8299","3589","1682","77","6655","7352","3936","2581","1103"
"2019","2","A","골목상권","1000936","학동로38길","25857","17165","8692","53","5369","7243","5656","4010","3526","18","2276","4626","4298","3215","2732","35","3093","2617","1358","795","794"
"2019","2","A","골목상권","1000937","학동로56길","14323","8655","5668","49","2780","4429","3319","2344","1402","23","1162","2468","2301","1629","1072","26","1618","1961","1018","715","330"
"2019","2","A","골목상권","1000938","학동로6길","13269","8632","4637","42","2658","4296","3151","1907","1215","32","1414","2889","2197","1277","823","10","1244","1407","954","630","392"
"2019","2","A","골목상권","1000939","학동로77길","25259","10976","14283","120","6286","7594","5973","3491","1795","48","2100","3502","2690","1545","1091","72","4186","4092","3283","1946","704"
"2019","2","A","골목상권","1000940","거마로20길","1854","894","960","1","184","370","509","526","264","1","84","185","215","231","178","0","100","185","294","295","86"
"2019","2","A","골목상권","1000941","동남로20길","6118","3572","2546","54","1175","1546","1345","1277","721","32","593","898","832","697","520","22","582","648","513","580","201"
"2019","2","A","골목상권","1000942","마천로51길","1973","1087","886","0","174","383","548","537","331","0","94","217","281","250","245","0","80","166","267","287","86"
"2019","2","A","골목상권","1000943","백제고분로21길","11106","6995","4111","8","1623","2780","2699","2618","1378","1","736","1766","1802","1701","989","7","887","1014","897","917","389"
"2019","2","A","골목상권","1000944","백제고분로22길","5097","3319","1778","8","633","1100","1200","1167","989","2","297","752","820","723","725","6","336","348","380","444","264"
"2019","2","A","골목상권","1000945","백제고분로31길","10949","7355","3594","12","1391","2430","2518","2269","2329","8","692","1582","1705","1456","1912","4","699","848","813","813","417"
"2019","2","A","골목상권","1000946","백제고분로32길","6872","4466","2406","11","824","1403","1540","1665","1429","8","419","900","1026","1063","1050","3","405","503","514","602","379"
"2019","2","A","골목상권","1000947","백제고분로33길","7036","4971","2065","12","858","1631","1571","1260","1704","8","421","1052","1086","894","1510","4","437","579","485","366","194"
"2019","2","A","골목상권","1000948","백제고분로34길","5775","3807","1968","13","694","1205","1410","1383","1070","9","371","777","928","904","818","4","323","428","482","479","252"
"2019","2","A","골목상권","1000949","백제고분로39길","6431","4340","2091","3","877","2033","1618","1085","815","0","477","1495","1129","639","600","3","400","538","489","446","215"
"2019","2","A","골목상권","1000950","백제고분로42길","9117","5781","3336","10","1155","2349","2221","1781","1601","4","545","1599","1536","1053","1044","6","610","750","685","728","557"
"2019","2","A","골목상권","1000951","백제고분로45길","19492","10586","8906","68","3874","5181","4386","3804","2179","30","1574","3011","2818","1927","1226","38","2300","2170","1568","1877","953"
"2019","2","A","골목상권","1000952","백제고분로46길","15970","11329","4641","57","2333","3908","4464","3621","1587","45","1237","2615","3440","2745","1247","12","1096","1293","1024","876","340"
"2019","2","A","골목상권","1000953","백제고분로50길","12352","7584","4768","23","2230","3187","2763","2550","1599","15","1206","2143","1853","1405","962","8","1024","1044","910","1145","637"
"2019","2","A","골목상권","1000954","삼전로13길","11553","7233","4320","10","1635","2810","2807","2588","1703","1","729","1705","1827","1710","1261","9","906","1105","980","878","442"
"2019","2","A","골목상권","1000955","송이로23길","11388","6450","4938","55","1615","3065","2866","2225","1562","28","786","1838","1748","1050","1000","27","829","1227","1118","1175","562"
"2019","2","A","골목상권","1000956","송이로32길","35416","26954","8462","13","2712","5987","10285","13646","2773","4","1369","4101","7854","11695","1931","9","1343","1886","2431","1951","842"
"2019","2","A","골목상권","1000957","송이로36길","5840","3661","2179","10","747","1313","1535","1349","886","5","416","892","990","724","634","5","331","421","545","625","252"
"2019","2","A","골목상권","1000958","송파대로30길","23245","14306","8939","53","2423","4715","4983","4515","6556","16","1225","3034","3248","2529","4254","37","1198","1681","1735","1986","2302"
"2019","2","A","골목상권","1000959","양재대로62길","17572","10016","7556","33","2192","3541","3119","3030","5657","14","931","2029","1946","1491","3605","19","1261","1512","1173","1539","2052"
"2019","2","A","골목상권","1000960","양재대로64길","16223","9945","6278","30","1583","3449","3266","2497","5398","18","800","2159","2157","1309","3502","12","783","1290","1109","1188","1896"
"2019","2","A","골목상권","1000961","양재대로71길","7677","5030","2647","11","851","1612","1956","1866","1381","6","279","897","1293","1418","1137","5","572","715","663","448","244"
"2019","2","A","골목상권","1000962","양재대로72길","20595","13764","6831","17","2557","5188","5920","4791","2122","4","1256","3249","3872","3675","1708","13","1301","1939","2048","1116","414"
"2019","2","A","골목상권","1000963","오금로11길","23598","14142","9456","75","4794","6887","5253","4174","2415","35","2379","4455","3602","2257","1414","40","2415","2432","1651","1917","1001"
"2019","2","A","골목상권","1000964","오금로36길","9074","6223","2851","21","1522","2600","2306","1709","916","16","890","1837","1667","1104","709","5","632","763","639","605","207"
"2019","2","A","골목상권","1000965","오금로46길","4694","2860","1834","44","779","988","1124","1116","643","22","423","642","678","621","474","22","356","346","446","495","169"
"2019","2","A","골목상권","1000966","풍성로25길","2719","1449","1270","4","388","539","606","722","460","2","180","272","317","340","338","2","208","267","289","382","122"
"2019","2","A","골목상권","1000967","강동대로53길","4322","2679","1643","11","532","1094","1225","870","590","7","277","674","771","534","416","4","255","420","454","336","174"
"2019","2","A","골목상권","1000968","고덕로10길","3531","1636","1895","5","342","558","751","901","974","4","149","321","371","306","485","1","193","237","380","595","489"
"2019","2","A","골목상권","1000969","고덕로25길","1218","701","517","3","152","267","271","322","203","2","64","151","136","182","166","1","88","116","135","140","37"
"2019","2","A","골목상권","1000970","고덕로61길","1312","682","630","0","147","322","367","354","122","0","61","158","179","205","79","0","86","164","188","149","43"
"2019","2","A","골목상권","1000971","구천면로36길","1611","879","732","5","153","243","366","399","445","3","52","107","181","200","336","2","101","136","185","199","109"
"2019","2","A","골목상권","1000972","구천면로41길","2629","1447","1182","7","293","549","671","599","510","4","117","267","357","355","347","3","176","282","314","244","163"
"2019","2","A","골목상권","1000973","구천면로42길","2731","1409","1322","5","240","520","695","712","559","1","79","235","349","389","356","4","161","285","346","323","203"
"2019","2","A","골목상권","1000974","동남로65길","997","494","503","6","106","204","221","321","139","2","45","77","101","170","99","4","61","127","120","151","40"
"2019","2","A","골목상권","1000975","동남로82길","650","259","391","0","70","128","134","203","115","0","17","49","57","81","55","0","53","79","77","122","60"
"2019","2","A","골목상권","1000976","동남로85길","1212","635","577","0","147","298","320","319","128","0","61","155","149","188","82","0","86","143","171","131","46"
"2019","2","A","골목상권","1000977","명일로13길","8097","4174","3923","3","1042","2186","2577","1524","765","2","297","1156","1299","893","527","1","745","1030","1278","631","238"
"2019","2","A","골목상권","1000978","상암로14길","2550","1309","1241","3","274","453","550","475","795","3","108","238","283","240","437","0","166","215","267","235","358"
"2019","2","A","골목상권","1000979","상암로4길","2372","1253","1119","2","226","405","530","427","782","2","84","216","291","230","430","0","142","189","239","197","352"
"2019","2","A","골목상권","1000980","상암로51길","2483","1110","1373","1","254","477","607","628","516","1","74","246","286","259","244","0","180","231","321","369","272"
"2019","2","A","골목상권","1000981","상암로5길","4187","1957","2230","7","376","714","938","1087","1065","6","164","390","473","396","528","1","212","324","465","691","537"
"2019","2","A","골목상권","1000983","성내로5길","12105","7423","4682","43","1438","3036","3079","2814","1695","15","675","1734","1884","1870","1245","28","763","1302","1195","944","450"
"2019","2","A","골목상권","1000984","성안로3길","12518","7819","4699","43","1389","2892","3190","3206","1798","15","621","1653","1950","2271","1309","28","768","1239","1240","935","489"
"2019","2","A","골목상권","1000985","암사길","3610","2190","1420","4","499","861","873","918","455","1","236","508","503","605","337","3","263","353","370","313","118"
"2019","2","A","골목상권","1000986","양재대로101길","8074","3845","4229","14","1367","1851","1787","1747","1308","9","491","942","946","731","726","5","876","909","841","1016","582"
"2019","2","A","골목상권","1000987","양재대로116길","3422","1642","1780","10","388","509","742","907","866","5","182","304","370","322","459","5","206","205","372","585","407"
"2019","2","A","골목상권","1000988","양재대로124길","3828","2324","1504","6","351","684","875","887","1025","1","172","413","510","531","697","5","179","271","365","356","328"
"2019","2","A","골목상권","1000989","양재대로133길","3936","2078","1858","10","445","766","947","932","836","2","187","424","495","459","511","8","258","342","452","473","325"
"2019","2","A","골목상권","1000990","양재대로91길","3801","2223","1578","11","412","760","852","952","814","9","228","461","513","509","503","2","184","299","339","443","311"
"2019","2","A","골목상권","1000991","양재대로95길","3558","2094","1464","6","364","676","782","886","844","5","220","434","479","453","503","1","144","242","303","433","341"
"2019","2","A","골목상권","1000992","양재대로96길","5065","2774","2291","6","708","1255","1067","1122","907","5","310","701","636","557","565","1","398","554","431","565","342"
"2019","2","A","골목상권","1000993","올림픽로48길","12893","8149","4744","46","1461","3170","3209","3298","1709","16","658","1827","2026","2365","1257","30","803","1343","1183","933","452"
"2019","2","A","골목상권","1000994","올림픽로71길","2257","1124","1133","5","278","468","537","482","487","1","96","208","267","240","312","4","182","260","270","242","175"
"2019","2","A","골목상권","1000995","올림픽로77길","2054","1050","1004","5","237","392","495","466","459","1","94","185","243","238","289","4","143","207","252","228","170"
"2019","2","A","골목상권","1000996","올림픽로78길","1759","873","886","3","223","319","402","396","416","1","87","143","169","201","272","2","136","176","233","195","144"
"2019","2","A","골목상권","1000997","올림픽로80길","1683","783","900","2","176","317","439","421","328","1","65","142","177","192","206","1","111","175","262","229","122"
"2019","2","A","골목상권","1000998","올림픽로98길","2292","1267","1025","3","264","397","442","403","783","3","113","236","244","244","427","0","151","161","198","159","356"
"2019","2","A","골목상권","1000999","진황도로27길","6581","3643","2938","10","1012","1381","1352","1175","1651","6","345","719","773","664","1136","4","667","662","579","511","515"
"2019","2","A","골목상권","1001000","진황도로47길","4354","2115","2239","12","469","727","1014","1033","1099","6","176","394","514","366","659","6","293","333","500","667","440"
"2019","2","A","골목상권","1001001","천중로39길","3865","2291","1574","7","316","674","926","943","999","2","134","400","528","561","666","5","182","274","398","382","333"
"2019","2","A","골목상권","1001002","천중로51길","3333","1953","1380","4","360","639","806","782","742","1","144","386","447","451","524","3","216","253","359","331","218"
"2019","2","A","골목상권","1001003","천호대로162길","11820","6646","5174","80","2534","3243","3220","1263","1480","3","1051","1759","2067","828","938","77","1483","1484","1153","435","542"
"2019","2","A","골목상권","1001004","천호대로170길","12826","6999","5827","84","2661","3295","3437","1623","1726","7","1068","1690","2133","989","1112","77","1593","1605","1304","634","614"
"2019","2","A","골목상권","1001005","천호대로187길","5819","2884","2935","10","762","1304","1328","1305","1110","6","285","715","697","495","686","4","477","589","631","810","424"
"2019","2","A","골목상권","1001006","천호대로197길","1996","1108","888","1","214","372","452","488","469","0","93","223","230","211","351","1","121","149","222","277","118"
"2019","2","A","골목상권","1001007","천호대로219길","1171","816","355","0","136","192","317","334","192","0","76","129","237","232","142","0","60","63","80","102","50"
"2019","2","A","골목상권","1001008","천호옛14길","4362","2489","1873","6","922","1320","1025","667","422","2","374","799","633","408","273","4","548","521","392","259","149"
"2019","2","A","골목상권","1001009","천호옛길","6413","3834","2579","7","841","1549","1578","1691","747","4","418","800","894","1114","604","3","423","749","684","577","143"
"2019","2","A","골목상권","1001010","풍성로37가길","2935","1774","1161","3","404","690","742","680","416","2","245","435","432","401","259","1","159","255","310","279","157"
"2019","2","A","골목상권","1000162","자양로50길","3213","1920","1293","6","351","515","871","963","507","3","168","287","564","589","309","3","183","228","307","374","198"
"2019","2","A","골목상권","1000222","겸재로29길","2791","1633","1158","1","339","642","781","633","395","0","152","429","424","334","294","1","187","213","357","299","101"
"2019","2","A","골목상권","1000227","답십리로75길","1513","1050","463","0","123","226","402","541","221","0","49","130","276","419","176","0","74","96","126","122","45"
"2019","2","A","골목상권","1000241","면목로21길","1517","1017","500","1","106","209","378","547","276","0","40","107","239","418","213","1","66","102","139","129","63"
"2019","2","A","골목상권","1000242","면목로33길","1674","1120","554","0","142","239","445","588","260","0","66","135","296","439","184","0","76","104","149","149","76"
"2019","2","A","골목상권","1000250","봉화산로30길","1896","1116","780","7","215","352","466","490","366","7","99","192","255","277","286","0","116","160","211","213","80"
"2019","2","A","골목상권","1000263","돌곶이로22길","2717","1807","910","3","257","420","451","444","1142","0","112","247","268","261","919","3","145","173","183","183","223"
"2019","2","A","골목상권","1000266","돌곶이로41길","592","288","304","8","92","149","142","127","74","5","42","91","66","47","37","3","50","58","76","80","37"
"2019","2","A","골목상권","1000301","종암로19길","3386","1915","1471","3","398","896","926","904","259","1","152","415","541","641","165","2","246","481","385","263","94"
"2019","2","A","골목상권","1000303","종암로24가길","1983","1142","841","4","233","443","463","588","252","1","106","280","266","371","118","3","127","163","197","217","134"
"2019","2","A","골목상권","1000322","도봉로45길","1947","983","964","0","165","407","456","476","443","0","57","194","253","268","211","0","108","213","203","208","232"
"2019","2","A","골목상권","1000333","삼양로77길","1393","588","805","1","152","270","376","407","187","1","46","105","163","166","107","0","106","165","213","241","80"
"2019","2","A","골목상권","1000345","인수봉로79길","2295","1214","1081","3","275","539","517","527","434","3","125","291","273","278","244","0","150","248","244","249","190"
"2019","2","A","골목상권","1000069","이촌로22길","2407","1488","919","3","390","659","593","510","252","2","200","404","388","342","152","1","190","255","205","168","100"
"2019","1","A","골목상권","1000015","이화장길","23221","10158","13063","62","5293","7719","5209","3655","1283","24","1482","2960","2683","2183","826","38","3811","4759","2526","1472","457"
"2019","1","A","골목상권","1000994","올림픽로71길","3602","1756","1846","13","549","758","835","770","677","4","177","369","416","358","432","9","372","389","419","412","245"
"2019","1","A","골목상권","1000993","올림픽로48길","20077","11204","8873","53","2336","4251","4622","5057","3758","42","1188","2441","2452","2716","2365","11","1148","1810","2170","2341","1393"
"2019","1","A","골목상권","1000992","양재대로96길","5252","2985","2267","5","621","965","988","1116","1557","2","257","495","534","599","1098","3","364","470","454","517","459"
"2019","1","A","골목상권","1000991","양재대로95길","4888","2876","2012","6","413","765","1021","1076","1607","3","180","421","581","576","1115","3","233","344","440","500","492"
"2019","1","A","골목상권","1000990","양재대로91길","5532","3177","2355","7","526","971","1190","1237","1601","3","224","513","659","665","1113","4","302","458","531","572","488"
"2019","1","A","골목상권","1000989","양재대로133길","4228","1829","2399","15","484","822","985","1017","905","10","165","368","426","389","471","5","319","454","559","628","434"
"2019","1","A","골목상권","1000988","양재대로124길","4045","2126","1919","10","371","739","903","944","1078","2","132","399","460","451","682","8","239","340","443","493","396"
"2019","1","A","골목상권","1000987","양재대로116길","5076","2403","2673","13","577","897","1088","1298","1203","6","248","500","513","451","685","7","329","397","575","847","518"
"2019","1","A","골목상권","1000986","양재대로101길","9164","4224","4940","21","1785","2289","2014","1908","1147","12","643","1117","1024","763","665","9","1142","1172","990","1145","482"
"2019","1","A","골목상권","1000985","암사길","2085","1013","1072","9","190","429","525","563","369","6","78","205","234","280","210","3","112","224","291","283","159"
"2019","1","A","골목상권","1000984","성안로3길","14683","8585","6098","39","1926","3516","3480","3301","2421","20","878","1846","2023","2164","1654","19","1048","1670","1457","1137","767"
"2019","1","A","골목상권","1000983","성내로5길","17580","9425","8155","49","2035","3773","4179","4442","3102","39","1001","2121","2130","2204","1930","10","1034","1652","2049","2238","1172"
"2019","1","A","골목상권","1000982","상일로5길","19326","15562","3764","8","2138","8104","5192","3005","879","6","1295","6537","4566","2663","495","2","843","1567","626","342","384"
"2019","1","A","골목상권","1000981","상암로5길","4210","1713","2497","9","433","737","1038","1196","797","4","163","333","411","344","458","5","270","404","627","852","339"
"2019","1","A","골목상권","1000980","상암로51길","4031","1551","2480","15","429","681","891","1047","968","10","135","299","373","315","419","5","294","382","518","732","549"
"2019","1","A","골목상권","1000979","상암로4길","3184","1467","1717","8","426","628","804","777","541","3","180","304","373","302","305","5","246","324","431","475","236"
"2019","1","A","골목상권","1000978","상암로14길","3364","1539","1825","8","460","664","869","814","549","3","195","323","409","300","309","5","265","341","460","514","240"
"2019","1","A","골목상권","1000977","명일로13길","4447","2383","2064","7","697","1101","925","974","743","3","277","587","513","514","489","4","420","514","412","460","254"
"2019","1","A","골목상권","1000976","동남로85길","1138","564","574","0","102","192","262","336","246","0","36","90","129","182","127","0","66","102","133","154","119"
"2019","1","A","골목상권","1000975","동남로82길","804","433","371","0","62","130","186","299","127","0","26","59","96","172","80","0","36","71","90","127","47"
"2019","1","A","골목상권","1000974","동남로65길","1564","844","720","3","130","312","385","513","221","1","57","143","195","310","138","2","73","169","190","203","83"
"2019","1","A","골목상권","1000973","구천면로42길","2229","966","1263","7","232","529","597","558","306","6","80","230","245","248","157","1","152","299","352","310","149"
"2019","1","A","골목상권","1000972","구천면로41길","2948","1277","1671","6","318","650","778","776","420","6","136","297","333","303","202","0","182","353","445","473","218"
"2019","1","A","골목상권","1000971","구천면로36길","1523","708","815","8","146","298","383","405","283","3","39","118","162","182","204","5","107","180","221","223","79"
"2019","1","A","골목상권","1000970","고덕로61길","1181","452","729","0","118","237","314","299","213","0","34","100","122","107","89","0","84","137","192","192","124"
"2019","1","A","골목상권","1000969","고덕로25길","969","411","558","7","119","232","253","242","116","4","51","89","98","100","69","3","68","143","155","142","47"
"2019","1","A","골목상권","1000968","고덕로10길","4067","1688","2379","8","406","694","992","1182","785","3","166","335","399","334","451","5","240","359","593","848","334"
"2019","1","A","골목상권","1000967","강동대로53길","9080","5236","3844","29","1288","2333","2090","1936","1404","12","647","1319","1275","1132","851","17","641","1014","815","804","553"
"2019","1","A","골목상권","1000966","풍성로25길","3694","1765","1929","15","641","896","831","784","527","7","247","436","398","351","326","8","394","460","433","433","201"
"2019","1","A","골목상권","1000965","오금로46길","3370","1639","1731","11","478","676","839","780","586","5","178","319","379","367","391","6","300","357","460","413","195"
"2019","1","A","골목상권","1000964","오금로36길","7935","4884","3051","16","1274","2074","1959","1612","1000","10","616","1354","1247","969","688","6","658","720","712","643","312"
"2019","1","A","골목상권","1000963","오금로11길","14317","8747","5570","50","2465","3873","3330","2754","1845","26","1247","2498","2173","1541","1262","24","1218","1375","1157","1213","583"
"2019","1","A","골목상권","1000962","양재대로72길","14423","9115","5308","29","1226","2111","2061","2298","6698","18","613","1274","1277","1308","4625","11","613","837","784","990","2073"
"2019","1","A","골목상권","1000961","양재대로71길","8462","5071","3391","43","1213","1888","1725","1676","1917","18","547","1073","1015","1030","1388","25","666","815","710","646","529"
"2019","1","A","골목상권","1000960","양재대로64길","14051","7509","6542","22","2240","3394","3312","3100","1983","5","960","1978","1982","1504","1080","17","1280","1416","1330","1596","903"
"2019","1","A","골목상권","1000959","양재대로62길","10029","4403","5626","26","2103","2692","2293","1833","1082","9","665","1241","1147","710","631","17","1438","1451","1146","1123","451"
"2019","1","A","골목상권","1000958","송파대로30길","19449","10990","8459","46","3075","4803","4695","4278","2552","18","1276","2766","2906","2429","1595","28","1799","2037","1789","1849","957"
"2019","1","A","골목상권","1000957","송이로36길","24089","14780","9309","80","4579","6824","6226","4158","2222","23","2092","4303","4080","2566","1716","57","2487","2521","2146","1592","506"
"2019","1","A","골목상권","1000956","송이로32길","8768","5116","3652","28","1003","1659","2099","2004","1975","16","502","1006","1235","1135","1222","12","501","653","864","869","753"
"2019","1","A","골목상권","1000955","송이로23길","14427","7607","6820","37","2376","3441","3448","3249","1876","18","1022","1972","2001","1534","1060","19","1354","1469","1447","1715","816"
"2019","1","A","골목상권","1000954","삼전로13길","7039","3497","3542","57","1106","1576","1545","1473","1282","42","405","795","776","706","773","15","701","781","769","767","509"
"2019","1","A","골목상권","1000953","백제고분로50길","10074","5904","4170","29","1365","2356","2325","2302","1697","18","656","1380","1390","1372","1088","11","709","976","935","930","609"
"2019","1","A","골목상권","1000952","백제고분로46길","5607","3234","2373","10","776","1204","1347","1236","1034","7","354","711","789","627","746","3","422","493","558","609","288"
"2019","1","A","골목상권","1000951","백제고분로45길","9568","5497","4071","29","1539","2403","2260","1981","1356","16","727","1482","1351","1004","917","13","812","921","909","977","439"
"2019","1","A","골목상권","1000950","백제고분로42길","6369","3279","3090","20","818","1309","1297","1414","1511","6","297","685","680","703","908","14","521","624","617","711","603"
"2019","1","A","골목상권","1000949","백제고분로39길","5956","3041","2915","35","1200","1387","1262","1148","924","9","447","785","678","528","594","26","753","602","584","620","330"
"2019","1","A","골목상권","1000948","백제고분로34길","5176","3024","2152","11","640","1126","1392","1263","744","8","300","683","879","682","472","3","340","443","513","581","272"
"2019","1","A","골목상권","1000947","백제고분로33길","6827","4043","2784","33","1138","1371","1522","1233","1530","10","430","800","913","630","1260","23","708","571","609","603","270"
"2019","1","A","골목상권","1000946","백제고분로32길","5602","3243","2359","17","786","1274","1346","1325","854","8","399","793","851","663","529","9","387","481","495","662","325"
"2019","1","A","골목상권","1000945","백제고분로31길","8502","4758","3744","37","1352","1693","1787","1721","1912","12","527","950","1007","790","1472","25","825","743","780","931","440"
"2019","1","A","골목상권","1000944","백제고분로22길","4947","2835","2112","16","634","1007","1018","1182","1090","4","280","614","591","616","730","12","354","393","427","566","360"
"2019","1","A","골목상권","1000943","백제고분로21길","5498","2713","2785","14","802","1197","1222","1281","982","4","305","620","629","551","604","10","497","577","593","730","378"
"2019","1","A","골목상권","1000942","마천로51길","1975","969","1006","5","156","347","585","584","298","2","59","169","261","278","200","3","97","178","324","306","98"
"2019","1","A","골목상권","1000941","동남로20길","3685","1813","1872","10","549","784","898","818","626","4","206","396","429","379","399","6","343","388","469","439","227"
"2019","1","A","골목상권","1000940","거마로20길","2973","1655","1318","10","290","473","734","898","568","5","122","250","364","509","405","5","168","223","370","389","163"
"2019","1","A","골목상권","1000939","학동로77길","11718","4826","6892","66","2729","3640","2309","1718","1256","10","613","1415","995","971","822","56","2116","2225","1314","747","434"
"2019","1","A","골목상권","1000938","학동로6길","11649","6488","5161","36","2507","3822","3002","1411","871","11","998","2245","1854","801","579","25","1509","1577","1148","610","292"
"2019","1","A","골목상권","1000937","학동로56길","18503","9480","9023","66","4188","5777","4373","2725","1374","33","1477","3030","2621","1460","859","33","2711","2747","1752","1265","515"
"2019","1","A","골목상권","1000936","학동로38길","25805","13356","12449","131","6650","7626","5141","2933","3324","45","2127","4050","3194","1649","2291","86","4523","3576","1947","1284","1033"
"2019","1","A","골목상권","1000935","테헤란로81길","60392","34808","25584","261","15250","22622","14207","5937","2115","102","5741","12923","10233","4349","1460","159","9509","9699","3974","1588","655"
"2019","1","A","골목상권","1000934","일원로9길","8787","2499","6288","6","2602","2900","1768","1028","483","3","423","821","567","409","276","3","2179","2079","1201","619","207"
"2019","1","A","골목상권","1000933","일원로3길","4254","2288","1966","7","461","739","994","1111","942","5","251","430","542","537","523","2","210","309","452","574","419"
"2019","1","A","골목상권","1000932","영동대로65길","15936","10123","5813","37","2915","5306","4305","2201","1172","14","1221","3510","3138","1471","769","23","1694","1796","1167","730","403"
"2019","1","A","골목상권","1000931","영동대로112길","43658","27507","16151","85","9324","12436","9367","7097","5349","36","4511","8103","6930","4600","3327","49","4813","4333","2437","2497","2022"
"2019","1","A","골목상권","1000930","언주로81길","81416","48334","33082","357","18510","26189","19681","12003","4676","129","8159","16741","13450","7067","2788","228","10351","9448","6231","4936","1888"
"2019","1","A","골목상권","1000929","압구정로2길","11938","5835","6103","71","3403","3791","2540","1283","850","31","1122","1985","1451","677","569","40","2281","1806","1089","606","281"
"2019","1","A","골목상권","1000928","선릉로18길","1202","634","568","14","157","261","295","306","169","10","71","131","166","155","101","4","86","130","129","151","68"
"2019","1","A","골목상권","1000927","선릉로146길","23244","9445","13799","138","8030","8381","3965","1679","1051","51","2300","3507","1920","962","705","87","5730","4874","2045","717","346"
"2019","1","A","골목상권","1000926","선릉로133길","27951","16034","11917","83","5114","8285","6834","4725","2910","17","1889","4668","4597","3045","1818","66","3225","3617","2237","1680","1092"
"2019","1","A","골목상권","1000925","선릉로132길","16985","8368","8617","54","3132","4848","4136","3090","1725","18","983","2353","2249","1677","1088","36","2149","2495","1887","1413","637"
"2019","1","A","골목상권","1000924","선릉로121길","22776","11582","11194","78","5221","7097","5409","3254","1717","35","1785","3655","3224","1778","1105","43","3436","3442","2185","1476","612"
"2019","1","A","골목상권","1000923","삼성로75길","38572","23780","14792","179","7316","13225","10633","5089","2130","31","3130","8173","7323","3627","1496","148","4186","5052","3310","1462","634"
"2019","1","A","골목상권","1000922","삼성로69길","9063","4532","4531","28","1830","2842","2241","1360","762","12","694","1580","1153","595","498","16","1136","1262","1088","765","264"
"2019","1","A","골목상권","1000921","삼성로64길","8587","4806","3781","25","1526","2583","2284","1432","737","9","579","1484","1429","801","504","16","947","1099","855","631","233"
"2019","1","A","골목상권","1000920","삼성로63길","5542","2373","3169","21","1070","1433","1437","1054","527","6","318","632","649","454","314","15","752","801","788","600","213"
"2019","1","A","골목상권","1000919","삼성로57길","3854","1573","2281","18","716","940","1030","765","385","5","208","409","423","308","220","13","508","531","607","457","165"
"2019","1","A","골목상권","1000918","삼성로147길","14746","5273","9473","77","4876","5414","2581","1133","665","12","1202","2009","1118","543","389","65","3674","3405","1463","590","276"
"2019","1","A","골목상권","1000917","삼성로115길","13806","7127","6679","48","2812","4796","3027","1927","1196","22","1019","2422","1747","1147","770","26","1793","2374","1280","780","426"
"2019","1","A","골목상권","1000916","봉은사로68길","22387","12802","9585","61","5309","8359","4980","2425","1253","19","2109","4943","3461","1445","825","42","3200","3416","1519","980","428"
"2019","1","A","골목상권","1000915","봉은사로57길","10918","5457","5461","45","2987","3692","2336","1160","698","22","1012","1848","1423","695","457","23","1975","1844","913","465","241"
"2019","1","A","골목상권","1000914","봉은사로43길","24556","12959","11597","132","6279","8079","5645","2791","1630","56","2248","4398","3500","1680","1077","76","4031","3681","2145","1111","553"
"2019","1","A","골목상권","1000913","봉은사로29길","27835","14018","13817","102","7187","8549","6260","3416","2321","46","2413","4501","3739","1788","1531","56","4774","4048","2521","1628","790"
"2019","1","A","골목상권","1000912","봉은사로109길","20438","13550","6888","52","5053","5804","3878","3152","2499","20","2708","4031","2790","2064","1937","32","2345","1773","1088","1088","562"
"2019","1","A","골목상권","1000911","도산대로89길","11741","5193","6548","90","3609","3925","2267","1304","546","22","1070","1759","1224","747","371","68","2539","2166","1043","557","175"
"2019","1","A","골목상권","1000910","도산대로81길","17678","6291","11387","143","6588","6306","2809","1203","629","30","1733","2334","1232","561","401","113","4855","3972","1577","642","228"
"2019","1","A","골목상권","1000909","도산대로50길","33401","18077","15324","129","8480","11234","7229","3853","2476","57","2867","5982","4817","2764","1590","72","5613","5252","2412","1089","886"
"2019","1","A","골목상권","1000908","도산대로38길","31171","16466","14705","97","7630","10505","7424","3733","1782","23","2458","5730","4579","2417","1259","74","5172","4775","2845","1316","523"
"2019","1","A","골목상권","1000907","도산대로30길","26638","13148","13490","114","7476","8555","6086","2862","1545","37","2318","4343","3602","1750","1098","77","5158","4212","2484","1112","447"
"2019","1","A","골목상권","1000906","도산대로23길","18642","8942","9700","136","6056","5815","3627","1800","1208","48","1934","2896","2189","1036","839","88","4122","2919","1438","764","369"
"2019","1","A","골목상권","1000905","도산대로15길","15871","7769","8102","115","5398","4977","2958","1410","1013","48","1802","2540","1831","833","715","67","3596","2437","1127","577","298"
"2019","1","A","골목상권","1000904","도곡로37길","24575","12021","12554","143","6142","7075","5455","3595","2165","47","2188","3623","3015","1808","1340","96","3954","3452","2440","1787","825"
"2019","1","A","골목상권","1000903","논현로8길","6711","3919","2792","14","893","1603","1711","1382","1108","8","447","990","995","764","715","6","446","613","716","618","393"
"2019","1","A","골목상권","1000902","논현로63길","20787","11792","8995","64","4199","6330","5061","2932","2201","18","1504","3407","3398","1923","1542","46","2695","2923","1663","1009","659"
"2019","1","A","골목상권","1000901","논현로28길","31357","13438","17919","165","5637","7106","8814","5687","3948","79","2665","4020","2810","1757","2107","86","2972","3086","6004","3930","1841"
"2019","1","A","골목상권","1000900","논현로26길","40485","18837","21648","207","6903","9964","11621","7934","3856","88","3168","5859","4608","2963","2151","119","3735","4105","7013","4971","1705"
"2019","1","A","골목상권","1000899","논현로159길","17546","7679","9867","1194","7386","3961","2494","1590","921","455","3022","1873","1191","619","519","739","4364","2088","1303","971","402"
"2019","1","A","골목상권","1000898","논현로139길","32163","16232","15931","151","9697","10667","6789","2991","1868","55","3166","5661","4226","1806","1318","96","6531","5006","2563","1185","550"
"2019","1","A","골목상권","1000897","논현로123길","9297","5343","3954","27","2041","2873","2268","1184","904","9","804","1688","1508","706","628","18","1237","1185","760","478","276"
"2019","1","A","골목상권","1000896","논현로115길","25530","13893","11637","112","6680","7357","5598","3537","2246","42","2533","4130","3673","2004","1511","70","4147","3227","1925","1533","735"
"2019","1","A","골목상권","1000895","논현로10길","10346","5713","4633","27","1333","2368","2786","2316","1516","18","535","1399","1553","1195","1013","9","798","969","1233","1121","503"
"2019","1","A","골목상권","1000894","논현로106길","27586","15747","11839","98","6096","7493","6097","4340","3462","44","2492","4464","4254","2452","2041","54","3604","3029","1843","1888","1421"
"2019","1","A","골목상권","1000893","남부순환로365길","15492","8151","7341","82","3675","4066","3198","2196","2275","22","1392","2415","1842","1124","1356","60","2283","1651","1356","1072","919"
"2019","1","A","골목상권","1000892","개포로82길","1055","434","621","1","102","205","252","294","201","0","31","67","96","121","119","1","71","138","156","173","82"
"2019","1","A","골목상권","1000891","개포로28길","6377","3646","2731","12","752","1388","1741","1454","1030","4","310","813","969","790","760","8","442","575","772","664","270"
"2019","1","A","골목상권","1000890","개포로20길","23049","12909","10140","68","3226","5873","6207","5077","2598","27","1431","3645","3554","2534","1718","41","1795","2228","2653","2543","880"
"2019","1","A","골목상권","1000889","개포로17길","24838","13714","11124","68","3626","6394","5982","5104","3664","26","1652","4104","3467","2495","1970","42","1974","2290","2515","2609","1694"
"2019","1","A","골목상권","1000888","강남대로140길","26152","12762","13390","78","6676","8521","5854","3208","1815","16","1986","4434","3486","1686","1154","62","4690","4087","2368","1522","661"
"2019","1","A","골목상권","1000887","강남대로136길","29345","15965","13380","91","6984","10060","7143","3283","1784","24","2489","5799","4550","1961","1142","67","4495","4261","2593","1322","642"
"2019","1","A","골목상권","1000886","강남대로118길","9000","5113","3887","41","2209","2531","2036","1253","930","13","912","1489","1385","737","577","28","1297","1042","651","516","353"
"2019","1","A","골목상권","1000885","서초중앙로8길","22771","13603","9168","80","4621","6771","5697","3433","2169","29","1847","4051","3926","2180","1570","51","2774","2720","1771","1253","599"
"2019","1","A","골목상권","1000884","방배중앙로21길","5186","2757","2429","14","658","1110","1243","1225","936","9","265","670","714","576","523","5","393","440","529","649","413"
"2019","1","A","골목상권","1000883","효령로72길","14096","9233","4863","23","2578","4004","3430","2176","1885","8","1300","2639","2470","1488","1328","15","1278","1365","960","688","557"
"2019","1","A","골목상권","1000882","효령로34길","7160","4263","2897","60","1392","1977","1630","1140","961","9","527","1221","1144","659","703","51","865","756","486","481","258"
"2019","1","A","골목상권","1000881","효령로31길","11706","5924","5782","36","2312","3148","2970","1989","1251","15","827","1632","1595","1016","839","21","1485","1516","1375","973","412"
"2019","1","A","골목상권","1000880","효령로23길","10325","5508","4817","23","1882","2616","2571","1826","1407","9","704","1408","1413","969","1005","14","1178","1208","1158","857","402"
"2019","1","A","골목상권","1000879","청두곶길","11331","5072","6259","38","1628","2287","2405","2962","2011","18","593","1232","1280","1056","893","20","1035","1055","1125","1906","1118"
"2019","1","A","골목상권","1000878","주흥길","11516","7619","3897","37","2427","4363","2607","1277","805","10","1208","3065","2027","828","481","27","1219","1298","580","449","324"
"2019","1","A","골목상권","1000877","주흥15길","10761","5844","4917","41","2254","3521","2512","1287","1146","11","776","1963","1565","777","752","30","1478","1558","947","510","394"
"2019","1","A","골목상권","1000876","언남길","24278","14400","9878","84","3569","6364","6455","5055","2751","27","1741","4176","4029","2714","1713","57","1828","2188","2426","2341","1038"
"2019","1","A","골목상권","1000875","신반포로45길","19109","11939","7170","51","3635","6073","4937","2638","1775","12","1452","3873","3602","1807","1193","39","2183","2200","1335","831","582"
"2019","1","A","골목상권","1000874","서초대로8길","4549","2740","1809","10","687","1071","1225","853","703","9","299","634","755","544","499","1","388","437","470","309","204"
"2019","1","A","골목상권","1000873","서초대로64길","13808","7681","6127","20","2715","4248","3778","2094","953","8","1344","2438","1972","1265","654","12","1371","1810","1806","829","299"
"2019","1","A","골목상권","1000872","서초대로4길","8265","4724","3541","18","1427","2086","2035","1551","1148","9","614","1192","1249","947","713","9","813","894","786","604","435"
"2019","1","A","골목상권","1000871","서초대로25길","15329","8158","7171","45","2668","4217","3975","2777","1647","19","1064","2415","2108","1412","1140","26","1604","1802","1867","1365","507"
"2019","1","A","골목상권","1000870","서초대로23길","12434","7004","5430","41","2007","3287","3290","2355","1454","19","830","2036","1908","1197","1014","22","1177","1251","1382","1158","440"
"2019","1","A","골목상권","1000869","서초대로15길","11529","6214","5315","39","1839","2731","3023","2290","1607","21","760","1522","1618","1156","1137","18","1079","1209","1405","1134","470"
"2019","1","A","골목상권","1000868","사평대로57길","14242","7844","6398","55","3188","5091","3250","1647","1011","13","1246","3008","2070","931","576","42","1942","2083","1180","716","435"
"2019","1","A","골목상권","1000867","사평대로26길","5882","3233","2649","50","1260","1921","1496","766","389","17","512","1053","927","497","227","33","748","868","569","269","162"
"2019","1","A","골목상권","1000866","사평대로22길","5448","3213","2235","53","1175","1528","1355","859","478","17","531","955","863","571","276","36","644","573","492","288","202"
"2019","1","A","골목상권","1000865","사임당로17길","18595","9499","9096","65","3723","5762","4702","2679","1664","17","1206","2867","2634","1611","1164","48","2517","2895","2068","1068","500"
"2019","1","A","골목상권","1000864","방배로42길","4598","2920","1678","11","682","1337","1072","749","747","5","263","877","707","502","566","6","419","460","365","247","181"
"2019","1","A","골목상권","1000863","방배로35길","7297","4428","2869","24","1128","2023","1819","1261","1042","11","433","1250","1187","812","735","13","695","773","632","449","307"
"2019","1","A","골목상권","1000862","방배로18길","11128","5440","5688","30","2121","3016","2861","1929","1171","11","752","1534","1464","929","750","19","1369","1482","1397","1000","421"
"2019","1","A","골목상권","1000861","반포대로9길","8083","4968","3115","18","1469","2481","2052","1157","906","7","590","1553","1465","789","564","11","879","928","587","368","342"
"2019","1","A","골목상권","1000860","바우뫼로39길","27002","15953","11049","80","4492","6972","5872","4968","4618","45","2253","4448","3680","2800","2727","35","2239","2524","2192","2168","1891"
"2019","1","A","골목상권","1000859","마방로2길","15944","9511","6433","344","3753","3790","3353","2741","1963","139","1853","2332","2196","1616","1375","205","1900","1458","1157","1125","588"
"2019","1","A","골목상권","1000858","방배천로4안길","6538","3834","2704","17","1014","1648","1662","1305","892","10","508","1001","1060","727","528","7","506","647","602","578","364"
"2019","1","A","골목상권","1000857","동산로19길","25883","14557","11326","84","3586","6486","6928","5677","3122","38","1667","4123","4066","2815","1848","46","1919","2363","2862","2862","1274"
"2019","1","A","골목상권","1000856","동산로10길","9999","6302","3697","21","1376","2566","2567","2157","1312","6","657","1672","1737","1377","853","15","719","894","830","780","459"
"2019","1","A","골목상권","1000855","동광로39길","6928","3631","3297","51","1510","2244","1711","970","442","17","578","1162","1015","603","256","34","932","1082","696","367","186"
"2019","1","A","골목상권","1000854","동광로1길","6787","3720","3067","26","1081","1587","1539","1310","1244","17","512","1020","932","603","636","9","569","567","607","707","608"
"2019","1","A","골목상권","1000853","동광로12길","9370","5513","3857","36","1575","2276","2314","1677","1492","18","668","1300","1425","1051","1051","18","907","976","889","626","441"
"2019","1","A","골목상권","1000852","논현로27길","32189","19800","12389","96","5287","9308","7584","6071","3843","35","2591","6195","5020","3553","2406","61","2696","3113","2564","2518","1437"
"2019","1","A","골목상권","1000851","논현로1길","12871","7855","5016","37","1614","3142","3340","2856","1882","21","771","2016","2164","1723","1160","16","843","1126","1176","1133","722"
"2019","1","A","골목상권","1000850","남부순환로339길","23689","12943","10746","140","5888","7013","5426","3735","1487","82","2783","4472","3236","1535","835","58","3105","2541","2190","2200","652"
"2019","1","A","골목상권","1000849","남부순환로325길","21170","13364","7806","68","3456","6190","5478","3380","2598","18","1518","3910","3903","2227","1788","50","1938","2280","1575","1153","810"
"2019","1","A","골목상권","1000848","남부순환로317길","14323","8680","5643","51","2481","4149","3532","2271","1839","16","1059","2526","2414","1441","1224","35","1422","1623","1118","830","615"
"2019","1","A","골목상권","1000847","고무래로8길","31663","12922","18741","45","7493","9658","7851","4729","1887","18","1443","3557","3910","2844","1150","27","6050","6101","3941","1885","737"
"2019","1","A","골목상권","1000846","강남대로8길","93247","83334","9913","36","8507","19175","26869","35681","2979","17","6597","16484","23829","33939","2468","19","1910","2691","3040","1742","511"
"2019","1","A","골목상권","1000845","강남대로34길","24660","13588","11072","123","4746","6249","5239","4275","4028","48","1927","3743","3178","2341","2351","75","2819","2506","2061","1934","1677"
"2019","1","A","골목상권","1000844","강남대로23길","15708","9580","6128","345","4167","4294","3374","2157","1371","146","2049","2726","2379","1398","882","199","2118","1568","995","759","489"
"2019","1","A","골목상권","1000843","소담길","1194","611","583","2","122","252","337","278","203","0","50","118","152","150","141","2","72","134","185","128","62"
"2019","1","A","골목상권","1000842","원신길","690","280","410","1","76","162","161","167","123","0","8","51","68","66","87","1","68","111","93","101","36"
"2019","1","A","골목상권","1000841","양지길","1522","796","726","1","139","248","349","409","376","1","50","120","180","197","248","0","89","128","169","212","128"
"2019","1","A","골목상권","1000840","양산길","1570","821","749","5","159","208","368","446","384","4","72","109","190","210","236","1","87","99","178","236","148"
"2019","1","A","골목상권","1000839","호암로24길","3062","1826","1236","10","336","542","787","837","550","6","148","311","466","522","373","4","188","231","321","315","177"
"2019","1","A","골목상권","1000838","호암로20길","1601","732","869","8","212","350","397","377","257","3","82","181","196","139","131","5","130","169","201","238","126"
"2019","1","A","골목상권","1000837","행운길","4922","2601","2321","22","861","1170","1063","970","836","10","355","654","568","437","577","12","506","516","495","533","259"
"2019","1","A","골목상권","1000836","행운1길","4694","2260","2434","22","831","1019","1086","910","826","5","317","517","541","419","461","17","514","502","545","491","365"
"2019","1","A","골목상권","1000835","청림3길","2059","920","1139","5","295","437","520","445","357","1","102","214","230","182","191","4","193","223","290","263","166"
"2019","1","A","골목상권","1000834","청룡길","3781","1995","1786","7","561","755","925","760","773","0","217","386","507","390","495","7","344","369","418","370","278"
"2019","1","A","골목상권","1000833","청룡8길","2877","1259","1618","3","390","587","725","661","511","1","127","290","329","266","246","2","263","297","396","395","265"
"2019","1","A","골목상권","1000832","중앙길","3162","1311","1851","19","536","683","737","653","534","5","154","286","332","294","240","14","382","397","405","359","294"
"2019","1","A","골목상권","1000831","조원중앙로2길","5344","3599","1745","7","502","903","996","1152","1784","2","227","572","577","678","1543","5","275","331","419","474","241"
"2019","1","A","골목상권","1000830","조원로18길","4695","3245","1450","2","405","781","825","896","1786","0","178","485","479","561","1542","2","227","296","346","335","244"
"2019","1","A","골목상권","1000829","조원로10길","18509","10521","7988","69","4178","5884","4419","2435","1524","39","1687","3652","2707","1382","1054","30","2491","2232","1712","1053","470"
"2019","1","A","골목상권","1000828","장군봉2길","2860","1369","1491","2","380","553","647","725","553","2","120","252","296","354","345","0","260","301","351","371","208"
"2019","1","A","골목상권","1000827","장군봉1길","3030","1349","1681","2","399","634","764","710","521","1","136","312","350","299","251","1","263","322","414","411","270"
"2019","1","A","골목상권","1000826","인헌길","1207","500","707","6","153","267","330","299","152","2","36","127","126","122","87","4","117","140","204","177","65"
"2019","1","A","골목상권","1000825","은천로25길","1116","373","743","5","156","238","310","252","155","2","40","87","88","86","70","3","116","151","222","166","85"
"2019","1","A","골목상권","1000824","양녕로6길","3868","1763","2105","18","626","858","956","745","665","3","186","384","492","353","345","15","440","474","464","392","320"
"2019","1","A","골목상권","1000823","신원로3길","2954","1312","1642","15","475","499","603","665","697","7","204","241","280","246","334","8","271","258","323","419","363"
"2019","1","A","골목상권","1000822","신사로20길","934","447","487","0","105","197","233","252","147","0","29","96","108","112","102","0","76","101","125","140","45"
"2019","1","A","골목상권","1000821","신림로65길","4095","1859","2236","30","818","740","839","857","811","12","316","387","423","325","396","18","502","353","416","532","415"
"2019","1","A","골목상권","1000820","신림로64길","4095","1681","2414","24","1035","932","824","777","503","10","327","401","381","293","269","14","708","531","443","484","234"
"2019","1","A","골목상권","1000819","신림로48길","928","456","472","0","116","173","191","226","222","0","40","86","85","89","156","0","76","87","106","137","66"
"2019","1","A","골목상권","1000818","신림로38길","1209","634","575","3","101","189","298","351","267","2","39","98","152","172","171","1","62","91","146","179","96"
"2019","1","A","골목상권","1000817","신림로28길","3099","1821","1278","11","302","487","789","899","611","6","139","286","463","533","394","5","163","201","326","366","217"
"2019","1","A","골목상권","1000816","신림로11길","2006","1181","825","10","238","399","503","575","281","4","106","213","286","374","198","6","132","186","217","201","83"
"2019","1","A","골목상권","1000815","신림동길","3698","1829","1869","24","704","762","827","743","638","12","302","395","416","338","366","12","402","367","411","405","272"
"2019","1","A","골목상권","1000814","승방길","4496","2575","1921","33","953","1075","1066","895","474","22","434","619","670","513","317","11","519","456","396","382","157"
"2019","1","A","골목상권","1000813","서림7길","1772","1076","696","8","200","329","468","527","240","4","89","190","272","357","164","4","111","139","196","170","76"
"2019","1","A","골목상권","1000812","봉천로33길","4418","1834","2584","2","616","878","1047","1053","822","1","154","394","460","408","417","1","462","484","587","645","405"
"2019","1","A","골목상권","1000811","봉천로13길","5588","2459","3129","18","818","1553","1830","968","401","7","290","590","756","555","261","11","528","963","1074","413","140"
"2019","1","A","골목상권","1000810","복은길","1393","746","647","3","113","241","345","382","309","2","55","127","175","191","196","1","58","114","170","191","113"
"2019","1","A","골목상권","1000809","법원단지길","1143","416","727","7","178","237","290","260","171","3","43","96","117","87","70","4","135","141","173","173","101"
"2019","1","A","골목상권","1000808","법원단지9길","854","324","530","6","135","181","215","211","106","2","33","68","89","90","42","4","102","113","126","121","64"
"2019","1","A","골목상권","1000807","미성5길","1998","830","1168","9","255","380","501","489","364","3","76","151","220","199","181","6","179","229","281","290","183"
"2019","1","A","골목상권","1000806","대학길","1794","1148","646","10","240","356","453","491","244","5","117","223","295","343","165","5","123","133","158","148","79"
"2019","1","A","골목상권","1000805","대학14길","610","308","302","1","82","159","138","130","100","1","30","86","56","65","70","0","52","73","82","65","30"
"2019","1","A","골목상권","1000804","당곡길","9937","4585","5352","35","1725","3125","2887","1556","609","12","552","1355","1333","937","396","23","1173","1770","1554","619","213"
"2019","1","A","골목상권","1000803","남현길","2900","1513","1387","0","595","673","659","614","359","0","233","367","381","300","232","0","362","306","278","314","127"
"2019","1","A","골목상권","1000802","남현3길","5958","3352","2606","36","1170","1398","1434","1258","662","24","559","824","852","662","431","12","611","574","582","596","231"
"2019","1","A","골목상권","1000801","남현2길","3754","1873","1881","3","831","888","847","733","452","1","280","432","487","368","305","2","551","456","360","365","147"
"2019","1","A","골목상권","1000800","남부순환로248길","2021","913","1108","13","302","532","531","404","239","6","83","271","228","180","145","7","219","261","303","224","94"
"2019","1","A","골목상권","1000799","남부순환로234길","3661","2173","1488","14","594","691","733","839","790","6","266","405","423","463","610","8","328","286","310","376","180"
"2019","1","A","골목상권","1000798","남부순환로172길","2780","1365","1415","7","316","503","629","732","593","1","118","251","301","358","336","6","198","252","328","374","257"
"2019","1","A","골목상권","1000797","남부순환로161길","2866","1432","1434","5","305","516","676","768","596","0","105","254","333","367","373","5","200","262","343","401","223"
"2019","1","A","골목상권","1000796","남부순환로151길","3442","1746","1696","7","402","679","797","883","674","0","130","378","396","430","412","7","272","301","401","453","262"
"2019","1","A","골목상권","1000795","남부순환로142길","4647","3160","1487","4","385","750","812","927","1769","1","168","439","457","562","1533","3","217","311","355","365","236"
"2019","1","A","골목상권","1000794","난향길","1128","471","657","0","87","174","264","287","316","0","12","51","94","98","216","0","75","123","170","189","100"
"2019","1","A","골목상권","1000793","난우길","1830","796","1034","7","239","369","454","457","304","2","65","156","215","208","150","5","174","213","239","249","154"
"2019","1","A","골목상권","1000792","난곡로74길","2722","1873","849","7","434","760","723","513","285","6","294","584","508","296","185","1","140","176","215","217","100"
"2019","1","A","골목상권","1000791","난곡로34길","1172","463","709","5","177","249","310","287","144","1","45","100","130","123","64","4","132","149","180","164","80"
"2019","1","A","골목상권","1000790","난곡로26길","1038","406","632","1","146","238","267","261","125","0","38","79","114","114","61","1","108","159","153","147","64"
"2019","1","A","골목상권","1000789","난곡로24길","987","435","552","4","95","222","277","288","101","2","27","75","126","143","62","2","68","147","151","145","39"
"2019","1","A","골목상권","1000788","낙성대역길","5000","2827","2173","25","779","1167","1090","1016","923","11","297","667","601","562","689","14","482","500","489","454","234"
"2019","1","A","골목상권","1000787","국회단지길","1927","867","1060","2","262","359","454","504","346","1","59","164","199","217","227","1","203","195","255","287","119"
"2019","1","A","골목상권","1000786","구암길","1191","449","742","3","160","239","326","295","168","1","53","89","97","111","98","2","107","150","229","184","70"
"2019","1","A","골목상권","1000785","관천로22길","11990","6413","5577","39","2023","3543","3435","2054","896","15","770","1715","1883","1400","630","24","1253","1828","1552","654","266"
"2019","1","A","골목상권","1000784","관천로15길","3516","2497","1019","4","445","735","938","888","506","3","261","507","724","626","376","1","184","228","214","262","130"
"2019","1","A","골목상권","1000783","관악로30길","2460","1075","1385","8","378","498","601","515","460","3","130","237","269","216","220","5","248","261","332","299","240"
"2019","1","A","골목상권","1000782","관악로28길","1959","846","1113","7","305","380","448","421","398","3","106","166","192","184","195","4","199","214","256","237","203"
"2019","1","A","골목상권","1000781","관악로14길","8102","4145","3957","39","1321","1793","1858","1760","1331","10","527","882","943","949","834","29","794","911","915","811","497"
"2019","1","A","골목상권","1000780","관악로10길","7339","4188","3151","28","1103","1781","1663","1767","997","9","535","1028","936","1053","627","19","568","753","727","714","370"
"2019","1","A","골목상권","1000779","흑석로9길","5224","2326","2898","6","1101","1445","1228","1021","423","3","279","539","625","596","284","3","822","906","603","425","139"
"2019","1","A","골목상권","1000778","흑석로13길","5343","2366","2977","6","1098","1459","1272","1061","447","3","273","535","636","622","297","3","825","924","636","439","150"
"2019","1","A","골목상권","1000777","장승배기로27길","8201","4705","3496","26","1037","2503","2099","1678","858","9","464","1358","1265","1037","572","17","573","1145","834","641","286"
"2019","1","A","골목상권","1000776","장승배기로19길","2937","1442","1495","1","426","588","693","776","453","0","227","285","332","374","224","1","199","303","361","402","229"
"2019","1","A","골목상권","1000775","장승배기로10길","3313","1614","1699","4","495","666","809","827","512","1","265","327","377","389","255","3","230","339","432","438","257"
"2019","1","A","골목상권","1000774","여의대방로46길","6852","3846","3006","24","1145","2055","1740","1208","680","7","498","1256","1045","637","403","17","647","799","695","571","277"
"2019","1","A","골목상권","1000773","여의대방로24길","11134","5687","5447","88","1516","2622","2871","2554","1483","17","675","1476","1382","1297","840","71","841","1146","1489","1257","643"
"2019","1","A","골목상권","1000772","여의대방로22카길","8659","4341","4318","19","1434","2792","2250","1425","739","3","410","1401","1322","808","397","16","1024","1391","928","617","342"
"2019","1","A","골목상권","1000771","여의대방로22나길","8048","4140","3908","48","1054","1936","2125","1857","1028","16","526","1103","998","919","578","32","528","833","1127","938","450"
"2019","1","A","골목상권","1000770","여의대방로22길","4322","2129","2193","14","502","802","975","1044","985","7","192","420","488","486","536","7","310","382","487","558","449"
"2019","1","A","골목상권","1000769","양녕로26길","984","430","554","0","125","203","264","266","126","0","42","84","112","115","77","0","83","119","152","151","49"
"2019","1","A","골목상권","1000768","신대방길","4775","2481","2294","8","1122","1217","1128","816","484","7","394","694","636","447","303","1","728","523","492","369","181"
"2019","1","A","골목상권","1000767","성대로29길","2336","905","1431","15","299","448","602","585","387","6","111","179","242","204","163","9","188","269","360","381","224"
"2019","1","A","골목상권","1000766","성대로1길","2198","827","1371","16","312","435","549","521","365","6","104","181","213","173","150","10","208","254","336","348","215"
"2019","1","A","골목상권","1000765","서달로8가길","5225","2325","2900","6","1087","1438","1251","1017","426","3","276","528","636","598","284","3","811","910","615","419","142"
"2019","1","A","골목상권","1000764","서달로15길","2985","937","2048","5","794","868","643","457","218","3","175","249","224","185","101","2","619","619","419","272","117"
"2019","1","A","골목상권","1000763","서달로14길","2905","909","1996","2","748","848","639","454","214","1","157","237","220","181","113","1","591","611","419","273","101"
"2019","1","A","골목상권","1000762","서달로10길","2767","914","1853","3","735","803","580","438","208","1","153","228","205","208","119","2","582","575","375","230","89"
"2019","1","A","골목상권","1000761","상도로62길","3077","1585","1492","14","382","737","821","705","418","5","153","345","410","408","264","9","229","392","411","297","154"
"2019","1","A","골목상권","1000760","상도로61길","2666","1309","1357","10","358","644","708","625","321","4","129","277","324","350","225","6","229","367","384","275","96"
"2019","1","A","골목상권","1000759","상도로47길","4437","2423","2014","6","712","1037","1138","982","562","2","283","506","657","621","354","4","429","531","481","361","208"
"2019","1","A","골목상권","1000758","상도로37길","1753","852","901","6","339","381","439","349","239","2","150","179","216","179","126","4","189","202","223","170","113"
"2019","1","A","골목상권","1000757","상도로15길","3144","1245","1899","15","458","593","743","757","578","6","171","274","286","270","238","9","287","319","457","487","340"
"2019","1","A","골목상권","1000756","사당로8길","2137","1059","1078","4","247","414","467","454","551","2","97","184","220","204","352","2","150","230","247","250","199"
"2019","1","A","골목상권","1000755","사당로30길","5738","3375","2363","11","913","1487","1554","1114","659","6","408","894","1007","670","390","5","505","593","547","444","269"
"2019","1","A","골목상권","1000754","사당로2차길","1432","692","740","4","197","303","361","377","190","2","71","121","168","195","135","2","126","182","193","182","55"
"2019","1","A","골목상권","1000753","사당로29길","4611","2180","2431","25","643","936","1111","1008","888","12","215","468","544","441","500","13","428","468","567","567","388"
"2019","1","A","골목상권","1000750","사당로23길","872","377","495","3","74","162","218","239","176","1","28","65","72","103","108","2","46","97","146","136","68"
"2019","1","A","골목상권","1000752","사당로26길","3337","1786","1551","6","466","781","925","715","444","1","179","434","522","368","282","5","287","347","403","347","162"
"2019","1","A","골목상권","1000751","사당로23나길","1543","670","873","3","95","244","329","410","462","1","41","107","135","157","229","2","54","137","194","253","233"
"2019","1","A","골목상권","1000749","사당로20길","2778","1429","1349","1","315","525","709","591","637","1","120","259","367","298","384","0","195","266","342","293","253"
"2019","1","A","골목상권","1000748","사당로16길","2527","1311","1216","1","213","388","502","508","915","0","80","180","236","242","573","1","133","208","266","266","342"
"2019","1","A","골목상권","1000747","사당로16가길","2629","1295","1334","3","244","427","544","550","861","1","93","177","244","249","531","2","151","250","300","301","330"
"2019","1","A","골목상권","1000746","만양로8길","1965","846","1119","15","283","393","464","471","339","7","113","201","204","173","148","8","170","192","260","298","191"
"2019","1","A","골목상권","1000745","만양로14길","2545","1474","1071","17","358","601","604","639","326","7","168","374","379","381","165","10","190","227","225","258","161"
"2019","1","A","골목상권","1000744","등용로14길","7920","4565","3355","26","980","2341","2053","1673","847","10","455","1265","1228","1039","568","16","525","1076","825","634","279"
"2019","1","A","골목상권","1000743","동작대로7길","6622","3687","2935","18","1152","1546","1651","1452","803","8","491","907","999","781","501","10","661","639","652","671","302"
"2019","1","A","골목상권","1000742","동작대로35길","3055","1457","1598","9","317","625","795","875","434","6","120","362","390","347","232","3","197","263","405","528","202"
"2019","1","A","골목상권","1000741","동작대로33길","4384","1729","2655","24","771","912","1012","1077","588","14","247","419","422","369","258","10","524","493","590","708","330"
"2019","1","A","골목상권","1000740","동작대로29길","1969","900","1069","19","280","401","485","484","300","11","97","188","224","217","163","8","183","213","261","267","137"
"2019","1","A","골목상권","1000739","동작대로17길","6906","3711","3195","13","1030","1669","1814","1337","1043","4","416","917","1043","717","614","9","614","752","771","620","429"
"2019","1","A","골목상권","1000738","대방동2길","3084","1436","1648","20","407","715","780","728","434","7","162","354","372","317","224","13","245","361","408","411","210"
"2019","1","A","골목상권","1000737","대방동27길","4436","2349","2087","46","563","1002","1066","1139","620","7","209","552","566","612","403","39","354","450","500","527","217"
"2019","1","A","골목상권","1000736","노량진로6길","6775","3779","2996","14","850","2148","1757","1400","606","5","395","1125","1002","862","390","9","455","1023","755","538","216"
"2019","1","A","골목상권","1000735","국사봉길","1406","530","876","11","193","299","353","365","185","4","69","117","141","116","83","7","124","182","212","249","102"
"2019","1","A","골목상권","1000734","국사봉2길","2320","1020","1300","14","317","477","573","559","380","5","113","226","270","224","182","9","204","251","303","335","198"
"2019","1","A","골목상권","1000733","국사봉1길","2681","1073","1608","17","371","523","649","661","460","5","123","226","291","230","198","12","248","297","358","431","262"
"2019","1","A","골목상권","1000732","영신로9길","2781","1404","1377","15","308","420","535","802","701","6","130","240","296","353","379","9","178","180","239","449","322"
"2019","1","A","골목상권","1000731","영등포로84길","3856","2022","1834","12","609","812","811","898","714","4","202","407","455","488","466","8","407","405","356","410","248"
"2019","1","A","골목상권","1000730","영등포로80길","4030","1961","2069","14","621","796","909","940","750","7","173","351","477","472","481","7","448","445","432","468","269"
"2019","1","A","골목상권","1000729","영등포로62길","2870","1399","1471","28","500","584","571","624","563","16","226","310","261","260","326","12","274","274","310","364","237"
"2019","1","A","골목상권","1000728","영등포로35길","7506","3614","3892","23","1108","1808","2012","1558","997","5","377","861","1010","768","593","18","731","947","1002","790","404"
"2019","1","A","골목상권","1000727","영등포로27길","8617","4214","4403","25","1179","1900","2113","1762","1638","6","443","975","1088","832","870","19","736","925","1025","930","768"
"2019","1","A","골목상권","1000726","영등포로25길","11000","5464","5536","26","1391","2468","2713","2463","1939","10","526","1172","1379","1304","1073","16","865","1296","1334","1159","866"
"2019","1","A","골목상권","1000725","여의대방로61길","3359","1704","1655","5","629","799","780","630","516","1","207","371","438","337","350","4","422","428","342","293","166"
"2019","1","A","골목상권","1000724","여의대방로43나길","3342","1876","1466","5","352","613","723","929","720","4","170","367","405","476","454","1","182","246","318","453","266"
"2019","1","A","골목상권","1000723","여의대방로39길","2791","1527","1264","38","433","627","678","690","325","4","163","371","394","378","217","34","270","256","284","312","108"
"2019","1","A","골목상권","1000722","여의대방로35길","4563","2645","1918","47","615","913","978","977","1033","10","245","537","560","588","705","37","370","376","418","389","328"
"2019","1","A","골목상권","1000721","양평로28길","14456","9236","5220","51","2430","4563","4441","2317","654","29","1187","2838","2993","1679","510","22","1243","1725","1448","638","144"
"2019","1","A","골목상권","1000720","양평로22라길","19202","12418","6784","62","3416","6488","5796","2716","724","23","1627","4320","4068","1862","518","39","1789","2168","1728","854","206"
"2019","1","A","골목상권","1000719","양평로19길","33984","18252","15732","131","6192","11498","10084","4467","1612","49","2748","6446","5293","2562","1154","82","3444","5052","4791","1905","458"
"2019","1","A","골목상권","1000718","신길로60길","2773","1300","1473","6","315","608","680","667","497","4","109","312","316","313","246","2","206","296","364","354","251"
"2019","1","A","골목상권","1000717","신길로42길","1593","783","810","1","234","354","400","363","241","1","114","183","198","158","129","0","120","171","202","205","112"
"2019","1","A","골목상권","1000716","신길로42가길","2267","968","1299","3","248","480","553","564","419","2","80","230","243","245","168","1","168","250","310","319","251"
"2019","1","A","골목상권","1000715","신길로39길","2369","1045","1324","2","237","530","584","605","411","1","76","234","272","254","208","1","161","296","312","351","203"
"2019","1","A","골목상권","1000714","신길로17길","1730","767","963","9","245","320","421","426","309","4","94","151","173","178","167","5","151","169","248","248","142"
"2019","1","A","골목상권","1000713","선유서로28길","13989","7829","6160","74","2747","3421","3406","2638","1703","34","1272","2132","1894","1307","1190","40","1475","1289","1512","1331","513"
"2019","1","A","골목상권","1000712","선유서로25길","8231","5170","3061","37","1181","2088","2054","1599","1272","21","621","1422","1251","907","948","16","560","666","803","692","324"
"2019","1","A","골목상권","1000711","선유서로24길","21865","12921","8944","88","4613","5563","5173","3687","2741","36","2329","3577","2942","2030","2007","52","2284","1986","2231","1657","734"
"2019","1","A","골목상권","1000710","선유로55길","30189","15693","14496","130","5492","10097","9239","3921","1310","52","2328","5441","4739","2215","918","78","3164","4656","4500","1706","392"
"2019","1","A","골목상권","1000709","디지털로74길","2528","932","1596","2","654","573","548","496","255","0","125","216","197","237","157","2","529","357","351","259","98"
"2019","1","A","골목상권","1000708","디지털로57길","2911","1494","1417","1","260","538","741","786","585","1","99","265","380","410","339","0","161","273","361","376","246"
"2019","1","A","골목상권","1000707","디지털로37길","2418","1261","1157","0","248","501","653","589","427","0","87","238","311","323","302","0","161","263","342","266","125"
"2019","1","A","골목상권","1000706","도신로62길","2799","1400","1399","9","281","488","610","761","650","6","89","237","319","370","379","3","192","251","291","391","271"
"2019","1","A","골목상권","1000705","도신로60길","1343","612","731","3","171","284","341","339","205","3","69","140","152","144","104","0","102","144","189","195","101"
"2019","1","A","골목상권","1000704","도신로29길","1208","523","685","2","132","252","316","286","220","1","26","101","149","114","132","1","106","151","167","172","88"
"2019","1","A","골목상권","1000703","도신로15길","5323","2158","3165","18","1000","1865","1119","762","559","9","237","528","556","450","378","9","763","1337","563","312","181"
"2019","1","A","골목상권","1000702","도림천로21길","14752","8688","6064","60","3572","4815","3397","1718","1190","36","1459","3128","2251","1043","771","24","2113","1687","1146","675","419"
"2019","1","A","골목상권","1000701","도림로63길","1802","959","843","10","241","353","456","446","296","5","126","202","244","219","163","5","115","151","212","227","133"
"2019","1","A","골목상권","1000700","도림로147길","9735","5971","3764","34","1825","2346","2352","2008","1170","10","884","1487","1506","1260","824","24","941","859","846","748","346"
"2019","1","A","골목상권","1000699","도림로112길","1619","788","831","4","178","352","436","385","264","2","42","150","235","190","169","2","136","202","201","195","95"
"2019","1","A","골목상권","1000698","대림로8길","3608","1358","2250","2","843","800","781","729","453","1","162","312","330","326","227","1","681","488","451","403","226"
"2019","1","A","골목상권","1000697","대림로7길","3029","1257","1772","4","393","631","873","653","475","1","87","266","329","310","264","3","306","365","544","343","211"
"2019","1","A","골목상권","1000696","대림로44길","4573","2911","1662","23","637","1210","1273","950","480","11","325","821","878","557","319","12","312","389","395","393","161"
"2019","1","A","골목상권","1000695","대림로34길","5805","3457","2348","28","821","1439","1603","1230","684","15","401","929","1005","672","435","13","420","510","598","558","249"
"2019","1","A","골목상권","1000694","대림로31길","14545","9584","4961","30","1972","3528","3480","3211","2324","17","1330","2690","2468","1787","1292","13","642","838","1012","1424","1032"
"2019","1","A","골목상권","1000693","대림로29길","4339","2213","2126","2","468","884","1198","1101","686","2","165","451","600","560","435","0","303","433","598","541","251"
"2019","1","A","골목상권","1000692","대림로22길","2540","1220","1320","9","277","504","669","639","442","5","87","239","317","315","257","4","190","265","352","324","185"
"2019","1","A","골목상권","1000691","당산로46길","11671","7186","4485","59","1487","2120","2558","2719","2728","24","781","1448","1621","1538","1774","35","706","672","937","1181","954"
"2019","1","A","골목상권","1000690","당산로38길","22555","11767","10788","138","5425","6516","5129","3322","2025","51","1968","3433","2702","2089","1524","87","3457","3083","2427","1233","501"
"2019","1","A","골목상권","1000689","당산로37길","34091","14986","19105","202","7430","10220","8744","4951","2544","81","2604","4414","3372","2689","1826","121","4826","5806","5372","2262","718"
"2019","1","A","골목상권","1000688","당산로31길","21931","11386","10545","107","3995","5327","4456","4531","3515","56","1569","2735","2412","2443","2171","51","2426","2592","2044","2088","1344"
"2019","1","A","골목상권","1000687","국회대로56길","11445","7706","3739","26","1400","2279","2397","2324","3019","18","620","1383","1602","1622","2461","8","780","896","795","702","558"
"2019","1","A","골목상권","1000686","경인로90길","19805","9848","9957","170","4167","5462","4931","3024","2051","61","1646","2782","2499","1562","1298","109","2521","2680","2432","1462","753"
"2019","1","A","골목상권","1000685","경인로80길","21754","10671","11083","119","4464","6326","5311","3319","2215","47","1651","2840","2753","1900","1480","72","2813","3486","2558","1419","735"
"2019","1","A","골목상권","1000684","경인로77길","24252","11856","12396","121","5085","6945","5876","3800","2425","47","1892","3152","3031","2112","1622","74","3193","3793","2845","1688","803"
"2019","1","A","골목상권","1000683","가마산로61길","1670","762","908","4","158","373","421","428","286","3","43","139","206","193","178","1","115","234","215","235","108"
"2019","1","A","골목상권","1000682","시흥대로94길","4127","2348","1779","11","437","757","992","1153","777","8","231","433","555","613","508","3","206","324","437","540","269"
"2019","1","A","골목상권","1000681","시흥대로84길","2704","1039","1665","2","229","392","575","628","878","2","103","198","238","207","291","0","126","194","337","421","587"
"2019","1","A","골목상권","1000680","시흥대로68길","5701","2428","3273","35","1197","1375","1077","943","1074","13","528","726","424","328","409","22","669","649","653","615","665"
"2019","1","A","골목상권","1000679","시흥대로63길","7583","3376","4207","41","1365","1927","1470","1455","1325","15","575","908","593","707","578","26","790","1019","877","748","747"
"2019","1","A","골목상권","1000678","시흥대로62가길","3187","948","2239","4","425","453","574","756","975","3","103","178","196","179","289","1","322","275","378","577","686"
"2019","1","A","골목상권","1000677","시흥대로36길","7697","4550","3147","5","666","1342","2385","2250","1049","1","335","822","1322","1281","789","4","331","520","1063","969","260"
"2019","1","A","골목상권","1000676","시흥대로22길","8190","5143","3047","7","649","1320","2497","2486","1231","0","355","845","1459","1518","966","7","294","475","1038","968","265"
"2019","1","A","골목상권","1000675","시흥대로153길","3354","1752","1602","5","436","653","818","899","543","3","227","377","417","429","299","2","209","276","401","470","244"
"2019","1","A","골목상권","1000674","시흥대로150길","3660","1914","1746","6","414","745","921","968","606","4","148","372","479","513","398","2","266","373","442","455","208"
"2019","1","A","골목상권","1000673","시흥대로141길","5546","3244","2302","8","755","1143","1274","1457","909","5","383","712","724","811","609","3","372","431","550","646","300"
"2019","1","A","골목상권","1000672","시흥대로138길","3589","1923","1666","13","500","742","893","932","509","6","232","379","481","486","339","7","268","363","412","446","170"
"2019","1","A","골목상권","1000671","시흥대로120길","4216","2269","1947","26","546","802","1066","1099","677","10","246","440","563","565","445","16","300","362","503","534","232"
"2019","1","A","골목상권","1000670","벚꽃로56길","73061","45471","27590","366","17322","23192","17466","9259","5456","186","8056","15201","12272","5976","3780","180","9266","7991","5194","3283","1676"
"2019","1","A","골목상권","1000669","범안로17길","11239","7660","3579","43","1392","2685","2890","2774","1455","20","845","1918","1955","1811","1111","23","547","767","935","963","344"
"2019","1","A","골목상권","1000668","범안로11길","34744","23080","11664","173","5771","9567","9071","6507","3655","98","3177","6726","6250","4211","2618","75","2594","2841","2821","2296","1037"
"2019","1","A","골목상권","1000667","문성로5길","4161","2650","1511","3","300","628","743","843","1644","2","109","300","374","414","1451","1","191","328","369","429","193"
"2019","1","A","골목상권","1000666","독산로85길","1509","703","806","4","185","272","395","428","225","2","79","142","166","187","127","2","106","130","229","241","98"
"2019","1","A","골목상권","1000665","독산로78다길","1200","445","755","2","131","204","336","340","187","1","39","73","103","121","108","1","92","131","233","219","79"
"2019","1","A","골목상권","1000664","독산로70길","1657","672","985","2","170","244","443","478","320","0","52","100","150","175","195","2","118","144","293","303","125"
"2019","1","A","골목상권","1000663","독산로64길","1453","523","930","2","141","227","386","430","267","1","31","69","115","159","148","1","110","158","271","271","119"
"2019","1","A","골목상권","1000662","독산로50길","499","164","335","0","33","109","146","156","55","0","9","39","34","50","32","0","24","70","112","106","23"
"2019","1","A","골목상권","1000661","독산로40길","1008","368","640","0","95","197","287","307","122","0","30","74","89","106","69","0","65","123","198","201","53"
"2019","1","A","골목상권","1000660","독산로108길","5093","3346","1747","3","430","921","975","1080","1684","2","202","522","549","599","1472","1","228","399","426","481","212"
"2019","1","A","골목상권","1000659","남부순환로112길","5498","3316","2182","20","890","1342","1374","1102","770","12","449","828","890","626","511","8","441","514","484","476","259"
"2019","1","A","골목상권","1000658","금하로24길","2422","1212","1210","8","193","397","657","785","382","3","61","158","313","437","240","5","132","239","344","348","142"
"2019","1","A","골목상권","1000657","금하로1길","418","194","224","1","43","66","119","100","89","0","18","33","52","45","46","1","25","33","67","55","43"
"2019","1","A","골목상권","1000656","금하로14길","2701","1234","1467","8","366","517","692","709","409","5","141","257","338","293","200","3","225","260","354","416","209"
"2019","1","A","골목상권","1000655","가산로5길","18750","12558","6192","46","3608","5860","4832","3109","1295","25","2266","4094","3235","1940","998","21","1342","1766","1597","1169","297"
"2019","1","A","골목상권","1000654","가산로3길","43301","29212","14089","191","8314","12729","11168","7142","3757","108","4833","9104","7801","4658","2708","83","3481","3625","3367","2484","1049"
"2019","1","A","골목상권","1000653","중앙로1길","4511","2593","1918","11","535","836","1086","1134","909","5","230","467","601","601","689","6","305","369","485","533","220"
"2019","1","A","골목상권","1000652","중앙로15길","1374","661","713","3","146","252","343","361","269","0","65","126","140","172","158","3","81","126","203","189","111"
"2019","1","A","골목상권","1000651","우마길","8893","5338","3555","31","1665","2435","2206","1616","940","16","781","1564","1408","968","601","15","884","871","798","648","339"
"2019","1","A","골목상권","1000650","오류로8길","3182","1370","1812","12","337","516","770","897","650","7","108","215","287","342","411","5","229","301","483","555","239"
"2019","1","A","골목상권","1000649","신도림로13길","2789","1756","1033","7","280","539","670","760","533","7","156","308","404","499","382","0","124","231","266","261","151"
"2019","1","A","골목상권","1000648","새말로18길","7253","3334","3919","24","1403","2510","1638","1072","606","10","473","969","907","594","381","14","930","1541","731","478","225"
"2019","1","A","골목상권","1000647","부일로1길","2231","1584","647","7","257","464","472","601","430","7","140","298","308","440","391","0","117","166","164","161","39"
"2019","1","A","골목상권","1000646","부일로15길","1558","1058","500","1","141","267","395","407","347","0","72","154","266","290","276","1","69","113","129","117","71"
"2019","1","A","골목상권","1000645","부일로11길","1723","935","788","2","146","349","446","497","283","1","49","179","243","272","191","1","97","170","203","225","92"
"2019","1","A","골목상권","1000644","디지털로32길","44001","26720","17281","153","10019","15944","10652","4670","2563","86","4517","10506","6976","2819","1816","67","5502","5438","3676","1851","747"
"2019","1","A","골목상권","1000643","디지털로32가길","46190","28360","17830","155","10421","16521","11026","5086","2981","89","4757","10929","7382","3095","2108","66","5664","5592","3644","1991","873"
"2019","1","A","골목상권","1000642","디지털로27길","40121","24051","16070","263","8530","11676","9358","6598","3696","163","4173","7900","6355","3271","2189","100","4357","3776","3003","3327","1507"
"2019","1","A","골목상권","1000641","도림로6길","11464","6808","4656","38","2272","3287","2843","1899","1125","22","1041","2064","1810","1136","735","16","1231","1223","1033","763","390"
"2019","1","A","골목상권","1000640","도림로12길","11359","5384","5975","151","2094","2409","2409","2735","1561","101","1137","1555","1310","759","522","50","957","854","1099","1976","1039"
"2019","1","A","골목상권","1000639","남부순환로97길","2053","1021","1032","6","263","355","550","509","370","4","99","164","254","259","241","2","164","191","296","250","129"
"2019","1","A","골목상권","1000638","구로중앙로8길","3908","2177","1731","10","421","768","1050","1046","613","9","143","355","548","681","441","1","278","413","502","365","172"
"2019","1","A","골목상권","1000637","구로중앙로7길","2343","1233","1110","1","210","375","617","717","423","0","57","141","289","440","306","1","153","234","328","277","117"
"2019","1","A","골목상권","1000636","구로중앙로42길","10057","6601","3456","21","1001","2110","2677","2549","1699","17","551","1352","1684","1723","1274","4","450","758","993","826","425"
"2019","1","A","골목상권","1000635","구로중앙로34길","5179","2864","2315","23","731","1074","1285","1262","804","19","309","595","727","701","513","4","422","479","558","561","291"
"2019","1","A","골목상권","1000634","구로중앙로28길","15388","10099","5289","43","2210","3711","3643","3437","2344","29","1416","2733","2513","1990","1418","14","794","978","1130","1447","926"
"2019","1","A","골목상권","1000633","구로중앙로19길","8154","3667","4487","12","1512","2248","1780","1790","812","10","398","951","836","1033","439","2","1114","1297","944","757","373"
"2019","1","A","골목상권","1000632","구로동로8길","2198","878","1320","4","261","417","596","526","394","3","77","180","227","199","192","1","184","237","369","327","202"
"2019","1","A","골목상권","1000631","구로동로7길","19295","12940","6355","62","4352","6276","4802","2638","1165","36","2380","4322","3552","1803","847","26","1972","1954","1250","835","318"
"2019","1","A","골목상권","1000630","구로동로42길","4859","2309","2550","22","604","1052","1108","1244","829","20","250","450","485","667","437","2","354","602","623","577","392"
"2019","1","A","골목상권","1000629","구로동로41길","3852","1157","2695","1","1062","1111","711","634","333","0","199","355","260","191","152","1","863","756","451","443","181"
"2019","1","A","골목상권","1000628","구로동로38길","7125","3097","4028","4","1383","2013","1467","1562","696","2","359","822","679","873","362","2","1024","1191","788","689","334"
"2019","1","A","골목상권","1000627","구로동로28길","7572","3327","4245","8","1441","2097","1651","1635","740","6","364","849","717","943","448","2","1077","1248","934","692","292"
"2019","1","A","골목상권","1000626","구로동로15길","18927","12698","6229","62","4348","6236","4720","2497","1064","35","2377","4311","3495","1692","788","27","1971","1925","1225","805","276"
"2019","1","A","골목상권","1000625","공원로6가길","9060","4430","4630","27","1574","2805","2080","1640","934","11","545","1121","1175","966","612","16","1029","1684","905","674","322"
"2019","1","A","골목상권","1000624","고척로52길","2922","1661","1261","3","241","478","769","835","596","1","125","260","410","472","393","2","116","218","359","363","203"
"2019","1","A","골목상권","1000623","고척로27다길","1205","461","744","4","113","227","345","376","140","4","31","80","104","162","80","0","82","147","241","214","60"
"2019","1","A","골목상권","1000622","고척로27길","1223","489","734","2","116","228","333","391","153","2","40","89","106","169","83","0","76","139","227","222","70"
"2019","1","A","골목상권","1000621","고척로21나길","1453","487","966","3","190","250","350","435","225","2","51","104","101","130","99","1","139","146","249","305","126"
"2019","1","A","골목상권","1000620","경인로47길","4608","2738","1870","7","530","843","1088","1109","1031","3","222","483","647","638","745","4","308","360","441","471","286"
"2019","1","A","골목상권","1000619","경인로35길","2407","1170","1237","10","235","392","669","656","445","8","101","196","300","299","266","2","134","196","369","357","179"
"2019","1","A","골목상권","1000618","경인로31길","1433","621","812","4","110","216","409","451","243","4","43","103","164","186","121","0","67","113","245","265","122"
"2019","1","A","골목상권","1000617","경인로15길","2475","1504","971","5","285","456","613","643","473","3","125","257","368","390","361","2","160","199","245","253","112"
"2019","1","A","골목상권","1000616","개봉로3길","4709","2543","2166","2","153","273","416","744","3121","1","46","113","150","314","1919","1","107","160","266","430","1202"
"2019","1","A","골목상권","1000615","개봉로2길","5376","2739","2637","3","264","391","616","875","3227","0","61","139","226","366","1947","3","203","252","390","509","1280"
"2019","1","A","골목상권","1000614","개봉로23가길","4807","2723","2084","15","529","932","1305","1312","714","9","245","531","703","757","478","6","284","401","602","555","236"
"2019","1","A","골목상권","1000613","개봉로20길","2166","977","1189","8","273","380","590","533","382","4","89","143","248","246","247","4","184","237","342","287","135"
"2019","1","A","골목상권","1000612","개봉로1길","877","452","425","1","86","214","243","211","122","1","33","141","122","89","66","0","53","73","121","122","56"
"2019","1","A","골목상권","1000611","개봉로17다길","2184","978","1206","8","304","369","523","581","399","4","91","136","224","272","251","4","213","233","299","309","148"
"2019","1","A","골목상권","1000610","개봉로17길","1249","451","798","2","175","229","309","344","190","0","38","77","111","130","95","2","137","152","198","214","95"
"2019","1","A","골목상권","1000609","개봉로11길","5057","2646","2411","4","205","339","495","826","3188","1","54","133","182","337","1939","3","151","206","313","489","1249"
"2019","1","A","골목상권","1000608","화곡로64길","35534","15198","20336","213","4604","7886","10274","10470","2087","132","2545","5108","4112","2140","1161","81","2059","2778","6162","8330","926"
"2019","1","A","골목상권","1000607","화곡로59길","14558","8259","6299","50","1999","3048","3261","4105","2095","31","1122","1892","2014","2074","1126","19","877","1156","1247","2031","969"
"2019","1","A","골목상권","1000606","화곡로44나길","6307","3720","2587","7","613","1456","1564","1728","939","5","278","785","918","1116","618","2","335","671","646","612","321"
"2019","1","A","골목상권","1000605","화곡로31길","4101","1584","2517","12","694","879","949","888","679","3","164","372","384","342","319","9","530","507","565","546","360"
"2019","1","A","골목상권","1000604","화곡로20길","2982","1424","1558","12","355","580","772","811","452","7","127","277","359","374","280","5","228","303","413","437","172"
"2019","1","A","골목상권","1000603","화곡로13길","1958","914","1044","9","241","365","516","533","294","5","90","167","215","254","183","4","151","198","301","279","111"
"2019","1","A","골목상권","1000602","초원로16길","3509","1831","1678","8","475","845","907","791","483","1","147","404","494","447","338","7","328","441","413","344","145"
"2019","1","A","골목상권","1000601","초록마을로8길","830","208","622","2","117","173","245","181","112","0","17","39","66","43","43","2","100","134","179","138","69"
"2019","1","A","골목상권","1000600","초록마을로3길","2654","1529","1125","3","210","462","631","738","610","2","71","241","362","440","413","1","139","221","269","298","197"
"2019","1","A","골목상권","1000599","월정로20길","2006","1134","872","3","191","332","455","646","379","2","98","192","278","353","211","1","93","140","177","293","168"
"2019","1","A","골목상권","1000598","우장산로6길","2451","962","1489","7","382","546","615","609","292","6","82","206","228","271","169","1","300","340","387","338","123"
"2019","1","A","골목상권","1000597","양천로73가길","4584","2971","1613","15","601","1203","1052","939","774","12","301","763","690","615","590","3","300","440","362","324","184"
"2019","1","A","골목상권","1000596","양천로71길","2748","1469","1279","3","290","602","677","708","468","3","99","260","313","419","375","0","191","342","364","289","93"
"2019","1","A","골목상권","1000595","양천로49길","6966","3821","3145","26","802","1465","1647","1953","1073","14","410","824","979","895","699","12","392","641","668","1058","374"
"2019","1","A","골목상권","1000594","양천로26길","7874","4101","3773","53","1865","1968","1891","1207","890","35","694","1151","1095","678","448","18","1171","817","796","529","442"
"2019","1","A","골목상권","1000593","양천로24길","3652","1779","1873","9","478","865","902","840","558","3","186","455","457","379","299","6","292","410","445","461","259"
"2019","1","A","골목상권","1000592","양천로24가길","3730","1789","1941","7","423","713","913","956","718","1","187","398","471","382","350","6","236","315","442","574","368"
"2019","1","A","골목상권","1000591","양천로14길","4034","2009","2025","7","441","781","1025","1051","729","0","198","419","499","471","422","7","243","362","526","580","307"
"2019","1","A","골목상권","1000590","방화대로6라길","3479","2171","1308","6","326","707","1095","880","465","1","164","462","702","523","319","5","162","245","393","357","146"
"2019","1","A","골목상권","1000589","방화대로21길","2587","1383","1204","7","338","545","665","599","433","0","113","264","375","331","300","7","225","281","290","268","133"
"2019","1","A","골목상권","1000588","등촌로5길","2451","1147","1304","3","260","472","572","621","523","3","105","230","278","252","279","0","155","242","294","369","244"
"2019","1","A","골목상권","1000587","등촌로55길","4290","2307","1983","12","595","994","1014","916","759","9","221","556","587","492","442","3","374","438","427","424","317"
"2019","1","A","골목상권","1000586","등촌로51길","3334","1622","1712","9","437","724","772","734","658","6","152","355","396","351","362","3","285","369","376","383","296"
"2019","1","A","골목상권","1000585","등촌로39길","1626","667","959","7","199","320","449","438","213","5","49","121","192","179","121","2","150","199","257","259","92"
"2019","1","A","골목상권","1000584","등촌로13길","1795","744","1051","1","184","348","511","499","252","1","64","161","192","183","143","0","120","187","319","316","109"
"2019","1","A","골목상권","1000583","남부순환로11길","2517","1644","873","2","225","490","710","664","426","0","102","294","469","444","335","2","123","196","241","220","91"
"2019","1","A","골목상권","1000582","까치산로4길","2193","771","1422","8","324","504","598","454","305","2","76","191","225","147","130","6","248","313","373","307","175"
"2019","1","A","골목상권","1000581","국회대로7길","2892","1525","1367","8","346","604","736","770","428","6","161","368","410","345","235","2","185","236","326","425","193"
"2019","1","A","골목상권","1000580","공항대로8길","3249","1946","1303","8","356","597","767","868","653","1","136","309","454","543","503","7","220","288","313","325","150"
"2019","1","A","골목상권","1000579","공항대로61길","5631","3083","2548","12","816","1335","1292","1126","1050","8","301","695","744","666","669","4","515","640","548","460","381"
"2019","1","A","골목상권","1000578","공항대로59다길","6315","3404","2911","12","811","1512","1651","1408","921","5","276","762","1011","810","540","7","535","750","640","598","381"
"2019","1","A","골목상권","1000577","공항대로59길","5653","3160","2493","16","821","1405","1289","1125","997","12","326","754","757","681","630","4","495","651","532","444","367"
"2019","1","A","골목상권","1000576","공항대로55길","16672","9772","6900","114","3640","4723","4057","2651","1487","72","1482","2841","2688","1714","975","42","2158","1882","1369","937","512"
"2019","1","A","골목상권","1000573","곰달래로60길","3422","1485","1937","10","447","718","821","814","612","6","135","330","387","308","319","4","312","388","434","506","293"
"2019","1","A","골목상권","1000572","곰달래로53길","1015","410","605","0","124","215","292","274","110","0","28","85","104","122","71","0","96","130","188","152","39"
"2019","1","A","골목상권","1000575","공항대로42길","5217","2421","2796","23","720","1081","1141","1192","1060","12","268","568","623","502","448","11","452","513","518","690","612"
"2019","1","A","골목상권","1000574","공항대로38길","5875","2921","2954","70","1186","1315","1299","1098","907","32","520","710","711","482","466","38","666","605","588","616","441"
"2019","1","A","골목상권","1000571","곰달래로47길","1245","464","781","1","138","266","368","344","128","1","33","109","121","118","82","0","105","157","247","226","46"
"2019","1","A","골목상권","1000570","곰달래로31길","1945","720","1225","4","232","364","459","538","348","2","90","180","170","139","139","2","142","184","289","399","209"
"2019","1","A","골목상권","1000569","곰달래로25길","2681","957","1724","11","333","481","662","715","479","6","107","215","247","179","203","5","226","266","415","536","276"
"2019","1","A","골목상권","1000568","개화동로25길","40321","23200","17121","32","7837","12837","10958","7184","1473","15","2332","5989","7235","6332","1297","17","5505","6848","3723","852","176"
"2019","1","A","골목상권","1000567","개화동로23길","39856","22883","16973","34","7855","12826","10856","6969","1316","15","2322","5963","7177","6222","1184","19","5533","6863","3679","747","132"
"2019","1","A","골목상권","1000566","강서로8길","3851","1897","1954","14","550","887","879","915","606","8","234","486","430","397","342","6","316","401","449","518","264"
"2019","1","A","골목상권","1000565","강서로5라길","2754","1453","1301","6","402","702","703","615","326","2","181","401","355","286","228","4","221","301","348","329","98"
"2019","1","A","골목상권","1000564","강서로5나길","2865","1760","1105","9","273","536","668","864","515","6","156","336","414","505","343","3","117","200","254","359","172"
"2019","1","A","골목상권","1000563","강서로5가길","2721","1393","1328","12","366","538","580","717","508","7","163","299","294","334","296","5","203","239","286","383","212"
"2019","1","A","골목상권","1000562","강서로47라길","3113","1099","2014","8","473","754","774","803","301","3","86","264","248","322","176","5","387","490","526","481","125"
"2019","1","A","골목상권","1000561","강서로47길","3332","1134","2198","11","482","770","871","847","351","5","91","272","269","314","183","6","391","498","602","533","168"
"2019","1","A","골목상권","1000560","강서로45다길","2508","978","1530","5","376","478","574","655","420","1","91","187","223","269","207","4","285","291","351","386","213"
"2019","1","A","골목상권","1000559","강서로45길","2116","730","1386","5","307","425","516","586","277","0","72","159","183","192","124","5","235","266","333","394","153"
"2019","1","A","골목상권","1000558","강서로35길","2936","1250","1686","14","473","602","701","646","500","6","124","266","309","274","271","8","349","336","392","372","229"
"2019","1","A","골목상권","1000557","강서로29길","3641","1463","2178","17","559","820","940","782","523","7","134","352","415","302","253","10","425","468","525","480","270"
"2019","1","A","골목상권","1000556","강서로18길","1685","602","1083","6","210","317","439","449","264","3","70","137","154","124","114","3","140","180","285","325","150"
"2019","1","A","골목상권","1000555","강서로17가길","1768","653","1115","8","243","338","447","450","282","4","79","135","176","133","126","4","164","203","271","317","156"
"2019","1","A","골목상권","1000554","강서로15길","3170","1523","1647","17","362","567","771","892","561","10","139","263","379","411","321","7","223","304","392","481","240"
"2019","1","A","골목상권","1000553","가로공원로80길","1833","749","1084","6","197","393","501","444","292","4","66","165","211","169","134","2","131","228","290","275","158"
"2019","1","A","골목상권","1000552","가로공원로76가길","2437","1210","1227","9","220","438","638","687","445","5","84","207","320","354","240","4","136","231","318","333","205"
"2019","1","A","골목상권","1000551","화곡로4길","3083","1658","1425","0","282","492","629","638","1042","0","82","188","236","249","903","0","200","304","393","389","139"
"2019","1","A","골목상권","1000550","화곡로3길","1504","506","998","0","201","323","431","397","152","0","49","95","128","145","89","0","152","228","303","252","63"
"2019","1","A","골목상권","1000549","지양로7길","1897","1188","709","2","97","209","431","673","485","1","29","100","233","450","375","1","68","109","198","223","110"
"2019","1","A","골목상권","1000548","중앙로55길","2824","1420","1404","3","308","566","658","829","460","1","157","317","310","374","261","2","151","249","348","455","199"
"2019","1","A","골목상권","1000547","중앙로51길","2203","1035","1168","3","186","399","559","631","425","1","78","176","211","300","269","2","108","223","348","331","156"
"2019","1","A","골목상권","1000546","중앙로47길","2188","936","1252","8","283","422","579","564","332","4","107","210","242","197","176","4","176","212","337","367","156"
"2019","1","A","골목상권","1000545","중앙로45길","2314","1037","1277","5","276","424","605","594","410","2","87","186","249","274","239","3","189","238","356","320","171"
"2019","1","A","골목상권","1000544","중앙로36길","2431","1116","1315","10","347","457","578","589","450","1","144","246","264","254","207","9","203","211","314","335","243"
"2019","1","A","골목상권","1000543","중앙로32길","3963","2005","1958","12","437","821","1054","951","688","1","165","400","546","474","419","11","272","421","508","477","269"
"2019","1","A","골목상권","1000542","중앙로25길","1994","859","1135","4","210","398","535","549","298","2","86","198","226","185","162","2","124","200","309","364","136"
"2019","1","A","골목상권","1000541","은행정로7길","3745","1691","2054","18","459","735","870","968","695","7","169","374","392","416","333","11","290","361","478","552","362"
"2019","1","A","골목상권","1000540","은행정로5길","2810","1225","1585","9","346","559","651","730","515","1","134","287","279","290","234","8","212","272","372","440","281"
"2019","1","A","골목상권","1000539","오목로5길","2734","1594","1140","2","207","452","657","828","588","0","105","250","324","480","435","2","102","202","333","348","153"
"2019","1","A","골목상권","1000538","오목로3길","3112","2075","1037","6","216","436","672","1021","761","3","111","261","370","683","647","3","105","175","302","338","114"
"2019","1","A","골목상권","1000537","오목로30길","3399","1586","1813","13","381","669","822","893","621","8","152","327","372","416","311","5","229","342","450","477","310"
"2019","1","A","골목상권","1000536","오목로23길","3228","1713","1515","5","399","707","733","856","528","3","197","399","385","427","302","2","202","308","348","429","226"
"2019","1","A","골목상권","1000535","신월로20길","1490","666","824","2","182","264","393","393","256","2","61","128","154","170","151","0","121","136","239","223","105"
"2019","1","A","골목상권","1000534","신월로15길","3102","1818","1284","8","226","422","680","989","777","5","86","227","317","582","601","3","140","195","363","407","176"
"2019","1","A","골목상권","1000533","신목로6길","3332","1349","1983","13","596","741","820","719","443","3","166","321","328","271","260","10","430","420","492","448","183"
"2019","1","A","골목상권","1000532","신목로5길","3233","1670","1563","38","597","834","733","678","353","32","330","465","338","312","193","6","267","369","395","366","160"
"2019","1","A","골목상권","1000531","신목로2길","1889","839","1050","3","262","364","499","428","333","1","84","157","211","186","200","2","178","207","288","242","133"
"2019","1","A","골목상권","1000530","목동중앙서로8가길","2456","1071","1385","5","334","513","585","558","461","3","91","215","273","224","265","2","243","298","312","334","196"
"2019","1","A","골목상권","1000529","목동중앙서로7길","2513","1195","1318","4","268","447","617","652","525","4","114","218","294","269","296","0","154","229","323","383","229"
"2019","1","A","골목상권","1000528","목동중앙북로8길","2966","1375","1591","12","463","715","740","671","365","6","148","332","371","308","210","6","315","383","369","363","155"
"2019","1","A","골목상권","1000527","목동중앙북로16길","3014","1697","1317","5","314","681","915","664","435","2","110","356","570","394","265","3","204","325","345","270","170"
"2019","1","A","골목상권","1000526","목동중앙본로7길","1719","711","1008","2","180","366","468","474","229","1","79","150","146","195","140","1","101","216","322","279","89"
"2019","1","A","골목상권","1000525","목동중앙로3길","1397","532","865","2","144","309","403","367","172","2","48","103","134","126","119","0","96","206","269","241","53"
"2019","1","A","골목상권","1000524","목동중앙로13나길","1571","1007","564","3","238","550","453","208","119","1","94","354","311","155","92","2","144","196","142","53","27"
"2019","1","A","골목상권","1000523","목동중앙남로3가길","1769","801","968","2","185","381","466","467","268","1","75","177","179","206","163","1","110","204","287","261","105"
"2019","1","A","골목상권","1000522","목동로9길","5490","2511","2979","17","756","1165","1419","1289","844","5","250","530","710","578","438","12","506","635","709","711","406"
"2019","1","A","골목상권","1000521","목동로19길","5437","2412","3025","18","788","1153","1354","1253","871","8","217","482","650","544","511","10","571","671","704","709","360"
"2019","1","A","골목상권","1000520","목동동로8길","2359","946","1413","11","266","532","627","636","287","6","79","185","241","284","151","5","187","347","386","352","136"
"2019","1","A","골목상권","1000519","목동동로12길","7956","3930","4026","56","1617","2166","1798","1459","860","39","655","1097","913","728","498","17","962","1069","885","731","362"
"2019","1","A","골목상권","1000518","목동남로4길","1098","547","551","2","107","229","304","305","151","1","41","119","125","153","108","1","66","110","179","152","43"
"2019","1","A","골목상권","1000517","남부순환로88길","3013","2188","825","3","163","356","664","952","875","1","68","201","442","692","784","2","95","155","222","260","91"
"2019","1","A","골목상권","1000516","남부순환로79길","2667","1501","1166","7","233","367","594","647","819","5","83","192","247","304","670","2","150","175","347","343","149"
"2019","1","A","골목상권","1000515","남부순환로70길","3324","2288","1036","2","182","344","712","1164","920","2","76","203","412","848","747","0","106","141","300","316","173"
"2019","1","A","골목상권","1000514","남부순환로58길","1624","722","902","3","151","292","452","465","261","2","64","133","183","210","130","1","87","159","269","255","131"
"2019","1","A","골목상권","1000513","남부순환로40길","3235","2092","1143","1","203","403","612","717","1299","0","64","170","294","421","1143","1","139","233","318","296","156"
"2019","1","A","골목상권","1000512","남부순환로33길","3650","2102","1548","6","316","562","778","818","1170","4","113","250","333","389","1013","2","203","312","445","429","157"
"2019","1","A","골목상권","1000511","곰달래로5길","3869","2214","1655","4","304","578","811","890","1282","3","108","267","352","424","1060","1","196","311","459","466","222"
"2019","1","A","골목상권","1000510","곰달래로3길","2731","1397","1334","3","209","446","744","838","491","2","90","215","365","442","283","1","119","231","379","396","208"
"2019","1","A","골목상권","1000509","곰달래로2길","2485","1551","934","3","205","362","617","792","506","3","103","219","371","511","344","0","102","143","246","281","162"
"2019","1","A","골목상권","1000508","곰달래로10길","2927","1737","1190","6","266","481","705","904","565","4","131","291","406","536","369","2","135","190","299","368","196"
"2019","1","A","골목상권","1000507","가로공원로58길","1562","927","635","1","102","208","354","474","423","0","32","94","183","296","322","1","70","114","171","178","101"
"2019","1","A","골목상권","1000506","효창원로93길","4712","2204","2508","18","910","1121","1267","986","410","5","307","501","576","563","252","13","603","620","691","423","158"
"2019","1","A","골목상권","1000505","토정로37길","19313","11467","7846","98","3293","4734","4536","3836","2816","37","1521","2936","2983","2167","1823","61","1772","1798","1553","1669","993"
"2019","1","A","골목상권","1000001","계동길","24345","19877","4468","38","2998","9065","6749","4579","916","19","1823","7439","5793","4086","717","19","1175","1626","956","493","199"
"2019","1","A","골목상권","1000504","월드컵로8길","15904","8137","7767","74","3860","4570","3398","1871","2131","19","1440","2511","2139","1064","964","55","2420","2059","1259","807","1167"
"2019","1","A","골목상권","1000503","월드컵로7길","7140","3910","3230","28","1650","2224","1722","940","576","10","674","1251","1117","514","344","18","976","973","605","426","232"
"2019","1","A","골목상권","1000502","월드컵로36길","8254","3407","4847","11","818","1382","1613","2471","1959","5","290","552","819","986","755","6","528","830","794","1485","1204"
"2019","1","A","골목상권","1000501","월드컵로25길","2313","1250","1063","0","334","539","628","512","300","0","165","303","331","245","206","0","169","236","297","267","94"
"2019","1","A","골목상권","1000500","월드컵로19길","7247","3898","3349","41","1445","1710","1630","1286","1135","23","613","916","904","587","855","18","832","794","726","699","280"
"2019","1","A","골목상권","1000499","월드컵로16길","8954","4663","4291","39","1794","2262","2050","1527","1282","21","730","1177","1132","697","906","18","1064","1085","918","830","376"
"2019","1","A","골목상권","1000498","월드컵로11길","6592","3155","3437","41","1519","1696","1534","1172","630","21","636","886","816","461","335","20","883","810","718","711","295"
"2019","1","A","골목상권","1000497","월드컵로10길","12090","5773","6317","65","2622","3086","2499","1774","2044","30","1110","1625","1444","755","809","35","1512","1461","1055","1019","1235"
"2019","1","A","골목상권","1000496","와우산로3길","6207","3604","2603","42","1940","1896","1245","704","380","31","855","1155","827","485","251","11","1085","741","418","219","129"
"2019","1","A","골목상권","1000495","와우산로29길","9758","5155","4603","61","2379","2608","2484","1672","554","17","1173","1611","1326","729","299","44","1206","997","1158","943","255"
"2019","1","A","골목상권","1000494","와우산로29가길","7546","4678","2868","43","1934","2032","1600","1126","811","15","893","1288","1117","785","580","28","1041","744","483","341","231"
"2019","1","A","골목상권","1000493","양화진길","10152","5309","4843","46","2417","3425","2572","1222","470","12","773","1758","1612","837","317","34","1644","1667","960","385","153"
"2019","1","A","골목상권","1000492","양화로1길","9172","4769","4403","33","2148","3105","2355","1003","528","9","722","1601","1469","627","341","24","1426","1504","886","376","187"
"2019","1","A","골목상권","1000491","양화로11길","15439","7711","7728","89","3931","4402","3170","1757","2090","28","1423","2420","1968","958","914","61","2508","1982","1202","799","1176"
"2019","1","A","골목상권","1000490","신촌로30길","1656","629","1027","10","267","466","434","287","192","1","54","144","167","132","131","9","213","322","267","155","61"
"2019","1","A","골목상권","1000489","신촌로28가길","1065","385","680","8","164","295","282","193","123","1","35","95","94","80","80","7","129","200","188","113","43"
"2019","1","A","골목상권","1000488","신촌로12길","9488","4764","4724","53","2142","2243","2380","1785","885","28","1037","1279","1216","743","461","25","1105","964","1164","1042","424"
"2019","1","A","골목상권","1000487","숭문길","11314","7256","4058","102","1923","3223","2878","2024","1164","41","1070","2047","2034","1266","798","61","853","1176","844","758","366"
"2019","1","A","골목상권","1000486","숭문8길","6219","4024","2195","7","744","1427","1596","1487","958","3","462","913","1096","888","662","4","282","514","500","599","296"
"2019","1","A","골목상권","1000485","성지3길","6176","3478","2698","39","1420","1775","1477","982","483","21","526","1002","939","658","332","18","894","773","538","324","151"
"2019","1","A","골목상권","1000484","성산로4길","8114","3885","4229","22","963","1447","1649","2144","1889","13","370","793","1008","884","817","9","593","654","641","1260","1072"
"2019","1","A","골목상권","1000483","성미산로32길","3803","2062","1741","21","1059","1143","801","471","308","13","504","664","470","235","176","8","555","479","331","236","132"
"2019","1","A","골목상권","1000482","성미산로1길","7594","4150","3444","44","1378","1600","1765","1510","1297","30","591","849","970","741","969","14","787","751","795","769","328"
"2019","1","A","골목상권","1000481","성미산로11길","6590","4122","2468","19","996","1487","1413","1115","1560","10","406","835","851","678","1342","9","590","652","562","437","218"
"2019","1","A","골목상권","1000480","백범로16길","16851","10466","6385","122","3104","4877","4231","2771","1746","50","1528","3139","2933","1671","1145","72","1576","1738","1298","1100","601"
"2019","1","A","골목상권","1000479","방울내로9안길","4032","2245","1787","9","569","785","980","951","738","4","223","425","571","535","487","5","346","360","409","416","251"
"2019","1","A","골목상권","1000478","모래내로7길","3546","2261","1285","10","389","549","686","758","1154","5","116","276","387","483","994","5","273","273","299","275","160"
"2019","1","A","골목상권","1000477","매봉산로2길","17750","9941","7809","40","4343","6110","4701","1801","755","22","1597","3412","3218","1166","526","18","2746","2698","1483","635","229"
"2019","1","A","골목상권","1000476","망원로2길","2820","1480","1340","2","433","694","741","575","375","0","190","382","407","274","227","2","243","312","334","301","148"
"2019","1","A","골목상권","1000475","망원로11길","6720","3775","2945","36","1183","1335","1504","1400","1262","27","537","751","835","683","942","9","646","584","669","717","320"
"2019","1","A","골목상권","1000474","만리재옛길","13649","7519","6130","37","2291","3577","3254","3098","1392","8","1011","2121","1960","1680","739","29","1280","1456","1294","1418","653"
"2019","1","A","골목상권","1000473","마포대로4길","18376","10766","7610","86","3162","4348","4181","3765","2834","31","1427","2602","2774","2116","1816","55","1735","1746","1407","1649","1018"
"2019","1","A","골목상권","1000472","마포대로20길","8436","4406","4030","28","1613","2481","2129","1365","820","6","752","1373","1109","731","435","22","861","1108","1020","634","385"
"2019","1","A","골목상권","1000471","마포대로12길","20035","11048","8987","90","3890","5635","4853","4055","1512","29","1575","3316","2944","2238","946","61","2315","2319","1909","1817","566"
"2019","1","A","골목상권","1000470","동교로38길","6660","3556","3104","33","1570","1920","1641","985","511","13","716","1090","939","477","321","20","854","830","702","508","190"
"2019","1","A","골목상권","1000469","동교로27길","13228","6293","6935","84","3746","3907","2699","1680","1112","43","1267","2042","1583","802","556","41","2479","1865","1116","878","556"
"2019","1","A","골목상권","1000468","동교로25길","12470","6412","6058","53","2810","3551","2835","2024","1197","24","1006","1905","1751","1104","622","29","1804","1646","1084","920","575"
"2019","1","A","골목상권","1000467","동교로19길","14225","7970","6255","32","2722","3767","3104","2277","2323","14","959","2000","1998","1334","1665","18","1763","1767","1106","943","658"
"2019","1","A","골목상권","1000466","동교로17길","15639","8061","7578","53","3067","4095","3353","2359","2712","18","1094","2112","2042","1350","1445","35","1973","1983","1311","1009","1267"
"2019","1","A","골목상권","1000465","독막로8길","6944","3785","3159","42","2087","2108","1441","843","423","19","825","1214","905","552","270","23","1262","894","536","291","153"
"2019","1","A","골목상권","1000464","독막로32길","4840","2656","2184","10","643","1239","1348","915","685","0","270","678","759","501","448","10","373","561","589","414","237"
"2019","1","A","골목상권","1000463","독막로22길","5337","2619","2718","23","917","1100","1122","932","1243","6","293","495","677","542","606","17","624","605","445","390","637"
"2019","1","A","골목상권","1000462","도화길","31337","18021","13316","156","5897","7740","7519","6480","3545","65","2831","4735","4742","3397","2251","91","3066","3005","2777","3083","1294"
"2019","1","A","골목상권","1000461","도화4길","21909","12497","9412","127","4157","4976","5077","4989","2583","54","2155","3070","3114","2472","1632","73","2002","1906","1963","2517","951"
"2019","1","A","골목상권","1000460","대흥로28길","1769","715","1054","13","321","470","428","313","224","3","85","172","177","147","131","10","236","298","251","166","93"
"2019","1","A","골목상권","1000459","대흥로21길","6556","3160","3396","32","1167","1772","1500","1294","791","11","373","804","797","710","465","21","794","968","703","584","326"
"2019","1","A","골목상권","1000458","광성로6길","4449","2444","2005","8","585","1111","1232","988","525","1","228","520","706","622","367","7","357","591","526","366","158"
"2019","1","A","골목상권","1000457","홍제내길","1237","532","705","1","156","240","321","347","172","0","38","99","149","160","86","1","118","141","172","187","86"
"2019","1","A","골목상권","1000456","홍연길","1461","789","672","0","128","229","343","472","289","0","49","122","181","265","172","0","79","107","162","207","117"
"2019","1","A","골목상권","1000455","통일로39길","2092","762","1330","10","338","496","539","440","269","5","100","181","184","169","123","5","238","315","355","271","146"
"2019","1","A","골목상권","1000454","통일로37길","2084","773","1311","5","310","450","535","476","308","3","77","166","185","178","164","2","233","284","350","298","144"
"2019","1","A","골목상권","1000453","통일로11길","1390","631","759","5","184","297","370","364","170","2","75","111","152","181","110","3","109","186","218","183","60"
"2019","1","A","골목상권","1000452","충정로6길","59195","33776","25419","115","10118","19199","16732","10629","2402","23","3796","10356","9994","7949","1658","92","6322","8843","6738","2680","744"
"2019","1","A","골목상권","1000451","충정로4길","22633","13565","9068","39","3903","7062","5763","3855","2011","16","1738","4128","3787","2499","1397","23","2165","2934","1976","1356","614"
"2019","1","A","골목상권","1000450","증가로6길","1991","1067","924","2","234","357","480","593","325","1","88","183","259","329","207","1","146","174","221","264","118"
"2019","1","A","골목상권","1000447","증가로10길","1927","893","1034","4","281","466","486","472","218","2","98","219","227","214","133","2","183","247","259","258","85"
"2019","1","A","골목상권","1000446","응암로1길","2762","1312","1450","11","330","535","727","721","438","5","127","265","356","328","231","6","203","270","371","393","207"
"2019","1","A","골목상권","1000445","연희로10길","14872","5908","8964","9","3827","4624","3401","2223","788","3","994","1590","1402","1333","586","6","2833","3034","1999","890","202"
"2019","1","A","골목상권","1000444","신촌로37길","7562","4672","2890","11","1458","2295","1580","1244","974","2","798","1354","1042","780","696","9","660","941","538","464","278"
"2019","1","A","골목상권","1000449","증가로23나길","2934","1333","1601","8","293","516","760","799","558","3","91","202","306","389","342","5","202","314","454","410","216"
"2019","1","A","골목상권","1000448","증가로20가길","1276","495","781","5","155","273","397","302","144","3","44","98","135","125","90","2","111","175","262","177","54"
"2019","1","A","골목상권","1000443","수색로8길","3128","2132","996","8","192","377","575","859","1117","6","69","184","317","582","974","2","123","193","258","277","143"
"2019","1","A","골목상권","1000442","세무서길","2353","891","1462","10","349","502","622","532","338","5","106","172","210","221","177","5","243","330","412","311","161"
"2019","1","A","골목상권","1000441","세무서2길","2195","813","1382","6","302","404","572","554","357","4","75","144","195","201","194","2","227","260","377","353","163"
"2019","1","A","골목상권","1000440","세검정로1길","2205","876","1329","7","254","398","539","507","500","3","85","150","179","204","255","4","169","248","360","303","245"
"2019","1","A","골목상권","1000439","북아현로4길","7975","4956","3019","10","1520","2355","1727","1362","1001","2","823","1422","1149","844","716","8","697","933","578","518","285"
"2019","1","A","골목상권","1000438","모래내로15길","2144","1047","1097","12","345","469","548","489","281","5","96","201","278","285","182","7","249","268","270","204","99"
"2019","1","A","골목상권","1000437","명지대길","2438","1275","1163","7","371","511","575","641","333","4","146","244","282","361","238","3","225","267","293","280","95"
"2019","1","A","골목상권","1000436","독립문로8길","3344","1644","1700","7","463","771","889","802","412","3","163","348","446","434","250","4","300","423","443","368","162"
"2019","1","A","골목상권","1000435","가재울로6길","1546","819","727","3","217","307","412","377","230","1","69","145","224","214","166","2","148","162","188","163","64"
"2019","1","A","골목상권","1000434","통일로92길","2300","1049","1251","10","376","512","609","541","252","5","151","243","239","264","147","5","225","269","370","277","105"
"2019","1","A","골목상권","1000433","통일로87길","2025","868","1157","9","341","415","520","461","279","2","127","193","194","202","150","7","214","222","326","259","129"
"2019","1","A","골목상권","1000432","통일로78길","2128","853","1275","14","309","406","548","501","350","5","86","162","218","197","185","9","223","244","330","304","165"
"2019","1","A","골목상권","1000431","통일로69길","2391","912","1479","9","304","469","618","600","391","2","113","199","243","189","166","7","191","270","375","411","225"
"2019","1","A","골목상권","1000430","진흥로1길","3828","1866","1962","13","470","706","901","933","805","6","160","368","461","427","444","7","310","338","440","506","361"
"2019","1","A","골목상권","1000429","진흥로12길","5253","2218","3035","14","836","1329","1333","1125","616","7","280","555","617","463","296","7","556","774","716","662","320"
"2019","1","A","골목상권","1000428","증산서길","2846","1634","1212","12","339","510","584","660","741","5","76","207","299","411","636","7","263","303","285","249","105"
"2019","1","A","골목상권","1000427","증산로9길","1371","740","631","1","152","273","371","339","235","1","62","126","197","188","166","0","90","147","174","151","69"
"2019","1","A","골목상권","1000426","증산로5길","1473","781","692","4","163","295","386","373","252","3","67","143","190","206","172","1","96","152","196","167","80"
"2019","1","A","골목상권","1000425","증산로21길","2315","1028","1287","3","293","448","554","597","420","3","92","208","252","260","213","0","201","240","302","337","207"
"2019","1","A","골목상권","1000424","증산로17길","2202","1064","1138","4","259","371","471","535","562","2","104","177","225","261","295","2","155","194","246","274","267"
"2019","1","A","골목상권","1000423","증산로15길","1752","902","850","1","144","263","394","446","504","0","60","127","196","238","281","1","84","136","198","208","223"
"2019","1","A","골목상권","1000422","증산로13길","1878","935","943","3","160","278","428","476","533","1","71","138","228","230","267","2","89","140","200","246","266"
"2019","1","A","골목상권","1000421","응암로34길","2396","1029","1367","14","335","507","640","532","368","6","122","235","277","203","186","8","213","272","363","329","182"
"2019","1","A","골목상권","1000420","응암로22길","1782","817","965","3","246","356","426","461","290","1","98","136","168","234","180","2","148","220","258","227","110"
"2019","1","A","골목상권","1000419","응암로14길","1669","693","976","4","230","329","463","410","233","2","84","140","178","170","119","2","146","189","285","240","114"
"2019","1","A","골목상권","1000418","응암로13길","2333","1040","1293","5","299","435","557","581","456","2","114","184","227","257","256","3","185","251","330","324","200"
"2019","1","A","골목상권","1000417","응암로12길","1786","712","1074","4","199","342","487","475","279","1","65","141","188","177","140","3","134","201","299","298","139"
"2019","1","A","골목상권","1000416","은평로8길","2908","1279","1629","15","469","620","720","637","447","8","167","300","317","247","240","7","302","320","403","390","207"
"2019","1","A","골목상권","1000415","은평로3길","3035","1417","1618","5","403","639","739","708","541","5","136","312","337","323","304","0","267","327","402","385","237"
"2019","1","A","골목상권","1000414","은평로20길","3585","1680","1905","8","385","840","962","908","482","4","133","293","400","520","330","4","252","547","562","388","152"
"2019","1","A","골목상권","1000413","은평로13길","7151","3405","3746","27","791","1403","1836","1862","1232","11","287","606","842","935","724","16","504","797","994","927","508"
"2019","1","A","골목상권","1000412","은평로10길","3809","1669","2140","18","438","698","975","957","723","6","153","316","444","362","388","12","285","382","531","595","335"
"2019","1","A","골목상권","1000411","연서로5길","2341","1209","1132","6","250","456","544","596","489","3","111","236","270","283","306","3","139","220","274","313","183"
"2019","1","A","골목상권","1000410","연서로41길","1549","818","731","2","171","384","472","393","127","1","76","229","239","211","62","1","95","155","233","182","65"
"2019","1","A","골목상권","1000409","연서로3길","2221","1040","1181","7","263","394","550","558","449","4","98","207","252","240","239","3","165","187","298","318","210"
"2019","1","A","골목상권","1000408","연서로34길","1417","476","941","4","175","292","390","379","177","3","43","109","123","118","80","1","132","183","267","261","97"
"2019","1","A","골목상권","1000407","연서로33길","1742","674","1068","6","250","323","455","396","312","4","65","130","190","146","139","2","185","193","265","250","173"
"2019","1","A","골목상권","1000406","연서로29길","2881","1090","1791","20","546","659","688","603","365","8","176","290","235","209","172","12","370","369","453","394","193"
"2019","1","A","골목상권","1000405","연서로28길","3929","1484","2445","31","793","815","965","781","544","15","230","335","381","275","248","16","563","480","584","506","296"
"2019","1","A","골목상권","1000404","연서로27길","3472","1316","2156","19","630","785","879","743","416","10","179","348","316","267","196","9","451","437","563","476","220"
"2019","1","A","골목상권","1000403","연서로21길","4240","2004","2236","13","464","681","1015","1353","714","8","137","310","465","720","364","5","327","371","550","633","350"
"2019","1","A","골목상권","1000402","연서로17길","4227","1925","2302","11","457","678","1031","1354","696","4","116","276","459","719","351","7","341","402","572","635","345"
"2019","1","A","골목상권","1000401","연서로16길","3407","1345","2062","12","434","661","883","859","558","6","124","265","366","282","302","6","310","396","517","577","256"
"2019","1","A","골목상권","1000400","연서로13길","4175","2025","2150","12","423","674","996","1362","708","4","122","277","460","737","425","8","301","397","536","625","283"
"2019","1","A","골목상권","1000399","연서로11길","1791","751","1040","7","189","332","447","485","331","1","68","126","194","180","182","6","121","206","253","305","149"
"2019","1","A","골목상권","1000398","역말로9길","2285","905","1380","8","316","456","583","553","369","3","91","181","250","205","175","5","225","275","333","348","194"
"2019","1","A","골목상권","1000397","수색로18길","1468","751","717","7","216","254","257","275","459","3","37","78","134","144","355","4","179","176","123","131","104"
"2019","1","A","골목상권","1000396","서오릉로8길","2059","871","1188","7","237","349","567","572","327","6","90","145","239","217","174","1","147","204","328","355","153"
"2019","1","A","골목상권","1000395","서오릉로21길","2364","1441","923","2","136","264","526","912","524","0","46","108","292","658","337","2","90","156","234","254","187"
"2019","1","A","골목상권","1000394","불광천길","2324","1044","1280","8","344","495","557","580","340","6","165","230","237","232","174","2","179","265","320","348","166"
"2019","1","A","골목상권","1000393","갈현로7길","2720","1020","1700","4","388","592","683","705","348","1","126","237","279","225","152","3","262","355","404","480","196"
"2019","1","A","골목상권","1000392","갈현로41길","898","420","478","4","111","172","209","252","150","0","62","89","73","110","86","4","49","83","136","142","64"
"2019","1","A","골목상권","1000391","갈현로33길","1585","632","953","3","193","403","394","385","207","0","72","191","137","128","104","3","121","212","257","257","103"
"2019","1","A","골목상권","1000390","갈현로1길","1905","773","1132","1","236","414","505","458","291","0","49","164","209","186","165","1","187","250","296","272","126"
"2019","1","A","골목상권","1000389","가좌로7길","2464","1265","1199","5","229","401","622","711","496","2","76","163","265","397","362","3","153","238","357","314","134"
"2019","1","A","골목상권","1000388","한글비석로44길","2289","1158","1131","4","220","320","477","573","695","1","99","181","215","264","398","3","121","139","262","309","297"
"2019","1","A","골목상권","1000387","한글비석로24길","2538","1140","1398","4","263","379","626","738","528","0","103","214","284","308","231","4","160","165","342","430","297"
"2019","1","A","골목상권","1000386","한글비석로22길","2498","941","1557","6","264","426","601","697","504","1","90","194","229","225","202","5","174","232","372","472","302"
"2019","1","A","골목상권","1000385","석계로1길","2119","1100","1019","9","281","318","534","558","419","2","98","151","268","291","290","7","183","167","266","267","129"
"2019","1","A","골목상권","1000384","상계로9가길","3297","1204","2093","6","425","595","857","912","502","3","128","258","312","304","199","3","297","337","545","608","303"
"2019","1","A","골목상권","1000383","상계로1길","3131","1164","1967","29","556","582","725","810","429","12","204","256","250","256","186","17","352","326","475","554","243"
"2019","1","A","골목상권","1000382","상계로12길","3410","1385","2025","7","434","623","834","943","569","5","141","259","317","359","304","2","293","364","517","584","265"
"2019","1","A","골목상권","1000381","동일로242길","3250","1937","1313","14","274","482","686","711","1083","7","131","286","343","384","786","7","143","196","343","327","297"
"2019","1","A","골목상권","1000380","동일로192길","5554","3162","2392","20","537","871","1188","1271","1667","14","273","553","680","684","958","6","264","318","508","587","709"
"2019","1","A","골목상권","1000379","동일로173가길","8070","4082","3988","28","878","1346","1698","1963","2157","14","385","801","924","897","1061","14","493","545","774","1066","1096"
"2019","1","A","골목상권","1000378","공릉로58길","5242","2698","2544","17","1042","1325","1152","1165","541","13","387","625","621","697","355","4","655","700","531","468","186"
"2019","1","A","골목상권","1000377","해등로16길","4681","2265","2416","13","606","1145","1147","1197","573","9","189","548","560","637","322","4","417","597","587","560","251"
"2019","1","A","골목상권","1000376","우이천로4다길","1549","772","777","4","150","261","390","504","240","4","51","108","181","274","154","0","99","153","209","230","86"
"2019","1","A","골목상권","1000375","우이천로32길","1811","781","1030","3","341","406","450","406","205","0","80","177","211","177","136","3","261","229","239","229","69"
"2019","1","A","골목상권","1000374","시루봉로23길","3367","1869","1498","12","313","622","774","915","731","9","106","279","399","558","518","3","207","343","375","357","213"
"2019","1","A","골목상권","1000373","삼양로144길","1599","553","1046","5","291","294","404","404","201","1","48","117","163","131","93","4","243","177","241","273","108"
"2019","1","A","골목상권","1000372","방학로6가길","1759","701","1058","4","230","292","431","466","336","2","81","137","185","164","132","2","149","155","246","302","204"
"2019","1","A","골목상권","1000371","방학로5길","3573","1502","2071","16","506","678","827","893","653","10","160","334","351","339","308","6","346","344","476","554","345"
"2019","1","A","골목상권","1000370","방학로15길","1390","673","717","0","121","243","330","407","289","0","33","84","134","177","245","0","88","159","196","230","44"
"2019","1","A","골목상권","1000369","방학로10길","1790","701","1089","3","175","324","466","459","363","3","57","141","193","143","164","0","118","183","273","316","199"
"2019","1","A","골목상권","1000368","도봉산길","1632","1164","468","3","84","172","420","602","351","1","36","95","280","477","275","2","48","77","140","125","76"
"2019","1","A","골목상권","1000367","도봉산4길","1298","981","317","1","53","117","303","522","302","1","19","71","234","435","221","0","34","46","69","87","81"
"2019","1","A","골목상권","1000366","도봉로181길","1648","879","769","4","137","230","404","515","358","1","45","107","192","302","232","3","92","123","212","213","126"
"2019","1","A","골목상권","1000365","도봉로169나길","2020","1155","865","1","124","400","507","575","413","1","47","172","276","372","287","0","77","228","231","203","126"
"2019","1","A","골목상권","1000364","도봉로156길","2949","1620","1329","8","215","524","710","766","726","4","76","220","364","467","489","4","139","304","346","299","237"
"2019","1","A","골목상권","1000363","도봉로152가길","2537","1419","1118","2","184","491","610","649","601","1","64","215","341","411","387","1","120","276","269","238","214"
"2019","1","A","골목상권","1000362","도봉로147길","3136","1562","1574","13","425","590","698","857","553","5","180","338","365","413","261","8","245","252","333","444","292"
"2019","1","A","골목상권","1000361","도봉로143길","2700","1304","1396","9","323","490","667","751","460","5","129","278","344","341","207","4","194","212","323","410","253"
"2019","1","A","골목상권","1000360","도봉로114길","2887","1370","1517","12","478","607","682","734","374","8","163","264","320","373","242","4","315","343","362","361","132"
"2019","1","A","골목상권","1000359","도봉로109길","3434","1534","1900","12","739","747","797","773","366","8","207","310","363","401","245","4","532","437","434","372","121"
"2019","1","A","골목상권","1000358","도당로29길","3176","1657","1519","22","412","556","724","839","623","11","177","279","354","434","402","11","235","277","370","405","221"
"2019","1","A","골목상권","1000357","도당로19길","1087","507","580","5","116","174","308","300","184","3","44","90","151","135","84","2","72","84","157","165","100"
"2019","1","A","골목상권","1000356","도당로13바길","1296","550","746","0","141","261","370","338","186","0","55","126","161","116","92","0","86","135","209","222","94"
"2019","1","A","골목상권","1000355","도당로13가길","1155","497","658","0","134","196","313","306","206","0","52","105","138","114","88","0","82","91","175","192","118"
"2019","1","A","골목상권","1000354","덕릉로60길","1361","586","775","3","127","253","368","385","225","3","39","90","159","155","140","0","88","163","209","230","85"
"2019","1","A","골목상권","1000353","노해로63다길","3882","1946","1936","11","488","994","1019","963","407","6","153","459","501","553","274","5","335","535","518","410","133"
"2019","1","A","골목상권","1000352","노해로60길","2895","1380","1515","12","487","628","682","716","370","8","168","273","331","363","237","4","319","355","351","353","133"
"2019","1","A","골목상권","1000351","한천로140길","4166","2026","2140","11","449","955","1046","1142","563","9","146","421","498","627","325","2","303","534","548","515","238"
"2019","1","A","골목상권","1000350","한천로139가길","4968","2487","2481","23","609","1142","1139","1190","865","14","238","543","585","660","447","9","371","599","554","530","418"
"2019","1","A","골목상권","1000349","한천로132길","5259","2693","2566","18","594","1241","1262","1456","688","11","222","655","633","814","358","7","372","586","629","642","330"
"2019","1","A","골목상권","1000348","한천로130길","2136","973","1163","7","262","353","511","612","391","4","75","155","216","287","236","3","187","198","295","325","155"
"2019","1","A","골목상권","1000347","한천로124나길","2922","1580","1342","7","389","647","653","810","416","3","155","407","336","440","239","4","234","240","317","370","177"
"2019","1","A","골목상권","1000346","한천로109길","2011","978","1033","12","291","333","482","516","377","7","109","154","229","244","235","5","182","179","253","272","142"
"2019","1","A","골목상권","1000345","인수봉로79길","2164","973","1191","4","259","421","499","519","462","3","78","172","226","268","226","1","181","249","273","251","236"
"2019","1","A","골목상권","1000344","인수봉로72길","2235","873","1362","8","261","499","594","543","330","5","71","201","240","198","158","3","190","298","354","345","172"
"2019","1","A","골목상권","1000343","인수봉로56길","2547","1297","1250","1","240","447","659","806","394","0","67","215","359","433","223","1","173","232","300","373","171"
"2019","1","A","골목상권","1000342","오패산로67길","5765","3062","2703","20","798","1123","1273","1378","1173","9","309","661","693","745","645","11","489","462","580","633","528"
"2019","1","A","골목상권","1000341","오패산로52길","1088","430","658","4","142","259","299","297","87","3","42","90","116","130","49","1","100","169","183","167","38"
"2019","1","A","골목상권","1000340","오패산로30길","1465","634","831","5","169","304","421","317","249","2","68","139","168","121","136","3","101","165","253","196","113"
"2019","1","A","골목상권","1000339","수유로12길","5147","2380","2767","9","663","873","1143","1303","1156","3","195","418","525","594","645","6","468","455","618","709","511"
"2019","1","A","골목상권","1000338","솔샘로65길","3095","1422","1673","7","267","509","652","725","935","5","106","223","300","349","439","2","161","286","352","376","496"
"2019","1","A","골목상권","1000337","솔매로50길","3844","1621","2223","7","437","678","777","897","1048","4","147","273","344","380","473","3","290","405","433","517","575"
"2019","1","A","골목상권","1000336","솔매로45길","2636","1203","1433","6","365","538","616","612","499","4","114","209","285","284","307","2","251","329","331","328","192"
"2019","1","A","골목상권","1000335","솔매로41길","2274","1040","1234","6","317","452","558","537","404","4","107","175","252","237","265","2","210","277","306","300","139"
"2019","1","A","골목상권","1000334","삼양로93길","2326","1006","1320","3","251","486","573","642","371","1","68","216","246","260","215","2","183","270","327","382","156"
"2019","1","A","골목상권","1000333","삼양로77길","1442","503","939","1","171","321","410","362","177","0","46","108","122","125","102","1","125","213","288","237","75"
"2019","1","A","골목상권","1000332","삼양로54길","1522","653","869","6","163","289","392","418","254","6","48","128","165","177","129","0","115","161","227","241","125"
"2019","1","A","골목상권","1000331","삼양로41길","2162","849","1313","6","265","431","581","518","361","4","67","175","217","205","181","2","198","256","364","313","180"
"2019","1","A","골목상권","1000330","삼양로27길","1707","602","1105","7","250","398","495","342","215","4","70","136","152","128","112","3","180","262","343","214","103"
"2019","1","A","골목상권","1000329","삼양로24길","1806","839","967","6","215","364","485","424","312","4","70","156","204","204","201","2","145","208","281","220","111"
"2019","1","A","골목상권","1000328","삼양로20길","1114","440","674","3","161","262","328","276","84","2","49","93","116","122","58","1","112","169","212","154","26"
"2019","1","A","골목상권","1000327","삼각산로28길","6320","3220","3100","20","743","1237","1381","1567","1372","12","276","591","695","884","762","8","467","646","686","683","610"
"2019","1","A","골목상권","1000326","도봉로99길","2486","1084","1402","3","490","541","568","594","290","2","118","254","267","275","168","1","372","287","301","319","122"
"2019","1","A","골목상권","1000325","도봉로8길","2864","1160","1704","16","539","737","664","568","340","7","169","321","277","215","171","9","370","416","387","353","169"
"2019","1","A","골목상권","1000324","도봉로76길","5726","3093","2633","6","721","1145","1289","1398","1167","2","254","644","712","807","674","4","467","501","577","591","493"
"2019","1","A","골목상권","1000323","도봉로67길","2058","877","1181","2","278","414","519","503","342","2","76","156","217","226","200","0","202","258","302","277","142"
"2019","1","A","골목상권","1000322","도봉로45길","2875","1260","1615","7","387","618","688","725","450","5","125","245","296","302","287","2","262","373","392","423","163"
"2019","1","A","골목상권","1000321","도봉로18길","2885","1303","1582","11","237","435","632","669","901","8","96","186","278","322","413","3","141","249","354","347","488"
"2019","1","A","골목상권","1000320","도봉로13길","1557","607","950","8","246","298","403","394","208","3","55","106","162","173","108","5","191","192","241","221","100"
"2019","1","A","골목상권","1000319","덕릉로41길","7030","3606","3424","25","897","1536","1626","1848","1098","13","312","790","819","1058","614","12","585","746","807","790","484"
"2019","1","A","골목상권","1000318","덕릉로40길","2293","1460","833","6","206","291","540","834","416","5","104","158","327","581","285","1","102","133","213","253","131"
"2019","1","A","골목상권","1000317","노해로33길","1934","844","1090","3","316","350","497","504","264","1","70","172","247","211","143","2","246","178","250","293","121"
"2019","1","A","골목상권","1000316","노해로23길","1640","761","879","6","225","337","381","426","265","3","76","169","189","185","139","3","149","168","192","241","126"
"2019","1","A","골목상권","1000315","노해로17길","4792","2380","2412","17","522","1075","1140","1183","855","11","207","500","572","658","432","6","315","575","568","525","423"
"2019","1","A","골목상권","1000314","화랑로40길","3635","2270","1365","9","322","432","703","797","1372","2","115","222","374","470","1087","7","207","210","329","327","285"
"2019","1","A","골목상권","1000313","화랑로32길","2485","1116","1369","7","321","536","688","572","361","3","104","209","333","265","202","4","217","327","355","307","159"
"2019","1","A","골목상권","1000312","화랑로1길","4370","2308","2062","26","703","968","1154","997","522","4","274","543","645","569","273","22","429","425","509","428","249"
"2019","1","A","골목상권","1000311","화랑로19길","1967","978","989","5","238","447","587","444","246","1","94","216","288","205","174","4","144","231","299","239","72"
"2019","1","A","골목상권","1000310","화랑로14길","4281","2397","1884","7","1048","1198","890","723","415","1","503","758","502","381","252","6","545","440","388","342","163"
"2019","1","A","골목상권","1000309","화랑로13길","5057","2819","2238","7","1180","1334","1048","944","544","1","520","826","612","536","324","6","660","508","436","408","220"
"2019","1","A","골목상권","1000308","한천로76길","2008","1052","956","8","243","364","519","552","322","2","88","176","273","314","199","6","155","188","246","238","123"
"2019","1","A","골목상권","1000307","한천로101가길","1300","565","735","12","165","280","337","311","195","9","53","115","119","154","115","3","112","165","218","157","80"
"2019","1","A","골목상권","1000306","창경궁로43길","3313","1562","1751","34","520","787","898","704","370","15","144","335","416","420","232","19","376","452","482","284","138"
"2019","1","A","골목상권","1000305","지봉로20길","3415","1841","1574","7","391","565","664","681","1107","1","129","287","326","338","760","6","262","278","338","343","347"
"2019","1","A","골목상권","1000304","종암로5길","4981","2784","2197","4","706","1436","1297","1083","455","1","250","676","760","755","342","3","456","760","537","328","113"
"2019","1","A","골목상권","1000303","종암로24가길","2393","1261","1132","8","350","523","619","618","275","2","132","320","362","342","103","6","218","203","257","276","172"
"2019","1","A","골목상권","1000302","종암로21길","2678","1365","1313","9","345","582","715","685","342","3","127","336","392","375","132","6","218","246","323","310","210"
"2019","1","A","골목상권","1000301","종암로19길","1605","581","1024","7","262","297","394","384","261","2","79","123","166","119","92","5","183","174","228","265","169"
"2019","1","A","골목상권","1000300","종암로16길","1923","748","1175","7","313","388","495","460","260","2","91","151","197","169","138","5","222","237","298","291","122"
"2019","1","A","골목상권","1000299","정릉로8길","2471","1516","955","0","368","481","726","636","260","0","132","235","465","474","210","0","236","246","261","162","50"
"2019","1","A","골목상권","1000298","정릉로27길","2215","1060","1155","7","288","413","577","580","350","3","91","174","231","315","246","4","197","239","346","265","104"
"2019","1","A","골목상권","1000297","정릉로26길","1283","541","742","7","185","276","356","296","163","3","74","115","124","124","101","4","111","161","232","172","62"
"2019","1","A","골목상권","1000296","장위로50길","3081","1958","1123","3","238","332","506","679","1323","0","92","173","256","390","1047","3","146","159","250","289","276"
"2019","1","A","골목상권","1000295","장월로1길","4477","2498","1979","8","1110","1218","908","803","430","2","501","758","527","453","257","6","609","460","381","350","173"
"2019","1","A","골목상권","1000294","인촌로6길","3607","2015","1592","14","484","600","704","699","1106","3","167","309","380","378","778","11","317","291","324","321","328"
"2019","1","A","골목상권","1000293","인촌로5길","9127","4123","5004","23","1796","2543","2238","1903","624","9","435","970","1141","1186","382","14","1361","1573","1097","717","242"
"2019","1","A","골목상권","1000292","인촌로24길","9372","4693","4679","17","1723","2851","2377","1666","738","2","502","1224","1343","1094","528","15","1221","1627","1034","572","210"
"2019","1","A","골목상권","1000291","개운사길","8349","4109","4240","14","1610","2648","2076","1457","544","3","443","1112","1165","986","400","11","1167","1536","911","471","144"
"2019","1","A","골목상권","1000290","인촌로1길","6202","3133","3069","22","905","1487","1516","1546","726","10","342","662","767","945","407","12","563","825","749","601","319"
"2019","1","A","골목상권","1000289","인촌로17가길","5131","1988","3143","12","1298","1528","1231","823","239","3","232","527","608","464","154","9","1066","1001","623","359","85"
"2019","1","A","골목상권","1000288","오패산로4길","5981","3349","2632","11","1319","1537","1296","1137","681","2","583","952","763","663","386","9","736","585","533","474","295"
"2019","1","A","골목상권","1000287","오패산로3길","2879","1453","1426","14","449","651","733","630","402","1","175","330","390","333","224","13","274","321","343","297","178"
"2019","1","A","골목상권","1000286","오패산로19길","3311","1481","1830","17","612","839","842","640","361","3","223","402","399","263","191","14","389","437","443","377","170"
"2019","1","A","골목상권","1000285","안암로5길","4496","2418","2078","17","710","994","1110","936","729","3","270","536","634","527","448","14","440","458","476","409","281"
"2019","1","A","골목상권","1000284","아리랑로4길","3837","1662","2175","15","684","841","871","800","626","2","203","365","411","354","327","13","481","476","460","446","299"
"2019","1","A","골목상권","1000283","솔샘로6길","1472","827","645","3","174","236","381","418","260","2","65","107","204","260","189","1","109","129","177","158","71"
"2019","1","A","골목상권","1000282","성북로8길","2892","1262","1630","30","481","759","800","537","285","13","142","330","346","278","153","17","339","429","454","259","132"
"2019","1","A","골목상권","1000281","삼양로8길","3190","1134","2056","27","498","677","810","703","475","10","123","280","283","214","224","17","375","397","527","489","251"
"2019","1","A","골목상권","1000280","삼선교로16가길","1692","776","916","1","284","353","451","417","186","1","108","135","203","212","117","0","176","218","248","205","69"
"2019","1","A","골목상권","1000279","삼선교로10다길","1644","761","883","7","311","354","433","377","162","2","120","140","205","201","93","5","191","214","228","176","69"
"2019","1","A","골목상권","1000278","삼선교로10길","1906","749","1157","19","267","372","490","450","308","10","76","153","188","189","133","9","191","219","302","261","175"
"2019","1","A","골목상권","1000277","보문로32길","9280","4213","5067","21","1870","2612","2203","1905","669","8","464","1023","1118","1189","411","13","1406","1589","1085","716","258"
"2019","1","A","골목상권","1000276","보문로31길","6180","3087","3093","15","744","1392","1495","1670","864","7","277","617","753","972","461","8","467","775","742","698","403"
"2019","1","A","골목상권","1000275","보문로26길","6229","2500","3729","13","1477","1749","1460","1067","463","4","294","638","717","563","284","9","1183","1111","743","504","179"
"2019","1","A","골목상권","1000274","보문로13길","4013","2146","1867","11","446","677","785","779","1315","1","161","350","404","389","841","10","285","327","381","390","474"
"2019","1","A","골목상권","1000273","보국문로16길","2611","1421","1190","4","309","430","632","740","496","1","91","192","334","462","341","3","218","238","298","278","155"
"2019","1","A","골목상권","1000272","동소문로6길","2376","945","1431","30","335","554","663","473","321","15","93","232","244","213","148","15","242","322","419","260","173"
"2019","1","A","골목상권","1000271","동소문로2길","2298","1072","1226","18","347","480","578","507","368","9","114","263","275","236","175","9","233","217","303","271","193"
"2019","1","A","골목상권","1000270","동소문로26가길","7953","3130","4823","17","1867","2178","1789","1381","721","3","405","797","850","670","405","14","1462","1381","939","711","316"
"2019","1","A","골목상권","1000269","동소문로15길","5509","2336","3173","20","813","913","992","1091","1680","3","238","425","474","471","725","17","575","488","518","620","955"
"2019","1","A","골목상권","1000268","동소문로13길","6156","2666","3490","17","903","1103","1205","1187","1741","4","272","543","589","516","742","13","631","560","616","671","999"
"2019","1","A","골목상권","1000267","돌곶이로8길","1521","858","663","3","131","254","349","445","339","1","45","100","163","301","248","2","86","154","186","144","91"
"2019","1","A","골목상권","1000266","돌곶이로41길","770","354","416","6","114","143","195","180","132","5","37","67","79","84","82","1","77","76","116","96","50"
"2019","1","A","골목상권","1000265","돌곶이로28길","3461","2193","1268","4","318","435","604","746","1354","0","126","228","326","439","1074","4","192","207","278","307","280"
"2019","1","A","골목상권","1000264","돌곶이로27길","2485","1178","1307","7","288","545","661","614","370","0","95","231","330","286","236","7","193","314","331","328","134"
"2019","1","A","골목상권","1000263","돌곶이로22길","3157","1791","1366","5","307","456","577","608","1204","1","109","222","269","292","898","4","198","234","308","316","306"
"2019","1","A","골목상권","1000262","돌곶이로14길","1731","991","740","2","139","301","436","502","351","1","42","139","224","336","249","1","97","162","212","166","102"
"2019","1","A","골목상권","1000261","길음로7길","2018","744","1274","16","281","335","483","514","389","7","67","151","173","169","177","9","214","184","310","345","212"
"2019","1","A","골목상권","1000260","중랑천로10길","4843","3012","1831","20","677","1036","1328","1281","501","12","312","613","847","894","334","8","365","423","481","387","167"
"2019","1","A","골목상권","1000259","용마산로94길","2120","1216","904","3","252","328","524","614","399","1","96","145","286","399","289","2","156","183","238","215","110"
"2019","1","A","골목상권","1000258","용마산로118길","3028","1572","1456","4","401","513","720","787","603","0","120","216","323","461","452","4","281","297","397","326","151"
"2019","1","A","골목상권","1000257","용마산로112길","1987","1051","936","1","254","354","476","500","402","0","89","172","225","281","284","1","165","182","251","219","118"
"2019","1","A","골목상권","1000256","용마산로100길","1971","998","973","4","223","263","481","572","428","1","78","118","233","313","255","3","145","145","248","259","173"
"2019","1","A","골목상권","1000255","신내로7가길","2546","1005","1541","6","336","487","626","650","441","2","97","184","235","239","248","4","239","303","391","411","193"
"2019","1","A","골목상권","1000254","사가정로54길","2371","1300","1071","6","328","412","574","700","351","1","107","176","324","422","270","5","221","236","250","278","81"
"2019","1","A","골목상권","1000253","사가정로42길","1196","628","568","1","124","257","312","313","189","0","52","128","161","172","115","1","72","129","151","141","74"
"2019","1","A","골목상권","1000252","봉화산로56길","6060","3035","3025","13","596","1228","1497","1694","1032","8","186","509","664","967","701","5","410","719","833","727","331"
"2019","1","A","골목상권","1000251","봉화산로4길","1970","944","1026","3","187","363","556","523","338","3","69","181","270","219","202","0","118","182","286","304","136"
"2019","1","A","골목상권","1000250","봉화산로30길","2337","1157","1180","9","253","366","577","706","426","7","82","154","268","363","283","2","171","212","309","343","143"
"2019","1","A","골목상권","1000249","봉우재로33길","4722","2691","2031","15","631","1038","1229","1022","787","5","268","657","637","555","569","10","363","381","592","467","218"
"2019","1","A","골목상권","1000248","면목로78길","4247","2191","2056","13","538","998","1257","950","491","2","240","634","615","409","291","11","298","364","642","541","200"
"2019","1","A","골목상권","1000247","면목로56길","2652","1306","1346","5","344","483","708","798","314","2","97","208","375","438","186","3","247","275","333","360","128"
"2019","1","A","골목상권","1000246","면목로55길","2363","1189","1174","4","305","449","579","690","336","1","78","206","305","387","212","3","227","243","274","303","124"
"2019","1","A","골목상권","1000245","면목로49길","2816","1307","1509","7","423","582","717","739","348","1","104","235","368","390","209","6","319","347","349","349","139"
"2019","1","A","골목상권","1000244","면목로48길","2824","1327","1497","6","418","545","709","770","376","0","100","202","361","418","246","6","318","343","348","352","130"
"2019","1","A","골목상권","1000243","면목로45길","2737","1300","1437","9","436","567","686","693","346","1","112","223","371","379","214","8","324","344","315","314","132"
"2019","1","A","골목상권","1000242","면목로33길","1943","1136","807","1","198","318","498","675","253","0","73","150","278","458","177","1","125","168","220","217","76"
"2019","1","A","골목상권","1000241","면목로21길","1832","1100","732","2","208","280","464","605","273","0","79","130","274","436","181","2","129","150","190","169","92"
"2019","1","A","골목상권","1000240","망우로73길","2220","1176","1044","2","243","413","534","597","431","0","78","175","222","360","341","2","165","238","312","237","90"
"2019","1","A","골목상권","1000239","망우로68길","3300","1586","1714","15","385","571","760","893","676","3","102","241","351","450","439","12","283","330","409","443","237"
"2019","1","A","골목상권","1000238","동일로163길","2063","1013","1050","5","264","476","530","500","288","2","92","232","260","260","167","3","172","244","270","240","121"
"2019","1","A","골목상권","1000237","동일로157길","3871","1954","1917","7","482","757","874","850","901","2","166","368","418","406","594","5","316","389","456","444","307"
"2019","1","A","골목상권","1000236","동일로149길","2168","1179","989","3","233","365","455","451","661","2","88","177","230","224","458","1","145","188","225","227","203"
"2019","1","A","골목상권","1000235","동일로140길","3178","1565","1613","7","313","547","714","728","869","2","111","221","338","308","585","5","202","326","376","420","284"
"2019","1","A","골목상권","1000234","동일로139길","2631","1365","1266","6","242","410","571","584","818","4","89","193","296","248","535","2","153","217","275","336","283"
"2019","1","A","골목상권","1000233","동일로139가길","3257","1692","1565","10","330","544","740","753","880","6","120","253","384","344","585","4","210","291","356","409","295"
"2019","1","A","골목상권","1000232","동일로130길","2110","849","1261","3","228","374","586","598","321","1","70","147","235","218","178","2","158","227","351","380","143"
"2019","1","A","골목상권","1000231","동일로123길","3182","1650","1532","6","350","548","789","866","623","4","120","252","379","462","433","2","230","296","410","404","190"
"2019","1","A","골목상권","1000230","동일로112길","5932","3120","2812","20","862","1346","1629","1309","766","11","334","783","803","680","509","9","528","563","826","629","257"
"2019","1","A","골목상권","1000229","동일로101길","2256","1082","1174","4","239","413","593","613","394","3","75","182","280","294","248","1","164","231","313","319","146"
"2019","1","A","골목상권","1000228","동일로100길","4830","2650","2180","11","589","1098","1402","1117","613","4","262","684","712","570","418","7","327","414","690","547","195"
"2019","1","A","골목상권","1000227","답십리로75길","1786","1050","736","1","183","302","462","602","236","0","61","144","267","421","157","1","122","158","195","181","79"
"2019","1","A","골목상권","1000226","공릉로2길","2349","1119","1230","6","336","509","585","570","343","2","105","254","273","273","212","4","231","255","312","297","131"
"2019","1","A","골목상권","1000225","공릉로12가길","1893","785","1108","6","188","404","489","518","288","4","62","175","175","202","167","2","126","229","314","316","121"
"2019","1","A","골목상권","1000224","겸재로54길","2578","1140","1438","7","257","437","676","783","418","3","89","197","336","319","196","4","168","240","340","464","222"
"2019","1","A","골목상권","1000223","겸재로36길","2011","981","1030","7","223","338","485","595","363","3","63","162","215","289","249","4","160","176","270","306","114"
"2019","1","A","골목상권","1000222","겸재로29길","3936","2105","1831","13","514","931","1150","878","450","3","224","590","552","427","309","10","290","341","598","451","141"
"2019","1","A","골목상권","1000221","휘경로3길","2621","1375","1246","8","285","567","780","672","309","5","95","267","399","413","196","3","190","300","381","259","113"
"2019","1","A","골목상권","1000220","휘경로2길","2451","1315","1136","6","266","554","713","627","285","4","86","276","377","393","179","2","180","278","336","234","106"
"2019","1","A","골목상권","1000219","휘경로23길","576","254","322","2","71","114","168","134","87","1","29","42","71","61","50","1","42","72","97","73","37"
"2019","1","A","골목상권","1000218","휘경로14길","1532","758","774","6","223","271","338","290","404","4","91","143","163","122","235","2","132","128","175","168","169"
"2019","1","A","골목상권","1000217","한천로46길","2993","1685","1308","4","426","672","831","670","390","3","233","379","446","362","262","1","193","293","385","308","128"
"2019","1","A","골목상권","1000216","한천로40길","3836","2036","1800","4","524","746","948","980","634","1","276","447","504","470","338","3","248","299","444","510","296"
"2019","1","A","골목상권","1000215","한천로33길","1948","868","1080","2","214","364","511","564","293","0","90","187","221","238","132","2","124","177","290","326","161"
"2019","1","A","골목상권","1000214","한천로14길","8920","5286","3634","25","1160","1871","2081","1899","1884","12","529","1109","1304","1094","1238","13","631","762","777","805","646"
"2019","1","A","골목상권","1000213","천호대로97길","5759","3635","2124","15","685","1346","1343","1250","1120","5","373","888","807","747","815","10","312","458","536","503","305"
"2019","1","A","골목상권","1000212","천호대로77길","14144","8768","5376","68","2445","3069","2902","2718","2942","22","1211","1991","1888","1653","2003","46","1234","1078","1014","1065","939"
"2019","1","A","골목상권","1000211","천호대로45길","4559","2481","2078","4","563","1084","1183","1215","510","3","258","568","582","733","337","1","305","516","601","482","173"
"2019","1","A","골목상권","1000210","천호대로17길","8745","5262","3483","21","1621","2559","2074","1394","1076","3","674","1508","1380","935","762","18","947","1051","694","459","314"
"2019","1","A","골목상권","1000209","천호대로12길","13309","6843","6466","22","1792","3639","4178","2715","963","4","761","2143","2116","1251","568","18","1031","1496","2062","1464","395"
"2019","1","A","골목상권","1000208","천장산로7길","7698","3577","4121","4","1272","2142","2052","1629","599","1","309","828","1008","963","468","3","963","1314","1044","666","131"
"2019","1","A","골목상권","1000207","제기로5길","4836","2844","1992","3","569","1337","1337","1084","506","1","220","673","807","780","363","2","349","664","530","304","143"
"2019","1","A","골목상권","1000206","제기로21길","2569","1437","1132","2","371","682","560","606","348","2","170","421","327","335","182","0","201","261","233","271","166"
"2019","1","A","골목상권","1000205","전농로4길","23971","19834","4137","48","2445","4148","7665","7947","1718","37","1648","3153","6574","7051","1371","11","797","995","1091","896","347"
"2019","1","A","골목상권","1000204","전농로3길","3199","1446","1753","16","455","591","859","763","515","10","194","298","351","313","280","6","261","293","508","450","235"
"2019","1","A","골목상권","1000203","전농로29길","3197","1676","1521","3","385","804","862","780","363","2","147","343","484","455","245","1","238","461","378","325","118"
"2019","1","A","골목상권","1000202","장한로8길","10101","6207","3894","45","1355","2363","2390","2058","1890","22","641","1476","1441","1217","1410","23","714","887","949","841","480"
"2019","1","A","골목상권","1000201","장한로5길","9893","5857","4036","38","1213","1997","2230","2114","2301","20","558","1169","1362","1206","1542","18","655","828","868","908","759"
"2019","1","A","골목상권","1000200","장한로27길","4746","2111","2635","37","740","1000","1204","1094","671","9","254","464","557","473","354","28","486","536","647","621","317"
"2019","1","A","골목상권","1000199","장한로27가길","4908","2084","2824","22","704","958","1248","1242","734","5","228","433","547","510","361","17","476","525","701","732","373"
"2019","1","A","골목상권","1000198","장한로26길","3575","1555","2020","36","560","795","930","768","486","12","172","331","425","349","266","24","388","464","505","419","220"
"2019","1","A","골목상권","1000197","장한로26가길","5253","2648","2605","34","781","1208","1351","1160","719","11","274","611","719","574","459","23","507","597","632","586","260"
"2019","1","A","골목상권","1000196","장한로25길","4491","2146","2345","39","747","985","1147","978","595","13","277","477","579","465","335","26","470","508","568","513","260"
"2019","1","A","골목상권","1000195","장한로14길","4576","2686","1890","4","585","1100","1192","1072","623","3","231","623","725","631","473","1","354","477","467","441","150"
"2019","1","A","골목상권","1000194","이문로42길","1669","735","934","2","199","349","450","416","253","1","42","128","209","197","158","1","157","221","241","219","95"
"2019","1","A","골목상권","1000193","왕산로43길","4248","2262","1986","41","822","966","924","908","587","20","393","549","507","452","341","21","429","417","417","456","246"
"2019","1","A","골목상권","1000192","왕산로33길","2317","1334","983","5","294","419","524","556","519","5","129","235","334","288","343","0","165","184","190","268","176"
"2019","1","A","골목상권","1000191","왕산로32길","4345","2356","1989","4","523","1013","1100","1161","544","3","233","514","541","704","361","1","290","499","559","457","183"
"2019","1","A","골목상권","1000190","약령시로17길","3310","1960","1350","6","341","710","801","854","598","5","194","475","501","449","336","1","147","235","300","405","262"
"2019","1","A","골목상권","1000189","서울시립대로4길","2273","1232","1041","2","324","477","603","515","352","0","142","262","316","286","226","2","182","215","287","229","126"
"2019","1","A","골목상권","1000188","서울시립대로29길","3731","1932","1799","21","536","932","909","888","445","12","200","404","496","508","312","9","336","528","413","380","133"
"2019","1","A","골목상권","1000187","서울시립대로16길","1728","798","930","6","235","398","474","415","200","3","86","184","237","191","97","3","149","214","237","224","103"
"2019","1","A","골목상권","1000186","사가정로2길","5175","2731","2444","13","811","1209","1304","1067","771","4","364","666","662","523","512","9","447","543","642","544","259"
"2019","1","A","골목상권","1000185","사가정로23가길","3672","1950","1722","3","464","745","988","948","524","2","248","409","514","477","300","1","216","336","474","471","224"
"2019","1","A","골목상권","1000184","사가정로13길","3283","1574","1709","2","392","840","848","816","385","1","114","326","413","446","274","1","278","514","435","370","111"
"2019","1","A","골목상권","1000181","망우로21길","2322","1097","1225","23","426","492","525","410","446","10","134","240","262","188","263","13","292","252","263","222","183"
"2019","1","A","골목상권","1000180","망우로18길","4680","2159","2521","22","856","1112","1033","1007","650","9","233","474","526","510","407","13","623","638","507","497","243"
"2019","1","A","골목상권","1000183","무학로45길","4590","2493","2097","9","878","1240","1109","772","582","1","356","625","649","459","403","8","522","615","460","313","179"
"2019","1","A","골목상권","1000182","무학로16길","11118","7623","3495","31","1445","2642","2724","2843","1433","14","755","1780","2100","2024","950","17","690","862","624","819","483"
"2019","1","A","골목상권","1000179","망우로18가길","4261","1925","2336","22","798","1038","942","925","536","9","205","427","469","460","355","13","593","611","473","465","181"
"2019","1","A","골목상권","1000178","답십리로72길","4321","2270","2051","23","609","960","1099","954","676","8","216","486","590","515","455","15","393","474","509","439","221"
"2019","1","A","골목상권","1000177","답십리로69길","4317","2181","2136","14","676","924","1072","1019","612","6","300","465","549","500","361","8","376","459","523","519","251"
"2019","1","A","골목상권","1000176","답십리로68길","5672","2942","2730","31","906","1316","1450","1214","755","10","352","692","814","616","458","21","554","624","636","598","297"
"2019","1","A","골목상권","1000175","답십리로64길","4598","2433","2165","14","668","1007","1172","1038","699","4","286","545","649","544","405","10","382","462","523","494","294"
"2019","1","A","골목상권","1000174","답십리로63길","3256","1438","1818","13","448","617","787","869","522","4","159","323","358","369","225","9","289","294","429","500","297"
"2019","1","A","골목상권","1000173","답십리로60길","3461","2098","1363","4","442","747","887","818","563","2","257","459","552","467","361","2","185","288","335","351","202"
"2019","1","A","골목상권","1000172","답십리로56길","2046","1042","1004","9","269","423","523","508","314","8","109","224","280","238","183","1","160","199","243","270","131"
"2019","1","A","골목상권","1000171","답십리로23길","1192","577","615","4","184","217","333","274","180","1","81","103","174","134","84","3","103","114","159","140","96"
"2019","1","A","골목상권","1000170","난계로30길","15058","7007","8051","73","1851","3194","4074","3378","2488","50","726","1691","1791","1401","1348","23","1125","1503","2283","1977","1140"
"2019","1","A","골목상권","1000169","경희대로4길","7141","3071","4070","10","1333","1986","1740","1405","667","2","371","818","787","681","412","8","962","1168","953","724","255"
"2019","1","A","골목상권","1000168","경희대로3길","4651","1905","2746","10","1129","1412","943","801","356","4","348","663","391","321","178","6","781","749","552","480","178"
"2019","1","A","골목상권","1000167","천호대로129길","3585","1748","1837","30","476","780","808","864","627","11","198","378","407","395","359","19","278","402","401","469","268"
"2019","1","A","골목상권","1000166","천호대로123길","4838","2376","2462","17","618","1052","1192","1165","794","6","247","510","574","549","490","11","371","542","618","616","304"
"2019","1","A","골목상권","1000165","천호대로109길","5742","3224","2518","12","841","1399","1527","1218","745","5","380","783","890","693","473","7","461","616","637","525","272"
"2019","1","A","골목상권","1000164","자양번영로3길","1786","798","988","4","158","346","505","471","302","3","58","153","211","194","179","1","100","193","294","277","123"
"2019","1","A","골목상권","1000163","자양로53길","2807","1348","1459","6","317","456","660","787","581","2","115","230","302","353","346","4","202","226","358","434","235"
"2019","1","A","골목상권","1000162","자양로50길","2824","1318","1506","31","391","656","697","678","371","13","148","308","336","315","198","18","243","348","361","363","173"
"2019","1","A","골목상권","1000161","자양로45길","4330","2058","2272","28","540","850","1044","1112","756","10","217","410","497","500","424","18","323","440","547","612","332"
"2019","1","A","골목상권","1000160","자양로26길","5263","3393","1870","4","557","1228","1457","1408","609","3","268","773","987","1009","353","1","289","455","470","399","256"
"2019","1","A","골목상권","1000159","자양로15길","12753","7413","5340","34","1862","2861","3212","3261","1523","12","587","1340","2074","2239","1161","22","1275","1521","1138","1022","362"
"2019","1","A","골목상권","1000158","자양로11길","8047","5016","3031","25","960","1518","2091","2086","1367","7","377","871","1429","1350","982","18","583","647","662","736","385"
"2019","1","A","골목상권","1000157","용마산로3길","5244","2657","2587","9","757","1147","1282","1167","882","3","322","585","648","567","532","6","435","562","634","600","350"
"2019","1","A","골목상권","1000156","용마산로21길","4152","1889","2263","8","399","851","1052","1145","697","3","119","382","513","517","355","5","280","469","539","628","342"
"2019","1","A","골목상권","1000155","아차산로78길","4443","2376","2067","17","775","1084","1058","898","611","11","261","553","652","483","416","6","514","531","406","415","195"
"2019","1","A","골목상권","1000154","아차산로65길","4259","2000","2259","22","581","769","831","984","1072","12","209","372","416","456","535","10","372","397","415","528","537"
"2019","1","A","골목상권","1000153","아차산로55길","8966","5216","3750","11","681","1560","2669","2939","1106","6","335","948","1677","1577","673","5","346","612","992","1362","433"
"2019","1","A","골목상권","1000152","아차산로51길","12146","7228","4918","24","1574","2892","3258","3188","1210","10","535","1456","2134","2241","852","14","1039","1436","1124","947","358"
"2019","1","A","골목상권","1000151","아차산로40길","8136","4004","4132","21","1452","2198","1815","1572","1078","8","451","915","942","888","800","13","1001","1283","873","684","278"
"2019","1","A","골목상권","1000150","면목로17길","2393","1489","904","1","241","395","585","764","407","0","97","212","342","545","293","1","144","183","243","219","114"
"2019","1","A","골목상권","1000149","뚝섬로64길","4295","2893","1402","8","346","727","1259","1445","510","3","179","458","938","958","357","5","167","269","321","487","153"
"2019","1","A","골목상권","1000148","뚝섬로58길","4580","3064","1516","8","348","785","1323","1507","609","3","184","494","967","1003","413","5","164","291","356","504","196"
"2019","1","A","골목상권","1000147","뚝섬로54길","1566","705","861","1","131","307","404","406","317","0","50","140","161","167","187","1","81","167","243","239","130"
"2019","1","A","골목상권","1000146","뚝섬로48길","2118","939","1179","6","284","450","572","511","295","3","102","204","243","216","171","3","182","246","329","295","124"
"2019","1","A","골목상권","1000145","뚝섬로24길","1520","917","603","1","198","295","363","345","318","0","87","198","207","196","229","1","111","97","156","149","89"
"2019","1","A","골목상권","1000144","뚝섬로23길","3273","1739","1534","22","632","793","773","630","423","10","283","447","402","314","283","12","349","346","371","316","140"
"2019","1","A","골목상권","1000143","동일로24길","7166","4501","2665","48","1600","1861","1558","1267","832","26","925","1297","1030","676","547","22","675","564","528","591","285"
"2019","1","A","골목상권","1000142","동일로18길","9072","5783","3289","55","1871","2302","2032","1747","1065","36","1069","1578","1337","1045","718","19","802","724","695","702","347"
"2019","1","A","골목상권","1000141","능동로4길","1603","719","884","8","178","319","439","399","260","4","56","134","183","172","170","4","122","185","256","227","90"
"2019","1","A","골목상권","1000140","능동로3길","1612","789","823","6","230","307","397","374","298","2","71","153","182","179","202","4","159","154","215","195","96"
"2019","1","A","골목상권","1000139","능동로34길","8033","3684","4349","30","1480","1791","1817","1789","1126","12","623","879","844","698","628","18","857","912","973","1091","498"
"2019","1","A","골목상권","1000138","능동로19길","5593","2554","3039","24","1293","1595","1248","970","463","10","400","663","656","497","328","14","893","932","592","473","135"
"2019","1","A","골목상권","1000137","능동로13길","9580","4943","4637","74","2470","2817","2028","1434","757","34","1031","1568","1118","683","509","40","1439","1249","910","751","248"
"2019","1","A","골목상권","1000136","긴고랑로9길","3214","1328","1886","7","344","668","797","848","550","2","101","291","338","338","258","5","243","377","459","510","292"
"2019","1","A","골목상권","1000135","긴고랑로8길","3969","2085","1884","12","414","798","936","969","840","6","152","469","523","481","454","6","262","329","413","488","386"
"2019","1","A","골목상권","1000134","긴고랑로7길","3329","1658","1671","9","357","656","753","846","708","4","114","353","351","413","423","5","243","303","402","433","285"
"2019","1","A","골목상권","1000133","긴고랑로20길","3797","1708","2089","6","383","682","1023","1047","656","3","119","337","481","460","308","3","264","345","542","587","348"
"2019","1","A","골목상권","1000132","광나루로52길","10178","5587","4591","29","918","1678","2666","3263","1624","17","430","1005","1622","1656","857","12","488","673","1044","1607","767"
"2019","1","A","골목상권","1000131","광나루로40길","2184","1056","1128","0","244","416","566","586","372","0","66","187","295","309","199","0","178","229","271","277","173"
"2019","1","A","골목상권","1000130","광나루로37길","2418","1239","1179","9","306","475","546","651","431","3","94","213","282","357","290","6","212","262","264","294","141"
"2019","1","A","골목상권","1000129","광나루로36길","3597","2179","1418","7","483","906","837","856","508","3","205","576","526","553","316","4","278","330","311","303","192"
"2019","1","A","골목상권","1000128","광나루로24길","4327","1851","2476","21","1095","1352","955","659","245","8","307","529","491","350","166","13","788","823","464","309","79"
"2019","1","A","골목상권","1000127","광나루로12길","6290","3755","2535","50","1396","1682","1361","1110","691","28","722","1148","805","579","473","22","674","534","556","531","218"
"2019","1","A","골목상권","1000126","한림말길","1861","808","1053","7","392","433","446","351","232","2","139","188","182","154","143","5","253","245","264","197","89"
"2019","1","A","골목상권","1000125","한림말3길","1364","561","803","7","266","316","335","291","149","2","98","128","125","121","87","5","168","188","210","170","62"
"2019","1","A","골목상권","1000124","청계천로10나길","12953","8082","4871","17","1336","2807","3183","3842","1768","15","684","1725","2046","2483","1129","2","652","1082","1137","1359","639"
"2019","1","A","골목상권","1000123","장터길","1171","436","735","6","178","286","258","262","181","2","46","107","100","88","93","4","132","179","158","174","88"
"2019","1","A","골목상권","1000122","용답중앙길","4577","2409","2168","12","686","1078","1115","959","727","5","325","588","571","449","471","7","361","490","544","510","256"
"2019","1","A","골목상권","1000121","용답29길","25249","20572","4677","69","2581","4298","8129","8301","1871","43","1685","3209","6855","7286","1494","26","896","1089","1274","1015","377"
"2019","1","A","골목상권","1000120","왕십리로6길","30716","16912","13804","189","7527","9480","7021","4617","1882","87","3335","5817","4243","2172","1258","102","4192","3663","2778","2445","624"
"2019","1","A","골목상권","1000119","왕십리로31길","4770","2307","2463","12","749","1084","1065","1056","804","4","253","530","591","524","405","8","496","554","474","532","399"
"2019","1","A","골목상권","1000118","왕십리로26길","11724","6200","5524","52","2001","2685","2868","2620","1498","23","724","1361","1622","1596","874","29","1277","1324","1246","1024","624"
"2019","1","A","골목상권","1000117","왕십리로21길","2947","1227","1720","13","509","647","748","688","342","7","162","244","297","312","205","6","347","403","451","376","137"
"2019","1","A","골목상권","1000116","왕십리로14길","16569","9869","6700","51","3733","5344","3632","2311","1498","20","1479","3264","2430","1580","1096","31","2254","2080","1202","731","402"
"2019","1","A","골목상권","1000115","아차산로5길","33395","18340","15055","189","8114","10128","7863","4980","2121","83","3611","6135","4649","2441","1421","106","4503","3993","3214","2539","700"
"2019","1","A","골목상권","1000114","아차산로15길","25047","15338","9709","146","5145","6532","5779","4763","2682","89","2660","4367","3727","2708","1787","57","2485","2165","2052","2055","895"
"2019","1","A","골목상권","1000113","아차산로11길","30097","18222","11875","167","6224","7926","7168","5523","3089","91","2943","5061","4646","3364","2117","76","3281","2865","2522","2159","972"
"2019","1","A","골목상권","1000112","송정4가길","12547","7636","4911","76","2571","3521","2923","2180","1276","42","1225","2252","1787","1351","979","34","1346","1269","1136","829","297"
"2019","1","A","골목상권","1000111","송정12라길","1465","717","748","1","194","332","358","325","255","1","89","177","170","131","149","0","105","155","188","194","106"
"2019","1","A","골목상권","1000110","성수일로6길","44749","24947","19802","280","10837","13298","10255","6783","3296","129","4912","8156","6300","3459","1991","151","5925","5142","3955","3324","1305"
"2019","1","A","골목상권","1000109","성수이로7길","57714","26163","31551","291","11321","14432","15766","13805","2099","180","6315","9826","6358","2351","1133","111","5006","4606","9408","11454","966"
"2019","1","A","골목상권","1000108","성수이로18길","27076","16677","10399","112","5358","7026","6464","5114","3002","69","2758","4629","4301","3036","1884","43","2600","2397","2163","2078","1118"
"2019","1","A","골목상권","1000107","성덕정길","35179","14361","20818","154","5236","8090","10776","10308","615","113","3418","5848","3468","1108","406","41","1818","2242","7308","9200","209"
"2019","1","A","골목상권","1000106","성덕정17길","37415","15718","21697","144","5760","8639","11381","10621","870","105","3648","6196","3891","1305","573","39","2112","2443","7490","9316","297"
"2019","1","A","골목상권","1000105","서울숲2길","7418","4488","2930","36","1468","2107","1789","1246","772","17","609","1246","1185","828","603","19","859","861","604","418","169"
"2019","1","A","골목상권","1000104","상원길","30123","16326","13797","161","7246","9398","7041","4520","1757","71","3220","5726","4113","2072","1124","90","4026","3672","2928","2448","633"
"2019","1","A","골목상권","1000103","상원12길","15431","9227","6204","48","3566","5142","3402","2019","1254","21","1410","3163","2300","1406","927","27","2156","1979","1102","613","327"
"2019","1","A","골목상권","1000102","사근동길","7462","3626","3836","7","1642","1742","2013","1498","560","6","483","779","996","929","433","1","1159","963","1017","569","127"
"2019","1","A","골목상권","1000101","무학봉길","1475","593","882","5","202","313","413","332","210","4","63","118","163","125","120","1","139","195","250","207","90"
"2019","1","A","골목상권","1000100","무학봉28길","6826","3496","3330","28","1401","1603","1605","1300","889","13","470","817","879","788","529","15","931","786","726","512","360"
"2019","1","A","골목상권","1000099","무학로6길","9261","5075","4186","42","1540","1960","2199","2161","1359","21","570","1054","1328","1306","796","21","970","906","871","855","563"
"2019","1","A","골목상권","1000098","무수막길","1218","473","745","3","159","269","297","298","192","1","45","99","108","113","107","2","114","170","189","185","85"
"2019","1","A","골목상권","1000097","매봉길","1764","750","1014","7","302","458","399","352","246","1","90","200","182","144","133","6","212","258","217","208","113"
"2019","1","A","골목상권","1000096","마조로1길","11138","5745","5393","30","2135","2551","2964","2501","957","16","671","1146","1550","1659","703","14","1464","1405","1414","842","254"
"2019","1","A","골목상권","1000095","마조로16길","2806","1716","1090","4","256","576","712","773","485","2","123","324","421","460","386","2","133","252","291","313","99"
"2019","1","A","골목상권","1000094","마장로39길","3070","1982","1088","4","296","649","814","812","495","2","174","415","526","504","361","2","122","234","288","308","134"
"2019","1","A","골목상권","1000093","마장로27길","12883","8078","4805","41","1319","2688","3256","3740","1839","25","655","1601","2122","2462","1213","16","664","1087","1134","1278","626"
"2019","1","A","골목상권","1000092","뚝섬로5길","58712","26727","31985","310","12025","15595","15788","13415","1579","185","6584","10421","6338","2224","975","125","5441","5174","9450","11191","604"
"2019","1","A","골목상권","1000091","둘레9길","33878","13431","20447","148","4970","7599","10503","10107","551","107","3280","5518","3262","936","328","41","1690","2081","7241","9171","223"
"2019","1","A","골목상권","1000090","금호산길","1669","663","1006","6","238","392","391","392","250","1","59","154","152","168","129","5","179","238","239","224","121"
"2019","1","A","골목상권","1000089","금호산2길","1570","613","957","5","237","339","373","335","281","2","67","144","143","110","147","3","170","195","230","225","134"
"2019","1","A","골목상권","1000088","고산자로6길","9931","4828","5103","31","2123","2244","2560","2022","951","15","663","998","1270","1191","691","16","1460","1246","1290","831","260"
"2019","1","A","골목상권","1000087","후암로28길","6036","2917","3119","14","549","1050","2071","1792","560","5","199","535","970","903","305","9","350","515","1101","889","255"
"2019","1","A","골목상권","1000086","효창원로39길","1974","1034","940","2","195","422","558","418","379","0","74","223","311","199","227","2","121","199","247","219","152"
"2019","1","A","골목상권","1000085","회나무로13길","4972","2552","2420","18","593","926","1531","1180","724","10","289","509","631","667","446","8","304","417","900","513","278"
"2019","1","A","골목상권","1000084","한남대로20길","8040","4195","3845","26","2044","2534","1784","1082","570","17","744","1410","1039","638","347","9","1300","1124","745","444","223"
"2019","1","A","골목상권","1000083","한강대로88길","6640","3400","3240","67","1196","1479","1988","1372","538","34","496","782","897","814","377","33","700","697","1091","558","161"
"2019","1","A","골목상권","1000082","한강대로7길","22178","14586","7592","175","7619","7224","4586","1809","765","59","3593","4993","3891","1542","508","116","4026","2231","695","267","257"
"2019","1","A","골목상권","1000081","한강대로62길","11320","7804","3516","18","1119","2701","3434","2843","1205","9","528","1756","2602","2074","835","9","591","945","832","769","370"
"2019","1","A","골목상권","1000079","한강대로43길","46231","23060","23171","366","13928","15679","10347","4148","1763","147","5239","8005","5823","2673","1173","219","8689","7674","4524","1475","590"
"2019","1","A","골목상권","1000078","한강대로15길","23870","15623","8247","163","7751","7577","4924","2288","1167","56","3645","5177","4094","1809","842","107","4106","2400","830","479","325"
"2019","1","A","골목상권","1000077","한강대로104길","54025","30252","23773","373","15429","17796","13177","5206","2044","97","5492","10895","9348","3075","1345","276","9937","6901","3829","2131","699"
"2019","1","A","골목상권","1000076","청파로73길","7644","4456","3188","31","1002","1638","1413","1727","1833","16","371","804","856","958","1451","15","631","834","557","769","382"
"2019","1","A","골목상권","1000075","청파로71길","10077","4734","5343","31","1495","2351","2140","2378","1682","20","468","1075","1115","963","1093","11","1027","1276","1025","1415","589"
"2019","1","A","골목상권","1000074","청파로47나길","8965","4855","4110","34","1539","2276","1991","1741","1384","22","536","1105","1184","945","1063","12","1003","1171","807","796","321"
"2019","1","A","골목상권","1000073","청파로47길","14567","7529","7038","699","5228","4041","2376","1556","667","297","2352","2257","1312","871","440","402","2876","1784","1064","685","227"
"2019","1","A","골목상권","1000072","장문로45길","1171","625","546","2","144","232","307","281","205","1","55","116","166","151","136","1","89","116","141","130","69"
"2019","1","A","골목상권","1000071","이태원로54길","10780","5518","5262","43","3019","3762","2274","1141","541","20","1141","1992","1406","676","283","23","1878","1770","868","465","258"
"2019","1","A","골목상권","1000070","이태원로27길","9790","5390","4400","46","2341","3086","2007","1462","848","20","1163","1666","1166","910","465","26","1178","1420","841","552","383"
"2019","1","A","골목상권","1000069","이촌로22길","9172","4945","4227","157","4630","2029","1330","628","398","53","1950","1221","1064","480","177","104","2680","808","266","148","221"
"2019","1","A","골목상권","1000068","원효로89길","26676","12967","13709","784","8518","8620","5543","2365","846","316","3717","4384","2748","1292","510","468","4801","4236","2795","1073","336"
"2019","1","A","골목상권","1000067","원효로53길","10081","6777","3304","80","1476","3196","2835","1465","1029","52","884","2300","1965","928","648","28","592","896","870","537","381"
"2019","1","A","골목상권","1000066","원효로41길","15765","9646","6119","206","5614","4276","3307","1554","808","92","2549","2850","2510","1136","509","114","3065","1426","797","418","299"
"2019","1","A","골목상권","1000065","원효로19길","16922","10437","6485","198","5695","4451","3446","1783","1349","88","2589","2971","2631","1290","868","110","3106","1480","815","493","481"
"2019","1","A","골목상권","1000080","한강대로52길","33148","15409","17739","156","8109","11311","8284","3869","1419","57","2609","5056","4208","2510","969","99","5500","6255","4076","1359","450"
"2019","1","A","골목상권","1000064","우사단로4길","1300","746","554","1","214","311","329","252","193","0","97","182","181","156","130","1","117","129","148","96","63"
"2019","1","A","골목상권","1000063","우사단로14길","5927","3273","2654","26","1458","2177","1259","627","380","10","706","1219","786","356","196","16","752","958","473","271","184"
"2019","1","A","골목상권","1000062","우사단로10길","6345","2934","3411","17","1490","2044","1493","836","465","6","436","957","831","465","239","11","1054","1087","662","371","226"
"2019","1","A","골목상권","1000061","신흥로20길","5222","2507","2715","10","490","883","1783","1596","460","4","187","444","812","816","244","6","303","439","971","780","216"
"2019","1","A","골목상권","1000060","소월로20길","3753","1828","1925","9","342","630","1450","1022","300","3","158","309","610","576","172","6","184","321","840","446","128"
"2019","1","A","골목상권","1000059","서빙고로71길","3589","1918","1671","9","721","1093","972","570","224","0","245","521","590","390","172","9","476","572","382","180","52"
"2019","1","A","골목상권","1000058","백범로90길","21952","10470","11482","756","7268","6584","4148","2153","1043","313","3177","3327","1971","1103","579","443","4091","3257","2177","1050","464"
"2019","1","A","골목상권","1000057","백범로79길","13752","5689","8063","98","3429","4426","3154","1686","959","33","1294","1846","1222","774","520","65","2135","2580","1932","912","439"
"2019","1","A","골목상권","1000056","두텁바위로1길","12369","6375","5994","82","1748","2545","3403","3113","1478","40","761","1481","1794","1445","854","42","987","1064","1609","1668","624"
"2019","1","A","골목상권","1000055","대사관로34길","5556","2861","2695","21","1318","1504","1250","941","522","10","485","829","696","531","310","11","833","675","554","410","212"
"2019","1","A","골목상권","1000054","녹사평대로46길","4204","2064","2140","14","580","831","1428","1048","303","5","277","442","553","577","210","9","303","389","875","471","93"
"2019","1","A","골목상권","1000053","녹사평대로40나길","6792","3472","3320","25","1152","1479","1984","1615","537","9","595","760","815","969","324","16","557","719","1169","646","213"
"2019","1","A","골목상권","1000052","녹사평대로32길","5325","2986","2339","28","1288","1542","1048","919","500","13","703","855","544","583","288","15","585","687","504","336","212"
"2019","1","A","골목상권","1000051","녹사평대로26길","7264","4027","3237","34","1610","2014","1613","1348","645","13","767","1042","902","895","408","21","843","972","711","453","237"
"2019","1","A","골목상권","1000050","녹사평대로11길","2747","1471","1276","4","451","847","854","467","124","0","137","402","530","313","89","4","314","445","324","154","35"
"2019","1","A","골목상권","1000049","퇴계로90길","5017","2619","2398","17","836","1242","1136","1108","678","4","361","664","630","566","394","13","475","578","506","542","284"
"2019","1","A","골목상권","1000048","퇴계로8길","50117","29933","20184","172","7446","17873","16120","7026","1480","44","3142","10045","10344","5370","988","128","4304","7828","5776","1656","492"
"2019","1","A","골목상권","1000047","퇴계로56길","30673","15330","15343","134","6878","8290","7158","5853","2360","41","3518","5058","3927","1941","845","93","3360","3232","3231","3912","1515"
"2019","1","A","골목상권","1000046","퇴계로46길","13011","7574","5437","50","1857","3346","3560","2724","1474","24","707","1759","2198","1842","1044","26","1150","1587","1362","882","430"
"2019","1","A","골목상권","1000045","퇴계로18길","36728","15290","21438","112","6361","12640","10809","5454","1352","35","1904","5076","4316","3189","770","77","4457","7564","6493","2265","582"
"2019","1","A","골목상권","1000044","퇴계로12길","27804","13761","14043","98","4461","9678","8145","4306","1116","39","1497","4410","4018","3095","702","59","2964","5268","4127","1211","414"
"2019","1","A","골목상권","1000043","청구로1길","4470","2410","2060","13","1096","1320","986","693","362","6","431","816","596","358","203","7","665","504","390","335","159"
"2019","1","A","골목상권","1000042","청구로17길","13278","6709","6569","74","4024","3708","2549","1866","1057","32","1533","2038","1559","952","595","42","2491","1670","990","914","462"
"2019","1","A","골목상권","1000041","장충단로8길","8955","5290","3665","22","1837","2602","2132","1562","800","4","745","1535","1443","1027","536","18","1092","1067","689","535","264"
"2019","1","A","골목상권","1000040","삼일대로4길","75486","37420","38066","858","16309","23343","20094","10289","4593","370","6478","10754","10646","6268","2904","488","9831","12589","9448","4021","1689"
"2019","1","A","골목상권","1000039","명동길","159325","79755","79570","780","39434","52745","38177","20502","7687","276","14570","24756","22083","13428","4642","504","24864","27989","16094","7074","3045"
"2019","1","A","골목상권","1000038","동호로8길","7383","3315","4068","72","2086","1808","1382","1174","861","32","714","853","717","519","480","40","1372","955","665","655","381"
"2019","1","A","골목상권","1000037","동호로20길","13400","7311","6089","63","3637","3864","2826","1940","1070","26","1448","2253","1862","1091","631","37","2189","1611","964","849","439"
"2019","1","A","골목상권","1000036","동호로15길","12874","6144","6730","81","3822","3467","2553","1858","1093","37","1397","1655","1420","987","648","44","2425","1812","1133","871","445"
"2019","1","A","골목상권","1000035","동호로11길","8384","3931","4453","44","2517","2400","1727","1100","596","20","925","1131","929","584","342","24","1592","1269","798","516","254"
"2019","1","A","골목상권","1000034","동호로10길","9643","4691","4952","76","2514","2576","1962","1557","958","33","947","1392","1077","709","533","43","1567","1184","885","848","425"
"2019","1","A","골목상권","1000033","다산로39길","8877","4200","4677","29","1887","2713","2072","1404","772","12","691","1329","1041","698","429","17","1196","1384","1031","706","343"
"2019","1","A","골목상권","1000032","다산로38길","7667","3783","3884","28","1625","2293","1866","1228","627","10","572","1104","1020","677","400","18","1053","1189","846","551","227"
"2019","1","A","골목상권","1000031","다산로36길","2890","1388","1502","12","490","737","730","598","323","8","170","365","358","286","201","4","320","372","372","312","122"
"2019","1","A","골목상권","1000030","다산로33길","9534","4463","5071","36","1975","2754","2308","1631","830","11","697","1309","1168","811","467","25","1278","1445","1140","820","363"
"2019","1","A","골목상권","1000029","난계로21길","5013","2683","2330","52","866","986","961","1039","1109","43","375","564","569","528","604","9","491","422","392","511","505"
"2019","1","A","골목상권","1000028","난계로11길","4623","2344","2279","14","848","1186","1011","979","585","5","358","635","561","475","310","9","490","551","450","504","275"
"2019","1","A","골목상권","1000027","필운대로1길","6750","2908","3842","23","897","1110","1251","1789","1680","8","433","572","594","592","709","15","464","538","657","1197","971"
"2019","1","A","골목상권","1000026","평창길","1182","522","660","2","213","292","248","214","213","1","61","131","128","87","114","1","152","161","120","127","99"
"2019","1","A","골목상권","1000025","통일로12길","1565","613","952","2","277","356","343","339","248","1","57","112","141","148","154","1","220","244","202","191","94"
"2019","1","A","골목상권","1000024","창신길","1338","451","887","0","206","295","319","342","176","0","47","99","133","112","60","0","159","196","186","230","116"
"2019","1","A","골목상권","1000023","창신5길","2536","962","1574","6","307","548","750","568","357","2","87","190","255","236","192","4","220","358","495","332","165"
"2019","1","A","골목상권","1000022","창신2길","2332","1155","1177","5","298","524","602","541","362","3","101","284","317","253","197","2","197","240","285","288","165"
"2019","1","A","골목상권","1000021","창경궁로35길","2381","1231","1150","18","395","530","575","526","337","9","126","241","305","310","240","9","269","289","270","216","97"
"2019","1","A","골목상권","1000020","지봉로8길","3025","1269","1756","12","412","684","843","642","432","4","151","265","304","279","266","8","261","419","539","363","166"
"2019","1","A","골목상권","1001010","풍성로37가길","3206","1627","1579","9","447","730","800","740","480","5","192","403","393","342","292","4","255","327","407","398","188"
"2019","1","A","골목상권","1001009","천호옛길","7256","3545","3711","25","1019","1751","1659","1605","1197","12","374","758","732","851","818","13","645","993","927","754","379"
"2019","1","A","골목상권","1001008","천호옛14길","5733","2584","3149","37","1380","1518","1268","930","600","11","465","775","592","394","347","26","915","743","676","536","253"
"2019","1","A","골목상권","1001007","천호대로219길","19289","15615","3674","8","2139","8097","5185","2988","872","6","1304","6553","4584","2675","493","2","835","1544","601","313","379"
"2019","1","A","골목상권","1001006","천호대로197길","2483","1357","1126","4","255","546","608","542","528","3","125","327","306","260","336","1","130","219","302","282","192"
"2019","1","A","골목상권","1001005","천호대로187길","6880","3270","3610","14","1079","1633","1511","1525","1118","8","446","878","786","555","597","6","633","755","725","970","521"
"2019","1","A","골목상권","1001004","천호대로170길","6685","3501","3184","12","1146","1782","1631","1269","845","8","387","931","942","675","558","4","759","851","689","594","287"
"2019","1","A","골목상권","1001003","천호대로162길","6100","3095","3005","25","1257","1650","1467","980","721","6","451","946","838","460","394","19","806","704","629","520","327"
"2019","1","A","골목상권","1001002","천중로51길","4107","1979","2128","16","498","829","966","888","910","9","163","422","474","401","510","7","335","407","492","487","400"
"2019","1","A","골목상권","1001001","천중로39길","4166","2116","2050","19","471","835","1015","971","855","11","167","440","509","462","527","8","304","395","506","509","328"
"2019","1","A","골목상권","1001000","진황도로47길","5739","2640","3099","17","764","1192","1325","1384","1057","8","326","603","655","485","563","9","438","589","670","899","494"
"2019","1","A","골목상권","1000999","진황도로27길","6676","3348","3328","23","1148","1730","1624","1286","865","10","355","849","901","663","570","13","793","881","723","623","295"
"2019","1","A","골목상권","1000998","올림픽로98길","2741","1248","1493","5","355","536","709","670","466","2","150","287","335","229","245","3","205","249","374","441","221"
"2019","1","A","골목상권","1000997","올림픽로80길","2999","1319","1680","8","445","568","751","753","474","4","157","269","320","286","283","4","288","299","431","467","191"
"2019","1","A","골목상권","1000019","종로65길","5653","2860","2793","12","547","870","1149","1260","1815","5","210","458","570","563","1054","7","337","412","579","697","761"
"2019","1","A","골목상권","1000018","종로58가길","4398","1862","2536","13","707","1208","1164","790","516","5","269","482","423","379","304","8","438","726","741","411","212"
"2019","1","A","골목상권","1000017","종로24길","12506","7735","4771","50","1580","2557","3133","2975","2211","14","675","1562","1998","1871","1615","36","905","995","1135","1104","596"
"2019","1","A","골목상권","1000016","자하문로7길","11104","5822","5282","24","1946","2629","2223","2376","1906","8","1084","1620","1289","983","838","16","862","1009","934","1393","1068"
"2019","1","A","골목상권","1000995","올림픽로77길","3521","1763","1758","8","492","696","821","788","716","3","172","347","415","368","458","5","320","349","406","420","258"
"2019","1","A","골목상권","1000014","율곡로16길","23379","10648","12731","49","4963","7724","5513","3807","1323","20","1378","3027","2916","2396","911","29","3585","4697","2597","1411","412"
"2019","1","A","골목상권","1000013","율곡로10길","27532","20919","6613","54","4763","9468","6973","4757","1517","16","2332","7458","5804","4137","1172","38","2431","2010","1169","620","345"
"2019","1","A","골목상권","1000012","옥인길","1899","862","1037","2","374","571","448","340","164","0","135","286","198","158","85","2","239","285","250","182","79"
"2019","1","A","골목상권","1000011","숭인동길","6847","3368","3479","34","860","1186","1330","1398","2039","10","283","589","680","621","1185","24","577","597","650","777","854"
"2019","1","A","골목상권","1000010","성균관로5길","14045","4934","9111","15","3495","4890","2902","1963","780","8","846","1502","1116","956","506","7","2649","3388","1786","1007","274"
"2019","1","A","골목상권","1000009","삼청로5길","5338","3444","1894","4","988","1637","1431","996","282","4","569","1048","996","673","154","0","419","589","435","323","128"
"2019","1","A","골목상권","1000008","북촌로5나길","5645","3612","2033","3","1012","1805","1516","1032","277","3","587","1122","1039","700","161","0","425","683","477","332","116"
"2019","1","A","골목상권","1000007","북촌로5길","7360","4379","2981","54","1670","2325","1800","1094","417","22","853","1442","1198","639","225","32","817","883","602","455","192"
"2019","1","A","골목상권","1000006","북촌로11길","22845","18760","4085","44","3018","8643","6156","4179","805","19","1832","7182","5392","3737","598","25","1186","1461","764","442","207"
"2019","1","A","골목상권","1000005","백석동길","1820","994","826","5","359","564","456","283","153","5","104","306","309","170","100","0","255","258","147","113","53"
"2019","1","A","골목상권","1000004","명륜길","2196","1194","1002","5","303","557","549","506","276","3","91","242","312","324","222","2","212","315","237","182","54"
"2019","1","A","골목상권","1000003","돈화문로11가길","44890","32318","12572","172","7794","14982","11414","7764","2764","90","3651","10986","9214","6404","1973","82","4143","3996","2200","1360","791"
"2019","1","A","골목상권","1000002","난계로27길","13270","6153","7117","76","1514","2777","3573","3072","2258","51","645","1518","1549","1210","1180","25","869","1259","2024","1862","1078"
"2019","1","A","골목상권","1000996","올림픽로78길","3217","1496","1721","10","491","583","718","730","685","5","158","277","323","304","429","5","333","306","395","426","256"